"GAT_practice_attempt","GAT_practice_passed","acc","accuracy","average_response_time","avg_rt","background","canvas_backend","clock_backend","color_backend","compensation","coordinates","correct","correct_EEG_instructions_en","correct_GAT_practice_response","correct_GAT_response","correct_continue_c","correct_experiment_instructions_1_en","correct_experiment_instructions_2_en","correct_grammaticality_judgement_response","correct_response","correct_welcome_en","count_EEG_OK","count_EEG_OK_en","count_EEG_check","count_EEG_check_en","count_EEG_instructions","count_EEG_instructions_en","count_EEG_preparation","count_EEG_trigger_setup","count_EXPERIMENT","count_GAT","count_GAT_practice","count_GAT_practice_failed","count_GAT_practice_failed_en","count_GAT_practice_instructions","count_GAT_practice_instructions_en","count_GAT_practice_loop","count_GAT_practice_over","count_GAT_practice_over_en","count_GAT_practice_response","count_GAT_practice_sequence","count_GAT_response","count_GAT_sequence","count_GENDER_ASSIGNMENT_TASK","count_ISI","count_Session6","count_adjust_word3_ISI","count_adjust_word4_ISI","count_apply_word3_duration","count_apply_word4_duration","count_break_50_trials","count_break_50_trials_en","count_conditional_ISI","count_continue_c","count_end_of_session","count_end_of_session_en","count_experiment_ISI","count_experiment_end_trigger","count_experiment_instructions","count_experiment_instructions_1","count_experiment_instructions_1_en","count_experiment_instructions_2","count_experiment_instructions_2_en","count_experiment_loop","count_experiment_sequence","count_experiment_start_trigger","count_feedback_correct","count_feedback_incorrect","count_fixation","count_fixation_trigger","count_grammaticality_judgement_response","count_grammaticality_judgement_screen","count_increase_trial","count_initialise_variables","count_intertrial_interval","count_intertrial_interval_duration","count_logger","count_message_for_experimenter","count_null_GAT_practice_variables","count_participant_parameters","count_practice_word","count_process_GAT_practice_results","count_process_GAT_response","count_process_beginning","count_repeat_GAT_practice","count_reset_accuracy","count_select_beginning","count_selected_tasks","count_send_trial_end_triggers","count_send_word3_triggers","count_send_word4_triggers","count_session","count_session_end_time","count_session_start_time","count_set_GAT_part","count_set_GAT_practice_attempt_1","count_set_GAT_practice_attempt_2","count_set_experiment_part","count_stop_recording","count_study_site","count_warn_inactive_tasks","count_warn_inactive_tasks_en","count_welcome","count_welcome_en","count_word","count_word1","count_word10","count_word2","count_word3","count_word4","count_word5","count_word6","count_word7","count_word8","count_word9","cursor_roi","cursor_x","cursor_y","datetime","delay_intertrial_interval_duration","description","disable_garbage_collection","experiment","experiment_file","experiment_list","experiment_path","first_part","font_bold","font_family","font_italic","font_size","font_underline","foreground","form_clicks","form_response","frequency","fullscreen","gender","gender_assignment_task","grammatical_property","grammatical_property_trigger","grammaticality","grammaticality_trigger","height","keyboard_backend","language","letters","list","live_row","live_row_experiment_loop","logfile","materials_version","mouse_backend","noun_adj_ID","noun_origin","number","opensesame_codename","opensesame_version","repeat_cycle","response","response_EEG_instructions","response_EEG_instructions_en","response_GAT_practice_failed","response_GAT_practice_failed_en","response_GAT_practice_instructions","response_GAT_practice_instructions_en","response_GAT_practice_over","response_GAT_practice_over_en","response_GAT_practice_response","response_GAT_response","response_break_50_trials","response_break_50_trials_en","response_continue_c","response_experiment_instructions_1","response_experiment_instructions_1_en","response_experiment_instructions_2","response_experiment_instructions_2_en","response_grammaticality_judgement_response","response_time","response_time_EEG_instructions","response_time_EEG_instructions_en","response_time_GAT_practice_failed","response_time_GAT_practice_failed_en","response_time_GAT_practice_instructions","response_time_GAT_practice_instructions_en","response_time_GAT_practice_over","response_time_GAT_practice_over_en","response_time_GAT_practice_response","response_time_GAT_response","response_time_break_50_trials","response_time_break_50_trials_en","response_time_continue_c","response_time_experiment_instructions_1","response_time_experiment_instructions_1_en","response_time_experiment_instructions_2","response_time_experiment_instructions_2_en","response_time_grammaticality_judgement_response","response_time_welcome","response_time_welcome_en","response_welcome","response_welcome_en","round_decimals","sampler_backend","sentence","sentence_trigger","session","session_end_time","session_part","session_start_time","sound_buf_size","sound_channels","sound_freq","sound_sample_size","start","study_site","subject_nr","subject_parity","target_word_location","target_word_trigger","task_part","test_mode","time_EEG_OK","time_EEG_OK_en","time_EEG_check","time_EEG_check_en","time_EEG_instructions","time_EEG_instructions_en","time_EEG_preparation","time_EEG_trigger_setup","time_EXPERIMENT","time_GAT","time_GAT_practice","time_GAT_practice_failed","time_GAT_practice_failed_en","time_GAT_practice_instructions","time_GAT_practice_instructions_en","time_GAT_practice_loop","time_GAT_practice_over","time_GAT_practice_over_en","time_GAT_practice_response","time_GAT_practice_sequence","time_GAT_response","time_GAT_sequence","time_GENDER_ASSIGNMENT_TASK","time_ISI","time_Session6","time_adjust_word3_ISI","time_adjust_word4_ISI","time_apply_word3_duration","time_apply_word4_duration","time_break_50_trials","time_break_50_trials_en","time_conditional_ISI","time_continue_c","time_end_of_session","time_end_of_session_en","time_experiment_ISI","time_experiment_end_trigger","time_experiment_instructions","time_experiment_instructions_1","time_experiment_instructions_1_en","time_experiment_instructions_2","time_experiment_instructions_2_en","time_experiment_loop","time_experiment_sequence","time_experiment_start_trigger","time_feedback_correct","time_feedback_incorrect","time_fixation","time_fixation_trigger","time_grammaticality_judgement_response","time_grammaticality_judgement_screen","time_increase_trial","time_initialise_variables","time_intertrial_interval","time_intertrial_interval_duration","time_logger","time_message_for_experimenter","time_null_GAT_practice_variables","time_participant_parameters","time_practice_word","time_process_GAT_practice_results","time_process_GAT_response","time_process_beginning","time_repeat_GAT_practice","time_reset_accuracy","time_select_beginning","time_selected_tasks","time_send_trial_end_triggers","time_send_word3_triggers","time_send_word4_triggers","time_session","time_session_end_time","time_session_start_time","time_set_GAT_part","time_set_GAT_practice_attempt_1","time_set_GAT_practice_attempt_2","time_set_experiment_part","time_stop_recording","time_study_site","time_warn_inactive_tasks","time_warn_inactive_tasks_en","time_welcome","time_welcome_en","time_word","time_word1","time_word10","time_word2","time_word3","time_word4","time_word5","time_word6","time_word7","time_word8","time_word9","title","total_correct","total_response_time","total_responses","total_trials","trial","uniform_coordinates","verb_noun_ID","verb_type","width","word","word1","word10","word10_duration","word1_duration","word2","word2_duration","word3","word3_duration","word4","word4_duration","word5","word5_duration","word6","word6_duration","word7","word7_duration","word8","word8_duration","word9","word9_duration"
"NA","NA","20","20","69453.2","69453.2","#242424","xpyriment","legacy","legacy","0","uniform","1","undefined","NA","NA","0","undefined","undefined","1","left_button","undefined","0","0","0","0","0","0","0","0","0","0","0","NA","NA","0","0","1","NA","NA","NA","NA","NA","NA","0","NA","0","0","0","0","0","NA","NA","1","8","0","0","6","0","0","0","0","0","0","0","0","0","NA","NA","0","0","0","0","0","3","0","0","1","0","0","0","NA","1","NA","0","0","3","0","0","0","0","0","0","0","0","0","0","0","0","0","0","NA","NA","0","0","NA","0","NA","0","0","0","0","0","0","0","NA","undefined","514","-298","Thu Oct  3 17:47:30 2024","762","The main experiment item","yes","active","Norway_Session_6.osexp","1","C:\Users\Tromso\Desktop\LESS\Session 6","no","no","mono","no","18","no","white","no","Click to confirm or to begin from default part if nothing selected","NA","yes","neuter","active","gender agreement","1","grammatical","101","768","legacy","Mini-English","NA","List 1: grammatical, gender violation, number violation","0","0","C:/Users/Tromso/Desktop/LESS/Session 6/subject-9.csv","1.2.3","xpyriment","1913","NA","singular","Lentiform Loewenfeld","3.3.14","0","1","NA","space","NA","NA","NA","NA","NA","NA","NA","NA","NA","NA","c","NA","space","NA","space","1","495","NA","9282","NA","NA","NA","NA","NA","NA","NA","NA","NA","NA","90525","NA","10897","NA","110933","495","NA","8789","NA","space","2","legacy","Ze tray is goodezu and ze tie too.","188","Session 6","NA","Experiment","2024-10-03 17:47","1024","2","48000","-16","Session6","Norway","9","odd","word4","46","NA","no","NA","109138","NA","26086","NA","16799","16795","5935","16795","NA","NA","NA","NA","NA","NA","NA","NA","NA","NA","NA","NA","NA","NA","NA","5934","NA","243180","242028","242578","NA","NA","245496","26086","NA","NA","244040","NA","116646","NA","116649","NA","127550","238523","240019","238513","NA","NA","240042","240713","245748","245748","240019","16795","NA","NA","246245","NA","NA","5935","NA","NA","NA","7993","NA","NA","NA","7994","NA","NA","242533","5935","NA","5935","NA","NA","NA","16795","NA","5935","NA","NA","NA","8005","NA","240982","NA","241486","242028","242533","243283","243788","244394","245101","NA","Norway Session 6","1","347266","5","0","1","yes","","copula_be","1024","NA","Ze","","","250","tray","285","is","250","goodezu","350","and","250","ze","250","tie","250","too.","285","",""
"NA","NA","16.666666666666668","16.666666666666668","58027.666666666664","58027.666666666664","#242424","xpyriment","legacy","legacy","0","uniform","0","undefined","NA","NA","0","undefined","undefined","0","right_button","undefined","0","0","0","0","0","0","0","0","0","0","0","NA","NA","0","0","1","NA","NA","NA","NA","NA","NA","0","NA","0","1","1","1","1","NA","NA","3","8","0","0","13","0","0","0","0","0","0","0","1","0","NA","NA","1","1","1","1","1","3","1","1","2","0","0","0","NA","1","NA","0","0","3","0","0","1","1","1","0","0","0","0","0","0","0","0","0","NA","NA","0","0","NA","1","NA","1","1","1","1","1","1","1","NA","undefined","514","-298","Thu Oct  3 17:47:30 2024","742","The main experiment item","yes","active","Norway_Session_6.osexp","1","C:\Users\Tromso\Desktop\LESS\Session 6","no","no","mono","no","18","no","white","no","Click to confirm or to begin from default part if nothing selected","NA","yes","","active","verb-object agreement","3","article location violation","103","768","legacy","Mini-English","NA","List 1: grammatical, VOA violation, article location violation","1","1","C:/Users/Tromso/Desktop/LESS/Session 6/subject-9.csv","1.2.3","xpyriment","","NA","singular","Lentiform Loewenfeld","3.3.14","0","1","NA","space","NA","NA","NA","NA","NA","NA","NA","NA","NA","NA","c","NA","space","NA","space","1","900","NA","9282","NA","NA","NA","NA","NA","NA","NA","NA","NA","NA","90525","NA","10897","NA","110933","900","NA","8789","NA","space","2","legacy","Amelia spoiled fi zepool but not fi zemug.","253","Session 6","NA","Experiment","2024-10-03 17:47","1024","2","48000","-16","Session6","Norway","9","odd","word4","51","NA","no","NA","109138","NA","26086","NA","16799","16795","5935","16795","NA","NA","NA","NA","NA","NA","NA","NA","NA","NA","NA","NA","NA","NA","NA","5934","NA","251860","250740","251293","NA","NA","254314","26086","NA","NA","252756","NA","116646","NA","116649","NA","127550","238523","248521","238513","NA","NA","248542","249213","254567","254567","248521","16795","246327","246328","255467","NA","NA","5935","NA","NA","NA","7993","NA","NA","NA","7994","246311","NA","251246","5935","NA","5935","NA","NA","NA","16795","NA","5935","NA","NA","NA","8005","NA","249484","NA","250095","250740","251246","251998","252504","253134","253862","NA","Norway Session 6","1","348166","6","0","2","yes","1612","","1024","NA","Amelia","","","355","spoiled","390","fi","250","zepool","315","but","250","not","250","fi","250","zemug.","355","",""
"NA","NA","28.571428571428573","28.571428571428573","49941.857142857145","49941.857142857145","#242424","xpyriment","legacy","legacy","0","uniform","1","undefined","NA","NA","0","undefined","undefined","1","left_button","undefined","0","0","0","0","0","0","0","0","0","0","0","NA","NA","0","0","1","NA","NA","NA","NA","NA","NA","0","NA","0","2","2","2","2","NA","NA","7","8","0","0","20","0","0","0","0","0","0","0","2","0","NA","NA","2","2","2","2","2","3","2","2","3","0","0","0","NA","1","NA","0","0","3","0","0","2","2","2","0","0","0","0","0","0","0","0","0","NA","NA","0","0","NA","2","0","2","2","2","2","2","2","2","0","undefined","513","-297","Thu Oct  3 17:47:30 2024","760","The main experiment item","yes","active","Norway_Session_6.osexp","1","C:\Users\Tromso\Desktop\LESS\Session 6","no","no","mono","no","18","no","white","no","Click to confirm or to begin from default part if nothing selected","NA","yes","","active","differential object marking","2","grammatical","101","768","legacy","Mini-English","NA","List 1: grammatical, DOM violation, article location violation","2","2","C:/Users/Tromso/Desktop/LESS/Session 6/subject-9.csv","1.2.3","xpyriment","","NA","singular","Lentiform Loewenfeld","3.3.14","0","1","NA","space","NA","NA","NA","NA","NA","NA","NA","NA","NA","NA","c","NA","space","NA","space","1","1427","NA","9282","NA","NA","NA","NA","NA","NA","NA","NA","NA","NA","90525","NA","10897","NA","110933","1427","NA","8789","NA","space","2","legacy","Emily wetted fi ze tray but not fi je box.","227","Session 6","NA","Experiment","2024-10-03 17:47","1024","2","48000","-16","Session6","Norway","9","odd","word4","49","NA","no","NA","109138","NA","26086","NA","16799","16795","5935","16795","NA","NA","NA","NA","NA","NA","NA","NA","NA","NA","NA","NA","NA","NA","NA","5934","NA","260792","259777","260329","NA","NA","264764","26086","NA","NA","261828","NA","116646","NA","116649","NA","127550","238523","257628","238513","NA","NA","257650","258321","265016","265016","257629","16795","255485","255485","266443","NA","NA","5935","NA","NA","NA","7993","NA","NA","NA","7994","255472","NA","260283","5935","NA","5935","NA","NA","NA","16795","NA","5935","NA","NA","NA","8005","NA","258591","264365","259167","259777","260283","261035","261575","262213","262919","263641","Norway Session 6","2","349593","7","0","3","yes","1419","","1024","NA","Emily","box.","285","320","wetted","355","fi","250","ze","210","tray","285","but","250","not","250","fi","250","je","250"
"NA","NA","25","25","43977.375","43977.375","#242424","xpyriment","legacy","legacy","0","uniform","0","undefined","NA","NA","0","undefined","undefined","0","right_button","undefined","0","0","0","0","0","0","0","0","0","0","0","NA","NA","0","0","1","NA","NA","NA","NA","NA","NA","0","NA","0","3","3","3","3","NA","NA","9","8","0","0","27","0","0","0","0","0","0","0","3","0","NA","NA","3","3","3","3","3","3","3","3","4","0","0","0","NA","1","NA","0","0","3","0","0","3","3","3","0","0","0","0","0","0","0","0","0","NA","NA","0","0","NA","3","0","3","3","3","3","3","3","3","0","undefined","513","-288","Thu Oct  3 17:47:30 2024","768","The main experiment item","yes","active","Norway_Session_6.osexp","1","C:\Users\Tromso\Desktop\LESS\Session 6","no","no","mono","no","18","no","white","no","Click to confirm or to begin from default part if nothing selected","NA","yes","","active","differential object marking","2","DOM violation","102","768","legacy","Mini-English","NA","List 1: grammatical, DOM violation, article location violation","3","3","C:/Users/Tromso/Desktop/LESS/Session 6/subject-9.csv","1.2.3","xpyriment","","NA","singular","Lentiform Loewenfeld","3.3.14","0","1","NA","space","NA","NA","NA","NA","NA","NA","NA","NA","NA","NA","c","NA","space","NA","space","1","2226","NA","9282","NA","NA","NA","NA","NA","NA","NA","NA","NA","NA","90525","NA","10897","NA","110933","2226","NA","8789","NA","space","2","legacy","Charlie dirtied je box but not ze letter.","197","Session 6","NA","Experiment","2024-10-03 17:47","1024","2","48000","-16","Session6","Norway","9","odd","word3","47","NA","no","NA","109138","NA","26086","NA","16799","16795","5935","16795","NA","NA","NA","NA","NA","NA","NA","NA","NA","NA","NA","NA","NA","NA","NA","5934","271457","260792","270994","271699","NA","NA","274555","26086","NA","NA","272962","NA","116646","NA","116649","NA","127550","238523","268696","238513","NA","NA","268718","269389","274809","274808","268696","16795","266462","266462","277036","NA","NA","5935","NA","NA","NA","7993","NA","NA","NA","7994","266448","270948","260283","5935","NA","5935","NA","NA","NA","16795","NA","5935","NA","NA","NA","8005","NA","269657","264365","270301","270948","271699","272204","272709","273336","274054","263641","Norway Session 6","2","351819","8","0","4","yes","814","","1024","NA","Charlie","","","390","dirtied","390","je","210","box","250","but","250","not","250","ze","250","letter.","390","",""
"NA","NA","33.333333333333336","33.333333333333336","39391.11111111111","39391.11111111111","#242424","xpyriment","legacy","legacy","0","uniform","1","undefined","NA","NA","0","undefined","undefined","1","left_button","undefined","0","0","0","0","0","0","0","0","0","0","0","NA","NA","0","0","1","NA","NA","NA","NA","NA","NA","0","NA","0","4","4","4","4","NA","NA","13","8","0","0","34","0","0","0","0","0","0","0","4","0","NA","NA","4","4","4","4","4","3","4","4","5","0","0","0","NA","1","NA","0","0","3","0","0","4","4","4","0","0","0","0","0","0","0","0","0","NA","NA","0","0","NA","4","1","4","4","4","4","4","4","4","1","undefined","513","-288","Thu Oct  3 17:47:30 2024","743","The main experiment item","yes","active","Norway_Session_6.osexp","1","C:\Users\Tromso\Desktop\LESS\Session 6","no","no","mono","no","18","no","white","no","Click to confirm or to begin from default part if nothing selected","NA","yes","","active","differential object marking","2","grammatical","101","768","legacy","Mini-English","NA","List 1: grammatical, DOM violation, article location violation","4","4","C:/Users/Tromso/Desktop/LESS/Session 6/subject-9.csv","1.2.3","xpyriment","","NA","singular","Lentiform Loewenfeld","3.3.14","0","1","NA","space","NA","NA","NA","NA","NA","NA","NA","NA","NA","NA","c","NA","space","NA","space","1","2701","NA","9282","NA","NA","NA","NA","NA","NA","NA","NA","NA","NA","90525","NA","10897","NA","110933","2701","NA","8789","NA","space","2","legacy","Jack dried fi je street and fi ze tray too.","118","Session 6","NA","Experiment","2024-10-03 17:47","1024","2","48000","-16","Session6","Norway","9","odd","word4","40","NA","no","NA","109138","NA","26086","NA","16799","16795","5935","16795","NA","NA","NA","NA","NA","NA","NA","NA","NA","NA","NA","NA","NA","NA","NA","5934","271457","282229","281213","281765","NA","NA","286249","26086","NA","NA","283334","NA","116646","NA","116649","NA","127550","238523","279135","238513","NA","NA","279157","279827","286502","286502","279135","16795","277054","277054","289204","NA","NA","5935","NA","NA","NA","7993","NA","NA","NA","7994","277040","270948","281719","5935","NA","5935","NA","NA","NA","16795","NA","5935","NA","NA","NA","8005","NA","280096","285855","280637","281213","281718","282472","283082","283679","284402","285112","Norway Session 6","3","354520","9","0","5","yes","131","","1024","NA","Jack","too.","285","285","dried","320","fi","250","je","210","street","355","and","250","fi","250","ze","250","tray","285"
"NA","NA","30","30","35767.8","35767.8","#242424","xpyriment","legacy","legacy","0","uniform","0","undefined","NA","NA","0","undefined","undefined","0","right_button","undefined","0","0","0","0","0","0","0","0","0","0","0","NA","NA","0","0","1","NA","NA","NA","NA","NA","NA","0","NA","0","5","5","5","5","NA","NA","15","8","0","0","41","0","0","0","0","0","0","0","5","0","NA","NA","5","5","5","5","5","3","5","5","6","0","0","0","NA","1","NA","0","0","3","0","0","5","5","5","0","0","0","0","0","0","0","0","0","NA","NA","0","0","NA","5","1","5","5","5","5","5","5","5","1","undefined","513","-288","Thu Oct  3 17:47:30 2024","751","The main experiment item","yes","active","Norway_Session_6.osexp","1","C:\Users\Tromso\Desktop\LESS\Session 6","no","no","mono","no","18","no","white","no","Click to confirm or to begin from default part if nothing selected","NA","yes","","active","differential object marking","2","DOM violation","102","768","legacy","Mini-English","NA","List 1: grammatical, DOM violation, article location violation","5","5","C:/Users/Tromso/Desktop/LESS/Session 6/subject-9.csv","1.2.3","xpyriment","","NA","singular","Lentiform Loewenfeld","3.3.14","0","1","NA","space","NA","NA","NA","NA","NA","NA","NA","NA","NA","NA","c","NA","space","NA","space","1","3158","NA","9282","NA","NA","NA","NA","NA","NA","NA","NA","NA","NA","90525","NA","10897","NA","110933","3158","NA","8789","NA","space","2","legacy","Oliver fixed je key but not ze letter.","132","Session 6","NA","Experiment","2024-10-03 17:47","1024","2","48000","-16","Session6","Norway","9","odd","word3","41","NA","no","NA","109138","NA","26086","NA","16799","16795","5935","16795","NA","NA","NA","NA","NA","NA","NA","NA","NA","NA","NA","NA","NA","NA","NA","5934","293962","282229","293498","294205","NA","NA","297035","26086","NA","NA","295469","NA","116646","NA","116649","NA","127550","238523","291304","238513","NA","NA","291326","291996","297292","297291","291304","16795","289226","289226","300451","NA","NA","5935","NA","NA","NA","7993","NA","NA","NA","7994","289211","293453","281719","5935","NA","5935","NA","NA","NA","16795","NA","5935","NA","NA","NA","8005","NA","292265","285855","292876","293453","294205","294710","295216","295831","296533","285112","Norway Session 6","3","357678","10","0","6","yes","152","","1024","NA","Oliver","","","355","fixed","320","je","210","key","250","but","250","not","250","ze","250","letter.","390","",""
"NA","NA","36.36363636363637","36.36363636363637","32745.18181818182","32745.18181818182","#242424","xpyriment","legacy","legacy","0","uniform","1","undefined","NA","NA","0","undefined","undefined","1","right_button","undefined","0","0","0","0","0","0","0","0","0","0","0","NA","NA","0","0","1","NA","NA","NA","NA","NA","NA","0","NA","0","6","6","6","6","NA","NA","17","8","0","0","48","0","0","0","0","0","0","0","6","0","NA","NA","6","6","6","6","6","3","6","6","7","0","0","0","NA","1","NA","0","0","3","0","0","6","6","6","0","0","0","0","0","0","0","0","0","NA","NA","0","0","NA","6","1","6","6","6","6","6","6","6","1","undefined","513","-288","Thu Oct  3 17:47:30 2024","722","The main experiment item","yes","active","Norway_Session_6.osexp","1","C:\Users\Tromso\Desktop\LESS\Session 6","no","no","mono","no","18","no","white","no","Click to confirm or to begin from default part if nothing selected","NA","yes","","active","differential object marking","2","article location violation","103","768","legacy","Mini-English","NA","List 1: grammatical, DOM violation, article location violation","6","6","C:/Users/Tromso/Desktop/LESS/Session 6/subject-9.csv","1.2.3","xpyriment","","NA","singular","Lentiform Loewenfeld","3.3.14","0","3","NA","space","NA","NA","NA","NA","NA","NA","NA","NA","NA","NA","c","NA","space","NA","space","3","2519","NA","9282","NA","NA","NA","NA","NA","NA","NA","NA","NA","NA","90525","NA","10897","NA","110933","2519","NA","8789","NA","space","2","legacy","Jacob provided fi zetable but not fi jesaucepan.","174","Session 6","NA","Experiment","2024-10-03 17:47","1024","2","48000","-16","Session6","Norway","9","odd","word4","45","NA","no","NA","109138","NA","26086","NA","16799","16795","5935","16795","NA","NA","NA","NA","NA","NA","NA","NA","NA","NA","NA","NA","NA","NA","NA","5934","293962","305875","304720","305272","NA","NA","308447","26086","NA","NA","306735","NA","116646","NA","116649","NA","127550","238523","302500","238513","NA","NA","302522","303193","308700","308699","302500","16795","300471","300471","311220","NA","NA","5935","NA","NA","NA","7993","NA","NA","NA","7994","300457","293453","305225","5935","NA","5935","NA","NA","NA","16795","NA","5935","NA","NA","NA","8005","NA","303463","285855","304039","304720","305225","305978","306483","307104","307809","285112","Norway Session 6","4","360197","11","0","7","yes","99","","1024","NA","Jacob","","","320","provided","425","fi","250","zetable","350","but","250","not","250","fi","250","jesaucepan.","530","",""
"NA","NA","41.666666666666664","41.666666666666664","30043.416666666668","30043.416666666668","#242424","xpyriment","legacy","legacy","0","uniform","1","undefined","NA","NA","0","undefined","undefined","1","right_button","undefined","0","0","0","0","0","0","0","0","0","0","0","NA","NA","0","0","1","NA","NA","NA","NA","NA","NA","0","NA","0","7","7","7","7","NA","NA","19","8","0","0","55","0","0","0","0","0","0","0","7","0","NA","NA","7","7","7","7","7","3","7","7","8","0","0","0","NA","1","NA","0","0","3","0","0","7","7","7","0","0","0","0","0","0","0","0","0","NA","NA","0","0","NA","7","1","7","7","7","7","7","7","7","1","undefined","513","-288","Thu Oct  3 17:47:30 2024","749","The main experiment item","yes","active","Norway_Session_6.osexp","1","C:\Users\Tromso\Desktop\LESS\Session 6","no","no","mono","no","18","no","white","no","Click to confirm or to begin from default part if nothing selected","NA","yes","","active","differential object marking","2","article location violation","103","768","legacy","Mini-English","NA","List 1: grammatical, DOM violation, article location violation","7","7","C:/Users/Tromso/Desktop/LESS/Session 6/subject-9.csv","1.2.3","xpyriment","","NA","singular","Lentiform Loewenfeld","3.3.14","0","3","NA","space","NA","NA","NA","NA","NA","NA","NA","NA","NA","NA","c","NA","space","NA","space","3","324","NA","9282","NA","NA","NA","NA","NA","NA","NA","NA","NA","NA","90525","NA","10897","NA","110933","324","NA","8789","NA","space","2","legacy","Harry fixed fi jesaucepan and fi zetable too.","216","Session 6","NA","Experiment","2024-10-03 17:47","1024","2","48000","-16","Session6","Norway","9","odd","word4","48","NA","no","NA","109138","NA","26086","NA","16799","16795","5935","16795","NA","NA","NA","NA","NA","NA","NA","NA","NA","NA","NA","NA","NA","NA","NA","5934","293962","305875","315403","315955","NA","NA","319026","26086","NA","NA","317424","NA","116646","NA","116649","NA","127550","238523","313289","238513","NA","NA","313311","313981","319279","319279","313289","16795","311238","311238","319604","NA","NA","5935","NA","NA","NA","7993","NA","NA","NA","7994","311224","293453","315909","5935","NA","5935","NA","NA","NA","16795","NA","5935","NA","NA","NA","8005","NA","314251","285855","314827","315403","315909","316667","317172","317765","318628","285112","Norway Session 6","5","360521","12","0","8","yes","1515","","1024","NA","Harry","","","320","fixed","320","fi","250","jesaucepan","455","and","250","fi","250","zetable","390","too.","285","",""
"NA","NA","38.46153846153846","38.46153846153846","28062.076923076922","28062.076923076922","#242424","xpyriment","legacy","legacy","0","uniform","0","undefined","NA","NA","0","undefined","undefined","0","right_button","undefined","0","0","0","0","0","0","0","0","0","0","0","NA","NA","0","0","1","NA","NA","NA","NA","NA","NA","0","NA","0","8","8","8","8","NA","NA","21","8","0","0","62","0","0","0","0","0","0","0","8","0","NA","NA","8","8","8","8","8","3","8","8","9","0","0","0","NA","1","NA","0","0","3","0","0","8","8","8","0","0","0","0","0","0","0","0","0","NA","NA","0","0","NA","8","1","8","8","8","8","8","8","8","1","undefined","513","-288","Thu Oct  3 17:47:30 2024","752","The main experiment item","yes","active","Norway_Session_6.osexp","1","C:\Users\Tromso\Desktop\LESS\Session 6","no","no","mono","no","18","no","white","no","Click to confirm or to begin from default part if nothing selected","NA","yes","neuter","active","gender agreement","1","gender violation","102","768","legacy","Mini-English","NA","List 1: grammatical, gender violation, number violation","8","8","C:/Users/Tromso/Desktop/LESS/Session 6/subject-9.csv","1.2.3","xpyriment","2317","NA","singular","Lentiform Loewenfeld","3.3.14","0","1","NA","space","NA","NA","NA","NA","NA","NA","NA","NA","NA","NA","c","NA","space","NA","space","1","4286","NA","9282","NA","NA","NA","NA","NA","NA","NA","NA","NA","NA","90525","NA","10897","NA","110933","4286","NA","8789","NA","space","2","legacy","Ze candle is yelloweju and ze strawberry too.","240","Session 6","NA","Experiment","2024-10-03 17:47","1024","2","48000","-16","Session6","Norway","9","odd","word4","50","NA","no","NA","109138","NA","26086","NA","16799","16795","5935","16795","NA","NA","NA","NA","NA","NA","NA","NA","NA","NA","NA","NA","NA","NA","NA","5934","293962","324996","323771","324322","NA","NA","327504","26086","NA","NA","325788","NA","116646","NA","116649","NA","127550","238523","321693","238513","NA","NA","321716","322386","327757","327757","321693","16795","319622","319622","332044","NA","NA","5935","NA","NA","NA","7993","NA","NA","NA","7994","319608","293453","324277","5935","NA","5935","NA","NA","NA","16795","NA","5935","NA","NA","NA","8005","NA","322656","285855","323161","323771","324277","325029","325535","326146","327108","285112","Norway Session 6","5","364807","13","0","9","yes","","copula_be","1024","NA","Ze","","","250","candle","355","is","250","yelloweju","420","and","250","ze","250","strawberry","495","too.","285","",""
"NA","NA","35.714285714285715","35.714285714285715","26305","26305","#242424","xpyriment","legacy","legacy","0","uniform","0","undefined","NA","NA","0","undefined","undefined","0","right_button","undefined","0","0","0","0","0","0","0","0","0","0","0","NA","NA","0","0","1","NA","NA","NA","NA","NA","NA","0","NA","0","9","9","9","9","NA","NA","23","8","0","0","69","0","0","0","0","0","0","0","9","0","NA","NA","9","9","9","9","9","3","9","9","10","0","0","0","NA","1","NA","0","0","3","0","0","9","9","9","0","0","0","0","0","0","0","0","0","NA","NA","0","0","NA","9","1","9","9","9","9","9","9","9","1","undefined","513","-287","Thu Oct  3 17:47:30 2024","749","The main experiment item","yes","active","Norway_Session_6.osexp","1","C:\Users\Tromso\Desktop\LESS\Session 6","no","no","mono","no","18","no","white","no","Click to confirm or to begin from default part if nothing selected","NA","yes","","active","verb-object agreement","3","article location violation","103","768","legacy","Mini-English","NA","List 1: grammatical, VOA violation, article location violation","9","9","C:/Users/Tromso/Desktop/LESS/Session 6/subject-9.csv","1.2.3","xpyriment","","NA","singular","Lentiform Loewenfeld","3.3.14","0","1","NA","space","NA","NA","NA","NA","NA","NA","NA","NA","NA","NA","c","NA","space","NA","space","1","3463","NA","9282","NA","NA","NA","NA","NA","NA","NA","NA","NA","NA","90525","NA","10897","NA","110933","3463","NA","8789","NA","space","2","legacy","Jacob wetted fi zepool but not fi jetruck.","251","Session 6","NA","Experiment","2024-10-03 17:47","1024","2","48000","-16","Session6","Norway","9","odd","word4","51","NA","no","NA","109138","NA","26086","NA","16799","16795","5935","16795","NA","NA","NA","NA","NA","NA","NA","NA","NA","NA","NA","NA","NA","NA","NA","5934","293962","337404","336282","336835","NA","NA","339966","26086","NA","NA","338300","NA","116646","NA","116649","NA","127550","238523","334132","238513","NA","NA","334155","334825","340220","340219","334132","16795","332062","332062","343684","NA","NA","5935","NA","NA","NA","7993","NA","NA","NA","7994","332048","293453","336788","5935","NA","5935","NA","NA","NA","16795","NA","5935","NA","NA","NA","8005","NA","335095","285855","335671","336281","336788","337542","338048","338714","339432","285112","Norway Session 6","5","368270","14","0","10","yes","1412","","1024","NA","Jacob","","","320","wetted","355","fi","250","zepool","315","but","250","not","250","fi","250","jetruck.","425","",""
"NA","NA","40","40","24741.933333333334","24741.933333333334","#242424","xpyriment","legacy","legacy","0","uniform","1","undefined","NA","NA","0","undefined","undefined","1","left_button","undefined","0","0","0","0","0","0","0","0","0","0","0","NA","NA","0","0","1","NA","NA","NA","NA","NA","NA","0","NA","0","10","10","10","10","NA","NA","25","8","0","0","76","0","0","0","0","0","0","0","10","0","NA","NA","10","10","10","10","10","3","10","10","11","0","0","0","NA","1","NA","0","0","3","0","0","10","10","10","0","0","0","0","0","0","0","0","0","NA","NA","0","0","NA","10","1","10","10","10","10","10","10","10","1","undefined","514","-279","Thu Oct  3 17:47:30 2024","765","The main experiment item","yes","active","Norway_Session_6.osexp","1","C:\Users\Tromso\Desktop\LESS\Session 6","no","no","mono","no","18","no","white","no","Click to confirm or to begin from default part if nothing selected","NA","yes","neuter","active","gender agreement","1","grammatical","101","768","legacy","Mini-English","NA","List 1: grammatical, gender violation, number violation","10","10","C:/Users/Tromso/Desktop/LESS/Session 6/subject-9.csv","1.2.3","xpyriment","197","NA","singular","Lentiform Loewenfeld","3.3.14","0","1","NA","space","NA","NA","NA","NA","NA","NA","NA","NA","NA","NA","c","NA","space","NA","space","1","2859","NA","9282","NA","NA","NA","NA","NA","NA","NA","NA","NA","NA","90525","NA","10897","NA","110933","2859","NA","8789","NA","space","2","legacy","Ze tray is lightezu and ze candle too.","116","Session 6","NA","Experiment","2024-10-03 17:47","1024","2","48000","-16","Session6","Norway","9","odd","word4","40","NA","no","NA","109138","NA","26086","NA","16799","16795","5935","16795","NA","NA","NA","NA","NA","NA","NA","NA","NA","NA","NA","NA","NA","NA","NA","5934","293962","349064","347875","348425","NA","NA","351435","26086","NA","NA","349890","NA","116646","NA","116649","NA","127550","238523","345866","238513","NA","NA","345889","346559","351688","351688","345867","16795","343706","343706","354548","NA","NA","5935","NA","NA","NA","7993","NA","NA","NA","7994","343691","293453","348381","5935","NA","5935","NA","NA","NA","16795","NA","5935","NA","NA","NA","8005","NA","346829","285855","347335","347875","348379","349132","349638","350236","351045","285112","Norway Session 6","6","371129","15","0","11","yes","","copula_be","1024","NA","Ze","","","250","tray","285","is","250","lightezu","385","and","250","ze","250","candle","355","too.","285","",""
"NA","NA","43.75","43.75","23441.9375","23441.9375","#242424","xpyriment","legacy","legacy","0","uniform","1","undefined","NA","NA","0","undefined","undefined","1","right_button","undefined","0","0","0","0","0","0","0","0","0","0","0","NA","NA","0","0","1","NA","NA","NA","NA","NA","NA","0","NA","0","11","11","11","11","NA","NA","29","8","0","0","83","0","0","0","0","0","0","0","11","0","NA","NA","11","11","11","11","11","3","11","11","12","0","0","0","NA","1","NA","0","0","3","0","0","11","11","11","0","0","0","0","0","0","0","0","0","NA","NA","0","0","NA","11","2","11","11","11","11","11","11","11","2","undefined","514","-279","Thu Oct  3 17:47:30 2024","737","The main experiment item","yes","active","Norway_Session_6.osexp","1","C:\Users\Tromso\Desktop\LESS\Session 6","no","no","mono","no","18","no","white","no","Click to confirm or to begin from default part if nothing selected","NA","yes","","active","verb-object agreement","3","VOA violation","102","768","legacy","Mini-English","NA","List 1: grammatical, VOA violation, article location violation","11","11","C:/Users/Tromso/Desktop/LESS/Session 6/subject-9.csv","1.2.3","xpyriment","","NA","plural","Lentiform Loewenfeld","3.3.14","0","3","NA","space","NA","NA","NA","NA","NA","NA","NA","NA","NA","NA","c","NA","space","NA","space","3","3942","NA","9282","NA","NA","NA","NA","NA","NA","NA","NA","NA","NA","90525","NA","10897","NA","110933","3942","NA","8789","NA","space","2","legacy","Ava chose fi jer truck and fi zer letter too.","164","Session 6","NA","Experiment","2024-10-03 17:47","1024","2","48000","-16","Session6","Norway","9","odd","word4","44","NA","no","NA","109138","NA","26086","NA","16799","16795","5935","16795","NA","NA","NA","NA","NA","NA","NA","NA","NA","NA","NA","NA","NA","NA","NA","5934","293962","359680","358664","359217","NA","NA","363760","26086","NA","NA","360751","NA","116646","NA","116649","NA","127550","238523","356618","238513","NA","NA","356640","357311","364013","364013","356619","16795","354566","354566","367956","NA","NA","5935","NA","NA","NA","7993","NA","NA","NA","7994","354553","293453","359171","5935","NA","5935","NA","NA","NA","16795","NA","5935","NA","NA","NA","8005","NA","357583","363371","358089","358664","359170","359923","360499","361104","361835","362563","Norway Session 6","7","375071","16","0","12","yes","115","","1024","NA","Ava","too.","285","250","chose","320","fi","250","jer","210","truck","320","and","250","fi","250","zer","250","letter","355"
"NA","NA","47.05882352941177","47.05882352941177","22305.764705882353","22305.764705882353","#242424","xpyriment","legacy","legacy","0","uniform","1","undefined","NA","NA","0","undefined","undefined","1","left_button","undefined","0","0","0","0","0","0","0","0","0","0","0","NA","NA","0","0","1","NA","NA","NA","NA","NA","NA","0","NA","0","12","12","12","12","NA","NA","31","8","0","0","90","0","0","0","0","0","0","0","12","0","NA","NA","12","12","12","12","12","3","12","12","13","0","0","0","NA","1","NA","0","0","3","0","0","12","12","12","0","0","0","0","0","0","0","0","0","NA","NA","0","0","NA","12","2","12","12","12","12","12","12","12","2","undefined","514","-279","Thu Oct  3 17:47:30 2024","758","The main experiment item","yes","active","Norway_Session_6.osexp","1","C:\Users\Tromso\Desktop\LESS\Session 6","no","no","mono","no","18","no","white","no","Click to confirm or to begin from default part if nothing selected","NA","yes","neuter","active","gender agreement","1","grammatical","101","768","legacy","Mini-English","NA","List 1: grammatical, gender violation, number violation","12","12","C:/Users/Tromso/Desktop/LESS/Session 6/subject-9.csv","1.2.3","xpyriment","2316","NA","plural","Lentiform Loewenfeld","3.3.14","0","1","NA","space","NA","NA","NA","NA","NA","NA","NA","NA","NA","NA","c","NA","space","NA","space","1","4127","NA","9282","NA","NA","NA","NA","NA","NA","NA","NA","NA","NA","90525","NA","10897","NA","110933","4127","NA","8789","NA","space","2","legacy","Zer candle look wetezur but zer leaf not.","228","Session 6","NA","Experiment","2024-10-03 17:47","1024","2","48000","-16","Session6","Norway","9","odd","word4","49","NA","no","NA","109138","NA","26086","NA","16799","16795","5935","16795","NA","NA","NA","NA","NA","NA","NA","NA","NA","NA","NA","NA","NA","NA","NA","5934","293962","373334","372144","372730","NA","NA","375686","26086","NA","NA","374194","NA","116646","NA","116649","NA","127550","238523","370068","238513","NA","NA","370090","370761","375940","375940","370069","16795","367974","367974","380068","NA","NA","5935","NA","NA","NA","7993","NA","NA","NA","7994","367960","293453","372685","5935","NA","5935","NA","NA","NA","16795","NA","5935","NA","NA","NA","8005","NA","371030","363371","371534","372144","372685","373436","373942","374550","375300","362563","Norway Session 6","8","379198","17","0","13","yes","","copula_look","1024","NA","Zer","","","250","candle","355","look","285","wetezur","350","but","250","zer","250","leaf","285","not.","285","",""
"NA","NA","50","50","21124.055555555555","21124.055555555555","#242424","xpyriment","legacy","legacy","0","uniform","1","undefined","NA","NA","0","undefined","undefined","1","right_button","undefined","0","0","0","0","0","0","0","0","0","0","0","NA","NA","0","0","1","NA","NA","NA","NA","NA","NA","0","NA","0","13","13","13","13","NA","NA","33","8","0","0","97","0","0","0","0","0","0","0","13","0","NA","NA","13","13","13","13","13","3","13","13","14","0","0","0","NA","1","NA","0","0","3","0","0","13","13","13","0","0","0","0","0","0","0","0","0","NA","NA","0","0","NA","13","2","13","13","13","13","13","13","13","2","undefined","514","-279","Thu Oct  3 17:47:30 2024","753","The main experiment item","yes","active","Norway_Session_6.osexp","1","C:\Users\Tromso\Desktop\LESS\Session 6","no","no","mono","no","18","no","white","no","Click to confirm or to begin from default part if nothing selected","NA","yes","","active","differential object marking","2","article location violation","103","768","legacy","Mini-English","NA","List 1: grammatical, DOM violation, article location violation","13","13","C:/Users/Tromso/Desktop/LESS/Session 6/subject-9.csv","1.2.3","xpyriment","","NA","singular","Lentiform Loewenfeld","3.3.14","0","3","NA","space","NA","NA","NA","NA","NA","NA","NA","NA","NA","NA","c","NA","space","NA","space","3","1035","NA","9282","NA","NA","NA","NA","NA","NA","NA","NA","NA","NA","90525","NA","10897","NA","110933","1035","NA","8789","NA","space","2","legacy","Thomas spoiled fi jesaucepan and fi jebox too.","217","Session 6","NA","Experiment","2024-10-03 17:47","1024","2","48000","-16","Session6","Norway","9","odd","word4","48","NA","no","NA","109138","NA","26086","NA","16799","16795","5935","16795","NA","NA","NA","NA","NA","NA","NA","NA","NA","NA","NA","NA","NA","NA","NA","5934","293962","373334","384433","384986","NA","NA","387995","26086","NA","NA","386455","NA","116646","NA","116649","NA","127550","238523","382213","238513","NA","NA","382236","382906","388248","388248","382213","16795","380085","380085","389284","NA","NA","5935","NA","NA","NA","7993","NA","NA","NA","7994","380072","293453","384939","5935","NA","5935","NA","NA","NA","16795","NA","5935","NA","NA","NA","8005","NA","383177","363371","383787","384433","384939","385697","386203","386813","387603","362563","Norway Session 6","9","380233","18","0","14","yes","1615","","1024","NA","Thomas","","","355","spoiled","390","fi","250","jesaucepan","455","and","250","fi","250","jebox","320","too.","285","",""
"NA","NA","52.63157894736842","52.63157894736842","20028.894736842107","20028.894736842107","#242424","xpyriment","legacy","legacy","0","uniform","1","undefined","NA","NA","0","undefined","undefined","1","right_button","undefined","0","0","0","0","0","0","0","0","0","0","0","NA","NA","0","0","1","NA","NA","NA","NA","NA","NA","0","NA","0","14","14","14","14","NA","NA","35","8","0","0","104","0","0","0","0","0","0","0","14","0","NA","NA","14","14","14","14","14","3","14","14","15","0","0","0","NA","1","NA","0","0","3","0","0","14","14","14","0","0","0","0","0","0","0","0","0","NA","NA","0","0","NA","14","2","14","14","14","14","14","14","14","2","undefined","514","-279","Thu Oct  3 17:47:30 2024","740","The main experiment item","yes","active","Norway_Session_6.osexp","1","C:\Users\Tromso\Desktop\LESS\Session 6","no","no","mono","no","18","no","white","no","Click to confirm or to begin from default part if nothing selected","NA","yes","","active","differential object marking","2","article location violation","103","768","legacy","Mini-English","NA","List 1: grammatical, DOM violation, article location violation","14","14","C:/Users/Tromso/Desktop/LESS/Session 6/subject-9.csv","1.2.3","xpyriment","","NA","singular","Lentiform Loewenfeld","3.3.14","0","3","NA","space","NA","NA","NA","NA","NA","NA","NA","NA","NA","NA","c","NA","space","NA","space","3","316","NA","9282","NA","NA","NA","NA","NA","NA","NA","NA","NA","NA","90525","NA","10897","NA","110933","316","NA","8789","NA","space","2","legacy","Ava forgot fi jewall and fi zeleaf too.","135","Session 6","NA","Experiment","2024-10-03 17:47","1024","2","48000","-16","Session6","Norway","9","odd","word4","42","NA","no","NA","109138","NA","26086","NA","16799","16795","5935","16795","NA","NA","NA","NA","NA","NA","NA","NA","NA","NA","NA","NA","NA","NA","NA","5934","293962","394652","393530","394084","NA","NA","397154","26086","NA","NA","395549","NA","116646","NA","116649","NA","127550","238523","391453","238513","NA","NA","391475","392145","397407","397407","391453","16795","389303","389303","397724","NA","NA","5935","NA","NA","NA","7993","NA","NA","NA","7994","389289","293453","394036","5935","NA","5935","NA","NA","NA","16795","NA","5935","NA","NA","NA","8005","NA","392414","363371","392920","393530","394036","394790","395296","395922","396765","362563","Norway Session 6","10","380549","19","0","15","yes","63","","1024","NA","Ava","","","250","forgot","355","fi","250","jewall","315","and","250","fi","250","zeleaf","355","too.","285","",""
"NA","NA","55","55","19053.1","19053.1","#242424","xpyriment","legacy","legacy","0","uniform","1","undefined","NA","NA","0","undefined","undefined","1","left_button","undefined","0","0","0","0","0","0","0","0","0","0","0","NA","NA","0","0","1","NA","NA","NA","NA","NA","NA","0","NA","0","15","15","15","15","NA","NA","39","8","0","0","111","0","0","0","0","0","0","0","15","0","NA","NA","15","15","15","15","15","3","15","15","16","0","0","0","NA","1","NA","0","0","3","0","0","15","15","15","0","0","0","0","0","0","0","0","0","NA","NA","0","0","NA","15","3","15","15","15","15","15","15","15","3","undefined","514","-279","Thu Oct  3 17:47:30 2024","733","The main experiment item","yes","active","Norway_Session_6.osexp","1","C:\Users\Tromso\Desktop\LESS\Session 6","no","no","mono","no","18","no","white","no","Click to confirm or to begin from default part if nothing selected","NA","yes","","active","verb-object agreement","3","grammatical","101","768","legacy","Mini-English","NA","List 1: grammatical, VOA violation, article location violation","15","15","C:/Users/Tromso/Desktop/LESS/Session 6/subject-9.csv","1.2.3","xpyriment","","NA","singular","Lentiform Loewenfeld","3.3.14","0","1","NA","space","NA","NA","NA","NA","NA","NA","NA","NA","NA","NA","c","NA","space","NA","space","1","513","NA","9282","NA","NA","NA","NA","NA","NA","NA","NA","NA","NA","90525","NA","10897","NA","110933","513","NA","8789","NA","space","2","legacy","Lily forgot fi ze closet but not fi je key.","219","Session 6","NA","Experiment","2024-10-03 17:47","1024","2","48000","-16","Session6","Norway","9","odd","word4","49","NA","no","NA","109138","NA","26086","NA","16799","16795","5935","16795","NA","NA","NA","NA","NA","NA","NA","NA","NA","NA","NA","NA","NA","NA","NA","5934","293962","403027","402013","402564","NA","NA","407045","26086","NA","NA","404133","NA","116646","NA","116649","NA","127550","238523","399899","238513","NA","NA","399921","400592","407298","407298","399900","16795","397741","397741","407812","NA","NA","5935","NA","NA","NA","7993","NA","NA","NA","7994","397727","293453","402519","5935","NA","5935","NA","NA","NA","16795","NA","5935","NA","NA","NA","8005","NA","400862","406658","401402","402013","402518","403270","403880","404497","405218","405933","Norway Session 6","11","381062","20","0","16","yes","610","","1024","NA","Lily","key.","285","285","forgot","355","fi","250","ze","210","closet","355","but","250","not","250","fi","250","je","250"
"NA","NA","57.142857142857146","57.142857142857146","18177.428571428572","18177.428571428572","#242424","xpyriment","legacy","legacy","0","uniform","1","undefined","NA","NA","0","undefined","undefined","1","left_button","undefined","0","0","0","0","0","0","0","0","0","0","0","NA","NA","0","0","1","NA","NA","NA","NA","NA","NA","0","NA","0","16","16","16","16","NA","NA","43","8","0","0","118","0","0","0","0","0","0","0","16","0","NA","NA","16","16","16","16","16","3","16","16","17","0","0","0","NA","1","NA","0","0","3","0","0","16","16","16","0","0","0","0","0","0","0","0","0","NA","NA","0","0","NA","16","4","16","16","16","16","16","16","16","4","undefined","514","-279","Thu Oct  3 17:47:30 2024","755","The main experiment item","yes","active","Norway_Session_6.osexp","1","C:\Users\Tromso\Desktop\LESS\Session 6","no","no","mono","no","18","no","white","no","Click to confirm or to begin from default part if nothing selected","NA","yes","","active","differential object marking","2","grammatical","101","768","legacy","Mini-English","NA","List 1: grammatical, DOM violation, article location violation","16","16","C:/Users/Tromso/Desktop/LESS/Session 6/subject-9.csv","1.2.3","xpyriment","","NA","singular","Lentiform Loewenfeld","3.3.14","0","1","NA","space","NA","NA","NA","NA","NA","NA","NA","NA","NA","NA","c","NA","space","NA","space","1","664","NA","9282","NA","NA","NA","NA","NA","NA","NA","NA","NA","NA","90525","NA","10897","NA","110933","664","NA","8789","NA","space","2","legacy","Jack cleaned fi ze letter but not fi je street.","148","Session 6","NA","Experiment","2024-10-03 17:47","1024","2","48000","-16","Session6","Norway","9","odd","word4","43","NA","no","NA","109138","NA","26086","NA","16799","16795","5935","16795","NA","NA","NA","NA","NA","NA","NA","NA","NA","NA","NA","NA","NA","NA","NA","5934","293962","413028","412015","412565","NA","NA","417126","26086","NA","NA","414135","NA","116646","NA","116649","NA","127550","238523","409866","238513","NA","NA","409890","410560","417379","417379","409866","16795","407831","407831","418044","NA","NA","5935","NA","NA","NA","7993","NA","NA","NA","7994","407816","293453","412520","5935","NA","5935","NA","NA","NA","16795","NA","5935","NA","NA","NA","8005","NA","410828","416641","411369","412015","412520","413271","413882","414506","415225","415941","Norway Session 6","12","381726","21","0","17","yes","77","","1024","NA","Jack","street.","390","285","cleaned","390","fi","250","ze","210","letter","355","but","250","not","250","fi","250","je","250"
"NA","NA","59.09090909090909","59.09090909090909","17364.545454545456","17364.545454545456","#242424","xpyriment","legacy","legacy","0","uniform","1","undefined","NA","NA","0","undefined","undefined","1","right_button","undefined","0","0","0","0","0","0","0","0","0","0","0","NA","NA","0","0","1","NA","NA","NA","NA","NA","NA","0","NA","0","17","17","17","17","NA","NA","45","8","0","0","125","0","0","0","0","0","0","0","17","0","NA","NA","17","17","17","17","17","3","17","17","18","0","0","0","NA","1","NA","0","0","3","0","0","17","17","17","0","0","0","0","0","0","0","0","0","NA","NA","0","0","NA","17","4","17","17","17","17","17","17","17","4","undefined","514","-279","Thu Oct  3 17:47:30 2024","752","The main experiment item","yes","active","Norway_Session_6.osexp","1","C:\Users\Tromso\Desktop\LESS\Session 6","no","no","mono","no","18","no","white","no","Click to confirm or to begin from default part if nothing selected","NA","yes","","active","verb-object agreement","3","article location violation","103","768","legacy","Mini-English","NA","List 1: grammatical, VOA violation, article location violation","17","17","C:/Users/Tromso/Desktop/LESS/Session 6/subject-9.csv","1.2.3","xpyriment","","NA","plural","Lentiform Loewenfeld","3.3.14","0","3","NA","space","NA","NA","NA","NA","NA","NA","NA","NA","NA","NA","c","NA","space","NA","space","3","294","NA","9282","NA","NA","NA","NA","NA","NA","NA","NA","NA","NA","90525","NA","10897","NA","110933","294","NA","8789","NA","space","2","legacy","Charlie driedevo fi jerwall and fi jerkey too.","142","Session 6","NA","Experiment","2024-10-03 17:47","1024","2","48000","-16","Session6","Norway","9","odd","word4","42","NA","no","NA","109138","NA","26086","NA","16799","16795","5935","16795","NA","NA","NA","NA","NA","NA","NA","NA","NA","NA","NA","NA","NA","NA","NA","5934","293962","423618","422463","423015","NA","NA","426072","26086","NA","NA","424478","NA","116646","NA","116649","NA","127550","238523","420173","238513","NA","NA","420195","420865","426325","426325","420173","16795","418062","418062","426620","NA","NA","5935","NA","NA","NA","7993","NA","NA","NA","7994","418048","293453","422968","5935","NA","5935","NA","NA","NA","16795","NA","5935","NA","NA","NA","8005","NA","421137","416641","421782","422463","422968","423721","424225","424851","425678","415941","Norway Session 6","13","382020","22","0","18","yes","133","","1024","NA","Charlie","","","390","driedevo","425","fi","250","jerwall","350","and","250","fi","250","jerkey","355","too.","285","",""
"NA","NA","60.869565217391305","60.869565217391305","16623.434782608696","16623.434782608696","#242424","xpyriment","legacy","legacy","0","uniform","1","undefined","NA","NA","0","undefined","undefined","1","left_button","undefined","0","0","0","0","0","0","0","0","0","0","0","NA","NA","0","0","1","NA","NA","NA","NA","NA","NA","0","NA","0","18","18","18","18","NA","NA","49","8","0","0","132","0","0","0","0","0","0","0","18","0","NA","NA","18","18","18","18","18","3","18","18","19","0","0","0","NA","1","NA","0","0","3","0","0","18","18","18","0","0","0","0","0","0","0","0","0","NA","NA","0","0","NA","18","5","18","18","18","18","18","18","18","5","undefined","514","-279","Thu Oct  3 17:47:30 2024","759","The main experiment item","yes","active","Norway_Session_6.osexp","1","C:\Users\Tromso\Desktop\LESS\Session 6","no","no","mono","no","18","no","white","no","Click to confirm or to begin from default part if nothing selected","NA","yes","","active","verb-object agreement","3","grammatical","101","768","legacy","Mini-English","NA","List 1: grammatical, VOA violation, article location violation","18","18","C:/Users/Tromso/Desktop/LESS/Session 6/subject-9.csv","1.2.3","xpyriment","","NA","plural","Lentiform Loewenfeld","3.3.14","0","1","NA","space","NA","NA","NA","NA","NA","NA","NA","NA","NA","NA","c","NA","space","NA","space","1","319","NA","9282","NA","NA","NA","NA","NA","NA","NA","NA","NA","NA","90525","NA","10897","NA","110933","319","NA","8789","NA","space","2","legacy","Charlie rememberedevo fi zer closet but not fi zer table.","218","Session 6","NA","Experiment","2024-10-03 17:47","1024","2","48000","-16","Session6","Norway","9","odd","word4","49","NA","no","NA","109138","NA","26086","NA","16799","16795","5935","16795","NA","NA","NA","NA","NA","NA","NA","NA","NA","NA","NA","NA","NA","NA","NA","5934","293962","432203","431188","431739","NA","NA","436295","26086","NA","NA","433310","NA","116646","NA","116649","NA","127550","238523","428723","238513","NA","NA","428746","429416","436548","436548","428723","16795","426638","426638","436868","NA","NA","5935","NA","NA","NA","7993","NA","NA","NA","7994","426625","293453","431693","5935","NA","5935","NA","NA","NA","16795","NA","5935","NA","NA","NA","8005","NA","429687","435835","430332","431188","431693","432446","433057","433670","434405","435114","Norway Session 6","14","382339","23","0","19","yes","510","","1024","NA","Charlie","table.","355","390","rememberedevo","600","fi","250","zer","210","closet","355","but","250","not","250","fi","250","zer","250"
"NA","NA","62.5","62.5","15951.541666666666","15951.541666666666","#242424","xpyriment","legacy","legacy","0","uniform","1","undefined","NA","NA","0","undefined","undefined","1","right_button","undefined","0","0","0","0","0","0","0","0","0","0","0","NA","NA","0","0","1","NA","NA","NA","NA","NA","NA","0","NA","0","19","19","19","19","NA","NA","51","8","0","0","139","0","0","0","0","0","0","0","19","0","NA","NA","19","19","19","19","19","3","19","19","20","0","0","0","NA","1","NA","0","0","3","0","0","19","19","19","0","0","0","0","0","0","0","0","0","NA","NA","0","0","NA","19","5","19","19","19","19","19","19","19","5","undefined","514","-279","Thu Oct  3 17:47:30 2024","732","The main experiment item","yes","active","Norway_Session_6.osexp","1","C:\Users\Tromso\Desktop\LESS\Session 6","no","no","mono","no","18","no","white","no","Click to confirm or to begin from default part if nothing selected","NA","yes","common","active","gender agreement","1","number violation","103","768","legacy","Mini-English","NA","List 1: grammatical, gender violation, number violation","19","19","C:/Users/Tromso/Desktop/LESS/Session 6/subject-9.csv","1.2.3","xpyriment","1718","NA","plural","Lentiform Loewenfeld","3.3.14","0","3","NA","space","NA","NA","NA","NA","NA","NA","NA","NA","NA","NA","c","NA","space","NA","space","3","498","NA","9282","NA","NA","NA","NA","NA","NA","NA","NA","NA","NA","90525","NA","10897","NA","110933","498","NA","8789","NA","space","2","legacy","Jer fork look purpleju but jer saucepan not.","246","Session 6","NA","Experiment","2024-10-03 17:47","1024","2","48000","-16","Session6","Norway","9","odd","word4","51","NA","no","NA","109138","NA","26086","NA","16799","16795","5935","16795","NA","NA","NA","NA","NA","NA","NA","NA","NA","NA","NA","NA","NA","NA","NA","5934","293962","442224","440999","441586","NA","NA","444708","26086","NA","NA","443050","NA","116646","NA","116649","NA","127550","238523","438990","238513","NA","NA","439012","439683","444961","444961","438990","16795","436885","436885","445460","NA","NA","5935","NA","NA","NA","7993","NA","NA","NA","7994","436871","293453","441539","5935","NA","5935","NA","NA","NA","16795","NA","5935","NA","NA","NA","8005","NA","439952","435835","440458","440999","441539","442292","442797","443404","444298","435114","Norway Session 6","15","382837","24","0","20","yes","","copula_look","1024","NA","Jer","","","250","fork","285","look","285","purpleju","385","but","250","jer","250","saucepan","425","not.","285","",""
"NA","NA","64","64","15401.44","15401.44","#242424","xpyriment","legacy","legacy","0","uniform","1","undefined","NA","NA","0","undefined","undefined","1","right_button","undefined","0","0","0","0","0","0","0","0","0","0","0","NA","NA","0","0","1","NA","NA","NA","NA","NA","NA","0","NA","0","20","20","20","20","NA","NA","55","8","0","0","146","0","0","0","0","0","0","0","20","0","NA","NA","20","20","20","20","20","3","20","20","21","0","0","0","NA","1","NA","0","0","3","0","0","20","20","20","0","0","0","0","0","0","0","0","0","NA","NA","0","0","NA","20","6","20","20","20","20","20","20","20","6","undefined","514","-278","Thu Oct  3 17:47:30 2024","736","The main experiment item","yes","active","Norway_Session_6.osexp","1","C:\Users\Tromso\Desktop\LESS\Session 6","no","no","mono","no","18","no","white","no","Click to confirm or to begin from default part if nothing selected","NA","yes","","active","verb-object agreement","3","VOA violation","102","768","legacy","Mini-English","NA","List 1: grammatical, VOA violation, article location violation","20","20","C:/Users/Tromso/Desktop/LESS/Session 6/subject-9.csv","1.2.3","xpyriment","","NA","singular","Lentiform Loewenfeld","3.3.14","0","3","NA","space","NA","NA","NA","NA","NA","NA","NA","NA","NA","NA","c","NA","space","NA","space","3","2199","NA","9282","NA","NA","NA","NA","NA","NA","NA","NA","NA","NA","90525","NA","10897","NA","110933","2199","NA","8789","NA","space","2","legacy","Charlie refusedevo fi je key but not fi je wall.","129","Session 6","NA","Experiment","2024-10-03 17:47","1024","2","48000","-16","Session6","Norway","9","odd","word4","41","NA","no","NA","109138","NA","26086","NA","16799","16795","5935","16795","NA","NA","NA","NA","NA","NA","NA","NA","NA","NA","NA","NA","NA","NA","NA","5934","293962","451008","449992","450544","NA","NA","454895","26086","NA","NA","452010","NA","116646","NA","116649","NA","127550","238523","447632","238513","NA","NA","447654","448324","455148","455148","447632","16795","445480","445480","457348","NA","NA","5935","NA","NA","NA","7993","NA","NA","NA","7994","445467","293453","450498","5935","NA","5935","NA","NA","NA","16795","NA","5935","NA","NA","NA","8005","NA","448595","454478","449241","449992","450498","451252","451757","452369","453066","453780","Norway Session 6","16","385036","25","0","21","yes","122","","1024","NA","Charlie","wall.","320","390","refusedevo","495","fi","250","je","210","key","250","but","250","not","250","fi","250","je","250"
"NA","NA","65.38461538461539","65.38461538461539","14826.5","14826.5","#242424","xpyriment","legacy","legacy","0","uniform","1","undefined","NA","NA","0","undefined","undefined","1","left_button","undefined","0","0","0","0","0","0","0","0","0","0","0","NA","NA","0","0","1","NA","NA","NA","NA","NA","NA","0","NA","0","21","21","21","21","NA","NA","57","8","0","0","153","0","0","0","0","0","0","0","21","0","NA","NA","21","21","21","21","21","3","21","21","22","0","0","0","NA","1","NA","0","0","3","0","0","21","21","21","0","0","0","0","0","0","0","0","0","NA","NA","0","0","NA","21","6","21","21","21","21","21","21","21","6","undefined","516","-277","Thu Oct  3 17:47:30 2024","739","The main experiment item","yes","active","Norway_Session_6.osexp","1","C:\Users\Tromso\Desktop\LESS\Session 6","no","no","mono","no","18","no","white","no","Click to confirm or to begin from default part if nothing selected","NA","yes","common","active","gender agreement","1","grammatical","101","768","legacy","Mini-English","NA","List 1: grammatical, gender violation, number violation","21","21","C:/Users/Tromso/Desktop/LESS/Session 6/subject-9.csv","1.2.3","xpyriment","187","NA","singular","Lentiform Loewenfeld","3.3.14","0","1","NA","space","NA","NA","NA","NA","NA","NA","NA","NA","NA","NA","c","NA","space","NA","space","1","453","NA","9282","NA","NA","NA","NA","NA","NA","NA","NA","NA","NA","90525","NA","10897","NA","110933","453","NA","8789","NA","space","2","legacy","Je dress is lighteju and je box too.","115","Session 6","NA","Experiment","2024-10-03 17:47","1024","2","48000","-16","Session6","Norway","9","odd","word4","40","NA","no","NA","109138","NA","26086","NA","16799","16795","5935","16795","NA","NA","NA","NA","NA","NA","NA","NA","NA","NA","NA","NA","NA","NA","NA","5934","293962","462725","461536","462087","NA","NA","465001","26086","NA","NA","463552","NA","116646","NA","116649","NA","127550","238523","459493","238513","NA","NA","459516","460186","465254","465254","459494","16795","457370","457370","465708","NA","NA","5935","NA","NA","NA","7993","NA","NA","NA","7994","457356","293453","462041","5935","NA","5935","NA","NA","NA","16795","NA","5935","NA","NA","NA","8005","NA","460454","454478","460960","461536","462041","462793","463299","463894","464609","453780","Norway Session 6","17","385489","26","0","22","yes","","copula_be","1024","NA","Je","","","250","dress","320","is","250","lighteju","385","and","250","je","250","box","250","too.","285","",""
"NA","NA","66.66666666666667","66.66666666666667","14282.888888888889","14282.888888888889","#242424","xpyriment","legacy","legacy","0","uniform","1","undefined","NA","NA","0","undefined","undefined","1","right_button","undefined","0","0","0","0","0","0","0","0","0","0","0","NA","NA","0","0","1","NA","NA","NA","NA","NA","NA","0","NA","0","22","22","22","22","NA","NA","59","8","0","0","160","0","0","0","0","0","0","0","22","0","NA","NA","22","22","22","22","22","3","22","22","23","0","0","0","NA","1","NA","0","0","3","0","0","22","22","22","0","0","0","0","0","0","0","0","0","NA","NA","0","0","NA","22","6","22","22","22","22","22","22","22","6","undefined","516","-277","Thu Oct  3 17:47:30 2024","734","The main experiment item","yes","active","Norway_Session_6.osexp","1","C:\Users\Tromso\Desktop\LESS\Session 6","no","no","mono","no","18","no","white","no","Click to confirm or to begin from default part if nothing selected","NA","yes","","active","verb-object agreement","3","article location violation","103","768","legacy","Mini-English","NA","List 1: grammatical, VOA violation, article location violation","22","22","C:/Users/Tromso/Desktop/LESS/Session 6/subject-9.csv","1.2.3","xpyriment","","NA","plural","Lentiform Loewenfeld","3.3.14","0","3","NA","space","NA","NA","NA","NA","NA","NA","NA","NA","NA","NA","c","NA","space","NA","space","3","149","NA","9282","NA","NA","NA","NA","NA","NA","NA","NA","NA","NA","90525","NA","10897","NA","110933","149","NA","8789","NA","space","2","legacy","Harry chosevo fi zerpool but not fi jerbackpack.","248","Session 6","NA","Experiment","2024-10-03 17:47","1024","2","48000","-16","Session6","Norway","9","odd","word4","51","NA","no","NA","109138","NA","26086","NA","16799","16795","5935","16795","NA","NA","NA","NA","NA","NA","NA","NA","NA","NA","NA","NA","NA","NA","NA","5934","293962","471209","470055","470605","NA","NA","473832","26086","NA","NA","472069","NA","116646","NA","116649","NA","127550","238523","467873","238513","NA","NA","467895","468566","474086","474086","467873","16795","465734","465734","474236","NA","NA","5935","NA","NA","NA","7993","NA","NA","NA","7994","465717","293453","470560","5935","NA","5935","NA","NA","NA","16795","NA","5935","NA","NA","NA","8005","NA","468835","454478","469410","470055","470560","471312","471817","472429","473147","453780","Norway Session 6","18","385638","27","0","23","yes","1112","","1024","NA","Harry","","","320","chosevo","390","fi","250","zerpool","350","but","250","not","250","fi","250","jerbackpack.","565","",""
"NA","NA","64.28571428571429","64.28571428571429","13841.17857142857","13841.17857142857","#242424","xpyriment","legacy","legacy","0","uniform","0","undefined","NA","NA","0","undefined","undefined","0","right_button","undefined","0","0","0","0","0","0","0","0","0","0","0","NA","NA","0","0","1","NA","NA","NA","NA","NA","NA","0","NA","0","23","23","23","23","NA","NA","63","8","0","0","167","0","0","0","0","0","0","0","23","0","NA","NA","23","23","23","23","23","3","23","23","24","0","0","0","NA","1","NA","0","0","3","0","0","23","23","23","0","0","0","0","0","0","0","0","0","NA","NA","0","0","NA","23","7","23","23","23","23","23","23","23","7","undefined","516","-277","Thu Oct  3 17:47:30 2024","761","The main experiment item","yes","active","Norway_Session_6.osexp","1","C:\Users\Tromso\Desktop\LESS\Session 6","no","no","mono","no","18","no","white","no","Click to confirm or to begin from default part if nothing selected","NA","yes","","active","verb-object agreement","3","VOA violation","102","768","legacy","Mini-English","NA","List 1: grammatical, VOA violation, article location violation","23","23","C:/Users/Tromso/Desktop/LESS/Session 6/subject-9.csv","1.2.3","xpyriment","","NA","plural","Lentiform Loewenfeld","3.3.14","0","1","NA","space","NA","NA","NA","NA","NA","NA","NA","NA","NA","NA","c","NA","space","NA","space","1","1915","NA","9282","NA","NA","NA","NA","NA","NA","NA","NA","NA","NA","90525","NA","10897","NA","110933","1915","NA","8789","NA","space","2","legacy","Jessica remembered fi jer key but not fi zer roof.","122","Session 6","NA","Experiment","2024-10-03 17:47","1024","2","48000","-16","Session6","Norway","9","odd","word4","41","NA","no","NA","109138","NA","26086","NA","16799","16795","5935","16795","NA","NA","NA","NA","NA","NA","NA","NA","NA","NA","NA","NA","NA","NA","NA","5934","293962","479713","478697","479250","NA","NA","483643","26086","NA","NA","480712","NA","116646","NA","116649","NA","127550","238523","476338","238513","NA","NA","476359","477030","483896","483896","476338","16795","474257","474257","485812","NA","NA","5935","NA","NA","NA","7993","NA","NA","NA","7994","474243","293453","479203","5935","NA","5935","NA","NA","NA","16795","NA","5935","NA","NA","NA","8005","NA","477300","483219","477946","478697","479203","479956","480460","481080","481789","482500","Norway Session 6","18","387553","28","0","24","yes","52","","1024","NA","Jessica","roof.","320","390","remembered","495","fi","250","jer","210","key","250","but","250","not","250","fi","250","zer","250"
"NA","NA","65.51724137931035","65.51724137931035","13375.379310344828","13375.379310344828","#242424","xpyriment","legacy","legacy","0","uniform","1","undefined","NA","NA","0","undefined","undefined","1","left_button","undefined","0","0","0","0","0","0","0","0","0","0","0","NA","NA","0","0","1","NA","NA","NA","NA","NA","NA","0","NA","0","24","24","24","24","NA","NA","67","8","0","0","174","0","0","0","0","0","0","0","24","0","NA","NA","24","24","24","24","24","3","24","24","25","0","0","0","NA","1","NA","0","0","3","0","0","24","24","24","0","0","0","0","0","0","0","0","0","NA","NA","0","0","NA","24","8","24","24","24","24","24","24","24","8","undefined","516","-277","Thu Oct  3 17:47:30 2024","746","The main experiment item","yes","active","Norway_Session_6.osexp","1","C:\Users\Tromso\Desktop\LESS\Session 6","no","no","mono","no","18","no","white","no","Click to confirm or to begin from default part if nothing selected","NA","yes","","active","verb-object agreement","3","grammatical","101","768","legacy","Mini-English","NA","List 1: grammatical, VOA violation, article location violation","24","24","C:/Users/Tromso/Desktop/LESS/Session 6/subject-9.csv","1.2.3","xpyriment","","NA","singular","Lentiform Loewenfeld","3.3.14","0","1","NA","space","NA","NA","NA","NA","NA","NA","NA","NA","NA","NA","c","NA","space","NA","space","1","333","NA","9282","NA","NA","NA","NA","NA","NA","NA","NA","NA","NA","90525","NA","10897","NA","110933","333","NA","8789","NA","space","2","legacy","Lily spoiled fi je backpack but not fi je pencil.","157","Session 6","NA","Experiment","2024-10-03 17:47","1024","2","48000","-16","Session6","Norway","9","odd","word4","43","NA","no","NA","109138","NA","26086","NA","16799","16795","5935","16795","NA","NA","NA","NA","NA","NA","NA","NA","NA","NA","NA","NA","NA","NA","NA","5934","293962","491096","490082","490633","NA","NA","495256","26086","NA","NA","492270","NA","116646","NA","116649","NA","127550","238523","487933","238513","NA","NA","487958","488628","495510","495510","487933","16795","485832","485832","495844","NA","NA","5935","NA","NA","NA","7993","NA","NA","NA","7994","485818","293453","490587","5935","NA","5935","NA","NA","NA","16795","NA","5935","NA","NA","NA","8005","NA","488897","494758","489437","490082","490587","491338","492017","492611","493339","494064","Norway Session 6","19","387886","29","0","25","yes","164","","1024","NA","Lily","pencil.","390","285","spoiled","390","fi","250","je","210","backpack","425","but","250","not","250","fi","250","je","250"
"NA","NA","66.66666666666667","66.66666666666667","12939.133333333333","12939.133333333333","#242424","xpyriment","legacy","legacy","0","uniform","1","undefined","NA","NA","0","undefined","undefined","1","right_button","undefined","0","0","0","0","0","0","0","0","0","0","0","NA","NA","0","0","1","NA","NA","NA","NA","NA","NA","0","NA","0","25","25","25","25","NA","NA","69","8","0","0","181","0","0","0","0","0","0","0","25","0","NA","NA","25","25","25","25","25","3","25","25","26","0","0","0","NA","1","NA","0","0","3","0","0","25","25","25","0","0","0","0","0","0","0","0","0","NA","NA","0","0","NA","25","8","25","25","25","25","25","25","25","8","undefined","516","-277","Thu Oct  3 17:47:30 2024","755","The main experiment item","yes","active","Norway_Session_6.osexp","1","C:\Users\Tromso\Desktop\LESS\Session 6","no","no","mono","no","18","no","white","no","Click to confirm or to begin from default part if nothing selected","NA","yes","","active","verb-object agreement","3","article location violation","103","768","legacy","Mini-English","NA","List 1: grammatical, VOA violation, article location violation","25","25","C:/Users/Tromso/Desktop/LESS/Session 6/subject-9.csv","1.2.3","xpyriment","","NA","singular","Lentiform Loewenfeld","3.3.14","0","3","NA","space","NA","NA","NA","NA","NA","NA","NA","NA","NA","NA","c","NA","space","NA","space","3","288","NA","9282","NA","NA","NA","NA","NA","NA","NA","NA","NA","NA","90525","NA","10897","NA","110933","288","NA","8789","NA","space","2","legacy","Jacob forgot fi zepool but not fi jekey.","243","Session 6","NA","Experiment","2024-10-03 17:47","1024","2","48000","-16","Session6","Norway","9","odd","word4","51","NA","no","NA","109138","NA","26086","NA","16799","16795","5935","16795","NA","NA","NA","NA","NA","NA","NA","NA","NA","NA","NA","NA","NA","NA","NA","5934","293962","501240","500120","500673","NA","NA","503696","26086","NA","NA","502135","NA","116646","NA","116649","NA","127550","238523","497971","238513","NA","NA","497993","498663","503955","503955","497971","16795","495866","495866","504244","NA","NA","5935","NA","NA","NA","7993","NA","NA","NA","7994","495852","293453","500625","5935","NA","5935","NA","NA","NA","16795","NA","5935","NA","NA","NA","8005","NA","498934","494758","499509","500120","500625","501378","501883","502504","503215","494064","Norway Session 6","20","388174","30","0","26","yes","612","","1024","NA","Jacob","","","320","forgot","355","fi","250","zepool","315","but","250","not","250","fi","250","jekey.","355","",""
"NA","NA","67.74193548387096","67.74193548387096","12535.774193548386","12535.774193548386","#242424","xpyriment","legacy","legacy","0","uniform","1","undefined","NA","NA","0","undefined","undefined","1","left_button","undefined","0","0","0","0","0","0","0","0","0","0","0","NA","NA","0","0","1","NA","NA","NA","NA","NA","NA","0","NA","0","26","26","26","26","NA","NA","73","8","0","0","188","0","0","0","0","0","0","0","26","0","NA","NA","26","26","26","26","26","3","26","26","27","0","0","0","NA","1","NA","0","0","3","0","0","26","26","26","0","0","0","0","0","0","0","0","0","NA","NA","0","0","NA","26","9","26","26","26","26","26","26","26","9","undefined","516","-277","Thu Oct  3 17:47:30 2024","742","The main experiment item","yes","active","Norway_Session_6.osexp","1","C:\Users\Tromso\Desktop\LESS\Session 6","no","no","mono","no","18","no","white","no","Click to confirm or to begin from default part if nothing selected","NA","yes","","active","verb-object agreement","3","grammatical","101","768","legacy","Mini-English","NA","List 1: grammatical, VOA violation, article location violation","26","26","C:/Users/Tromso/Desktop/LESS/Session 6/subject-9.csv","1.2.3","xpyriment","","NA","singular","Lentiform Loewenfeld","3.3.14","0","1","NA","space","NA","NA","NA","NA","NA","NA","NA","NA","NA","NA","c","NA","space","NA","space","1","435","NA","9282","NA","NA","NA","NA","NA","NA","NA","NA","NA","NA","90525","NA","10897","NA","110933","435","NA","8789","NA","space","2","legacy","Jessica spoiled fi ze letter and fi ze mug too.","193","Session 6","NA","Experiment","2024-10-03 17:47","1024","2","48000","-16","Session6","Norway","9","odd","word4","46","NA","no","NA","109138","NA","26086","NA","16799","16795","5935","16795","NA","NA","NA","NA","NA","NA","NA","NA","NA","NA","NA","NA","NA","NA","NA","5934","293962","509654","508639","509191","NA","NA","513683","26086","NA","NA","510759","NA","116646","NA","116649","NA","127550","238523","506384","238513","NA","NA","506406","507076","513936","513936","506384","16795","504265","504265","514372","NA","NA","5935","NA","NA","NA","7993","NA","NA","NA","7994","504251","293453","509145","5935","NA","5935","NA","NA","NA","16795","NA","5935","NA","NA","NA","8005","NA","507348","513288","507993","508639","509145","509897","510507","511132","511869","512576","Norway Session 6","21","388609","31","0","27","yes","167","","1024","NA","Jessica","too.","285","390","spoiled","390","fi","250","ze","210","letter","355","and","250","fi","250","ze","250","mug","250"
"NA","NA","68.75","68.75","12152.28125","12152.28125","#242424","xpyriment","legacy","legacy","0","uniform","1","undefined","NA","NA","0","undefined","undefined","1","right_button","undefined","0","0","0","0","0","0","0","0","0","0","0","NA","NA","0","0","1","NA","NA","NA","NA","NA","NA","0","NA","0","27","27","27","27","NA","NA","75","8","0","0","195","0","0","0","0","0","0","0","27","0","NA","NA","27","27","27","27","27","3","27","27","28","0","0","0","NA","1","NA","0","0","3","0","0","27","27","27","0","0","0","0","0","0","0","0","0","NA","NA","0","0","NA","27","9","27","27","27","27","27","27","27","9","undefined","516","-277","Thu Oct  3 17:47:30 2024","750","The main experiment item","yes","active","Norway_Session_6.osexp","1","C:\Users\Tromso\Desktop\LESS\Session 6","no","no","mono","no","18","no","white","no","Click to confirm or to begin from default part if nothing selected","NA","yes","neuter","active","gender agreement","1","number violation","103","768","legacy","Mini-English","NA","List 1: grammatical, gender violation, number violation","27","27","C:/Users/Tromso/Desktop/LESS/Session 6/subject-9.csv","1.2.3","xpyriment","2412","NA","plural","Lentiform Loewenfeld","3.3.14","0","3","NA","space","NA","NA","NA","NA","NA","NA","NA","NA","NA","NA","c","NA","space","NA","space","3","264","NA","9282","NA","NA","NA","NA","NA","NA","NA","NA","NA","NA","90525","NA","10897","NA","110933","264","NA","8789","NA","space","2","legacy","Zer mirror look dangerousezu but zer tray not.","181","Session 6","NA","Experiment","2024-10-03 17:47","1024","2","48000","-16","Session6","Norway","9","odd","word4","45","NA","no","NA","109138","NA","26086","NA","16799","16795","5935","16795","NA","NA","NA","NA","NA","NA","NA","NA","NA","NA","NA","NA","NA","NA","NA","5934","293962","509654","518677","519265","NA","NA","522286","26086","NA","NA","520803","NA","116646","NA","116649","NA","127550","238523","516596","238513","NA","NA","516618","517289","522539","522539","516596","16795","514393","514393","522804","NA","NA","5935","NA","NA","NA","7993","NA","NA","NA","7994","514379","293453","519218","5935","NA","5935","NA","NA","NA","16795","NA","5935","NA","NA","NA","8005","NA","517560","513288","518066","518677","519218","520045","520550","521160","521898","512576","Norway Session 6","22","388873","32","0","28","yes","","copula_look","1024","NA","Zer","","","250","mirror","355","look","285","dangerousezu","525","but","250","zer","250","tray","285","not.","285","",""
"NA","NA","69.6969696969697","69.6969696969697","11792.575757575758","11792.575757575758","#242424","xpyriment","legacy","legacy","0","uniform","1","undefined","NA","NA","0","undefined","undefined","1","left_button","undefined","0","0","0","0","0","0","0","0","0","0","0","NA","NA","0","0","1","NA","NA","NA","NA","NA","NA","0","NA","0","28","28","28","28","NA","NA","79","8","0","0","202","0","0","0","0","0","0","0","28","0","NA","NA","28","28","28","28","28","3","28","28","29","0","0","0","NA","1","NA","0","0","3","0","0","28","28","28","0","0","0","0","0","0","0","0","0","NA","NA","0","0","NA","28","10","28","28","28","28","28","28","28","10","undefined","516","-277","Thu Oct  3 17:47:30 2024","760","The main experiment item","yes","active","Norway_Session_6.osexp","1","C:\Users\Tromso\Desktop\LESS\Session 6","no","no","mono","no","18","no","white","no","Click to confirm or to begin from default part if nothing selected","NA","yes","","active","verb-object agreement","3","grammatical","101","768","legacy","Mini-English","NA","List 1: grammatical, VOA violation, article location violation","28","28","C:/Users/Tromso/Desktop/LESS/Session 6/subject-9.csv","1.2.3","xpyriment","","NA","singular","Lentiform Loewenfeld","3.3.14","0","1","NA","space","NA","NA","NA","NA","NA","NA","NA","NA","NA","NA","c","NA","space","NA","space","1","282","NA","9282","NA","NA","NA","NA","NA","NA","NA","NA","NA","NA","90525","NA","10897","NA","110933","282","NA","8789","NA","space","2","legacy","Thomas forgot fi je street and fi ze closet too.","111","Session 6","NA","Experiment","2024-10-03 17:47","1024","2","48000","-16","Session6","Norway","9","odd","word4","40","NA","no","NA","109138","NA","26086","NA","16799","16795","5935","16795","NA","NA","NA","NA","NA","NA","NA","NA","NA","NA","NA","NA","NA","NA","NA","5934","293962","528158","527144","527695","NA","NA","532275","26086","NA","NA","529264","NA","116646","NA","116649","NA","127550","238523","524960","238513","NA","NA","524981","525651","532528","532528","524960","16795","522824","522824","532812","NA","NA","5935","NA","NA","NA","7993","NA","NA","NA","7994","522808","293453","527651","5935","NA","5935","NA","NA","NA","16795","NA","5935","NA","NA","NA","8005","NA","525922","531887","526533","527143","527650","528401","529012","529619","530349","531068","Norway Session 6","23","389155","33","0","29","yes","61","","1024","NA","Thomas","too.","285","355","forgot","355","fi","250","je","210","street","355","and","250","fi","250","ze","250","closet","355"
"NA","NA","70.58823529411765","70.58823529411765","11463.117647058823","11463.117647058823","#242424","xpyriment","legacy","legacy","0","uniform","1","undefined","NA","NA","0","undefined","undefined","1","left_button","undefined","0","0","0","0","0","0","0","0","0","0","0","NA","NA","0","0","1","NA","NA","NA","NA","NA","NA","0","NA","0","29","29","29","29","NA","NA","83","8","0","0","209","0","0","0","0","0","0","0","29","0","NA","NA","29","29","29","29","29","3","29","29","30","0","0","0","NA","1","NA","0","0","3","0","0","29","29","29","0","0","0","0","0","0","0","0","0","NA","NA","0","0","NA","29","11","29","29","29","29","29","29","29","11","undefined","516","-277","Thu Oct  3 17:47:30 2024","741","The main experiment item","yes","active","Norway_Session_6.osexp","1","C:\Users\Tromso\Desktop\LESS\Session 6","no","no","mono","no","18","no","white","no","Click to confirm or to begin from default part if nothing selected","NA","yes","","active","verb-object agreement","3","grammatical","101","768","legacy","Mini-English","NA","List 1: grammatical, VOA violation, article location violation","29","29","C:/Users/Tromso/Desktop/LESS/Session 6/subject-9.csv","1.2.3","xpyriment","","NA","plural","Lentiform Loewenfeld","3.3.14","0","1","NA","space","NA","NA","NA","NA","NA","NA","NA","NA","NA","NA","c","NA","space","NA","space","1","591","NA","9282","NA","NA","NA","NA","NA","NA","NA","NA","NA","NA","90525","NA","10897","NA","110933","591","NA","8789","NA","space","2","legacy","Jacob fixedevo fi zer letter and fi jer key too.","192","Session 6","NA","Experiment","2024-10-03 17:47","1024","2","48000","-16","Session6","Norway","9","odd","word4","46","NA","no","NA","109138","NA","26086","NA","16799","16795","5935","16795","NA","NA","NA","NA","NA","NA","NA","NA","NA","NA","NA","NA","NA","NA","NA","5934","293962","538177","537162","537714","NA","NA","542215","26086","NA","NA","539284","NA","116646","NA","116649","NA","127550","238523","534940","238513","NA","NA","534965","535635","542468","542468","534940","16795","532830","532830","543059","NA","NA","5935","NA","NA","NA","7993","NA","NA","NA","7994","532817","293453","537668","5935","NA","5935","NA","NA","NA","16795","NA","5935","NA","NA","NA","8005","NA","535904","541819","536482","537162","537668","538420","539031","539647","540371","541079","Norway Session 6","24","389746","34","0","30","yes","157","","1024","NA","Jacob","too.","285","320","fixedevo","425","fi","250","zer","210","letter","355","and","250","fi","250","jer","250","key","250"
"NA","NA","71.42857142857143","71.42857142857143","11144.057142857142","11144.057142857142","#242424","xpyriment","legacy","legacy","0","uniform","1","undefined","NA","NA","0","undefined","undefined","1","right_button","undefined","0","0","0","0","0","0","0","0","0","0","0","NA","NA","0","0","1","NA","NA","NA","NA","NA","NA","0","NA","0","30","30","30","30","NA","NA","87","8","0","0","216","0","0","0","0","0","0","0","30","0","NA","NA","30","30","30","30","30","3","30","30","31","0","0","0","NA","1","NA","0","0","3","0","0","30","30","30","0","0","0","0","0","0","0","0","0","NA","NA","0","0","NA","30","12","30","30","30","30","30","30","30","12","undefined","516","-277","Thu Oct  3 17:47:30 2024","726","The main experiment item","yes","active","Norway_Session_6.osexp","1","C:\Users\Tromso\Desktop\LESS\Session 6","no","no","mono","no","18","no","white","no","Click to confirm or to begin from default part if nothing selected","NA","yes","","active","verb-object agreement","3","VOA violation","102","768","legacy","Mini-English","NA","List 1: grammatical, VOA violation, article location violation","30","30","C:/Users/Tromso/Desktop/LESS/Session 6/subject-9.csv","1.2.3","xpyriment","","NA","singular","Lentiform Loewenfeld","3.3.14","0","3","NA","space","NA","NA","NA","NA","NA","NA","NA","NA","NA","NA","c","NA","space","NA","space","3","296","NA","9282","NA","NA","NA","NA","NA","NA","NA","NA","NA","NA","90525","NA","10897","NA","110933","296","NA","8789","NA","space","2","legacy","Jessica dirtiedevo fi je key but not fi ze pool.","125","Session 6","NA","Experiment","2024-10-03 17:47","1024","2","48000","-16","Session6","Norway","9","odd","word4","41","NA","no","NA","109138","NA","26086","NA","16799","16795","5935","16795","NA","NA","NA","NA","NA","NA","NA","NA","NA","NA","NA","NA","NA","NA","NA","5934","293962","548610","547595","548146","NA","NA","552533","26086","NA","NA","549610","NA","116646","NA","116649","NA","127550","238523","545235","238513","NA","NA","545258","545929","552787","552787","545235","16795","543077","543077","553084","NA","NA","5935","NA","NA","NA","7993","NA","NA","NA","7994","543063","293453","548101","5935","NA","5935","NA","NA","NA","16795","NA","5935","NA","NA","NA","8005","NA","546198","552109","546844","547595","548100","548852","549358","549959","550677","551397","Norway Session 6","25","390042","35","0","31","yes","82","","1024","NA","Jessica","pool.","320","390","dirtiedevo","495","fi","250","je","210","key","250","but","250","not","250","fi","250","ze","250"
"NA","NA","72.22222222222223","72.22222222222223","10850.083333333334","10850.083333333334","#242424","xpyriment","legacy","legacy","0","uniform","1","undefined","NA","NA","0","undefined","undefined","1","left_button","undefined","0","0","0","0","0","0","0","0","0","0","0","NA","NA","0","0","1","NA","NA","NA","NA","NA","NA","0","NA","0","31","31","31","31","NA","NA","89","8","0","0","223","0","0","0","0","0","0","0","31","0","NA","NA","31","31","31","31","31","3","31","31","32","0","0","0","NA","1","NA","0","0","3","0","0","31","31","31","0","0","0","0","0","0","0","0","0","NA","NA","0","0","NA","31","12","31","31","31","31","31","31","31","12","undefined","516","-277","Thu Oct  3 17:47:30 2024","739","The main experiment item","yes","active","Norway_Session_6.osexp","1","C:\Users\Tromso\Desktop\LESS\Session 6","no","no","mono","no","18","no","white","no","Click to confirm or to begin from default part if nothing selected","NA","yes","common","active","gender agreement","1","grammatical","101","768","legacy","Mini-English","NA","List 1: grammatical, gender violation, number violation","31","31","C:/Users/Tromso/Desktop/LESS/Session 6/subject-9.csv","1.2.3","xpyriment","1516","NA","plural","Lentiform Loewenfeld","3.3.14","0","1","NA","space","NA","NA","NA","NA","NA","NA","NA","NA","NA","NA","c","NA","space","NA","space","1","561","NA","9282","NA","NA","NA","NA","NA","NA","NA","NA","NA","NA","90525","NA","10897","NA","110933","561","NA","8789","NA","space","2","legacy","Jer saucepan look wetejur but jer suitcase not.","220","Session 6","NA","Experiment","2024-10-03 17:47","1024","2","48000","-16","Session6","Norway","9","odd","word4","49","NA","no","NA","109138","NA","26086","NA","16799","16795","5935","16795","NA","NA","NA","NA","NA","NA","NA","NA","NA","NA","NA","NA","NA","NA","NA","5934","293962","558563","557375","557959","NA","NA","561045","26086","NA","NA","559423","NA","116646","NA","116649","NA","127550","238523","555226","238513","NA","NA","555248","555918","561298","561298","555226","16795","553103","553103","561860","NA","NA","5935","NA","NA","NA","7993","NA","NA","NA","7994","553089","293453","557915","5935","NA","5935","NA","NA","NA","16795","NA","5935","NA","NA","NA","8005","NA","556190","552109","556695","557375","557915","558665","559171","559790","560670","551397","Norway Session 6","26","390603","36","0","32","yes","","copula_look","1024","NA","Jer","","","250","saucepan","425","look","285","wetejur","350","but","250","jer","250","suitcase","425","not.","285","",""
"NA","NA","72.97297297297297","72.97297297297297","10623.405405405405","10623.405405405405","#242424","xpyriment","legacy","legacy","0","uniform","1","undefined","NA","NA","0","undefined","undefined","1","right_button","undefined","0","0","0","0","0","0","0","0","0","0","0","NA","NA","0","0","1","NA","NA","NA","NA","NA","NA","0","NA","0","32","32","32","32","NA","NA","91","8","0","0","230","0","0","0","0","0","0","0","32","0","NA","NA","32","32","32","32","32","3","32","32","33","0","0","0","NA","1","NA","0","0","3","0","0","32","32","32","0","0","0","0","0","0","0","0","0","NA","NA","0","0","NA","32","12","32","32","32","32","32","32","32","12","undefined","516","-277","Thu Oct  3 17:47:30 2024","741","The main experiment item","yes","active","Norway_Session_6.osexp","1","C:\Users\Tromso\Desktop\LESS\Session 6","no","no","mono","no","18","no","white","no","Click to confirm or to begin from default part if nothing selected","NA","yes","neuter","active","gender agreement","1","gender violation","102","768","legacy","Mini-English","NA","List 1: grammatical, gender violation, number violation","32","32","C:/Users/Tromso/Desktop/LESS/Session 6/subject-9.csv","1.2.3","xpyriment","2111","NA","singular","Lentiform Loewenfeld","3.3.14","0","3","NA","space","NA","NA","NA","NA","NA","NA","NA","NA","NA","NA","c","NA","space","NA","space","3","2463","NA","9282","NA","NA","NA","NA","NA","NA","NA","NA","NA","NA","90525","NA","10897","NA","110933","2463","NA","8789","NA","space","2","legacy","Ze strawberry is safeju and ze tray too.","166","Session 6","NA","Experiment","2024-10-03 17:47","1024","2","48000","-16","Session6","Norway","9","odd","word4","44","NA","no","NA","109138","NA","26086","NA","16799","16795","5935","16795","NA","NA","NA","NA","NA","NA","NA","NA","NA","NA","NA","NA","NA","NA","NA","5934","293962","567436","566318","566868","NA","NA","569838","26086","NA","NA","568332","NA","116646","NA","116649","NA","127550","238523","564100","238513","NA","NA","564122","564792","570092","570091","564100","16795","561881","561881","572556","NA","NA","5935","NA","NA","NA","7993","NA","NA","NA","7994","561864","293453","566822","5935","NA","5935","NA","NA","NA","16795","NA","5935","NA","NA","NA","8005","NA","565061","552109","565567","566318","566822","567574","568079","568691","569448","551397","Norway Session 6","27","393066","37","0","33","yes","","copula_be","1024","NA","Ze","","","250","strawberry","495","is","250","safeju","315","and","250","ze","250","tray","285","too.","285","",""
"NA","NA","71.05263157894737","71.05263157894737","10373.815789473685","10373.815789473685","#242424","xpyriment","legacy","legacy","0","uniform","0","undefined","NA","NA","0","undefined","undefined","0","right_button","undefined","0","0","0","0","0","0","0","0","0","0","0","NA","NA","0","0","1","NA","NA","NA","NA","NA","NA","0","NA","0","33","33","33","33","NA","NA","93","8","0","0","237","0","0","0","0","0","0","0","33","0","NA","NA","33","33","33","33","33","3","33","33","34","0","0","0","NA","1","NA","0","0","3","0","0","33","33","33","0","0","0","0","0","0","0","0","0","NA","NA","0","0","NA","33","12","33","33","33","33","33","33","33","12","undefined","516","-277","Thu Oct  3 17:47:30 2024","761","The main experiment item","yes","active","Norway_Session_6.osexp","1","C:\Users\Tromso\Desktop\LESS\Session 6","no","no","mono","no","18","no","white","no","Click to confirm or to begin from default part if nothing selected","NA","yes","","active","differential object marking","2","DOM violation","102","768","legacy","Mini-English","NA","List 1: grammatical, DOM violation, article location violation","33","33","C:/Users/Tromso/Desktop/LESS/Session 6/subject-9.csv","1.2.3","xpyriment","","NA","singular","Lentiform Loewenfeld","3.3.14","0","1","NA","space","NA","NA","NA","NA","NA","NA","NA","NA","NA","NA","c","NA","space","NA","space","1","1139","NA","9282","NA","NA","NA","NA","NA","NA","NA","NA","NA","NA","90525","NA","10897","NA","110933","1139","NA","8789","NA","space","2","legacy","Olivia wetted ze mug and je saucepan too.","167","Session 6","NA","Experiment","2024-10-03 17:47","1024","2","48000","-16","Session6","Norway","9","odd","word3","44","NA","no","NA","109138","NA","26086","NA","16799","16795","5935","16795","NA","NA","NA","NA","NA","NA","NA","NA","NA","NA","NA","NA","NA","NA","NA","5934","577372","567436","576909","577615","NA","NA","580507","26086","NA","NA","578877","NA","116646","NA","116649","NA","127550","238523","574682","238513","NA","NA","574704","575375","580760","580760","574682","16795","572574","572574","581900","NA","NA","5935","NA","NA","NA","7993","NA","NA","NA","7994","572561","576864","566822","5935","NA","5935","NA","NA","NA","16795","NA","5935","NA","NA","NA","8005","NA","575643","552109","576253","576864","577615","578120","578625","579227","580105","551397","Norway Session 6","27","394205","38","0","34","yes","148","","1024","NA","Olivia","","","355","wetted","355","ze","210","mug","250","and","250","je","250","saucepan","425","too.","285","",""
"NA","NA","69.23076923076923","69.23076923076923","10151.435897435897","10151.435897435897","#242424","xpyriment","legacy","legacy","0","uniform","0","undefined","NA","NA","0","undefined","undefined","0","right_button","undefined","0","0","0","0","0","0","0","0","0","0","0","NA","NA","0","0","1","NA","NA","NA","NA","NA","NA","0","NA","0","34","34","34","34","NA","NA","97","8","0","0","244","0","0","0","0","0","0","0","34","0","NA","NA","34","34","34","34","34","3","34","34","35","0","0","0","NA","1","NA","0","0","3","0","0","34","34","34","0","0","0","0","0","0","0","0","0","NA","NA","0","0","NA","34","13","34","34","34","34","34","34","34","13","undefined","516","-277","Thu Oct  3 17:47:30 2024","762","The main experiment item","yes","active","Norway_Session_6.osexp","1","C:\Users\Tromso\Desktop\LESS\Session 6","no","no","mono","no","18","no","white","no","Click to confirm or to begin from default part if nothing selected","NA","yes","","active","verb-object agreement","3","VOA violation","102","768","legacy","Mini-English","NA","List 1: grammatical, VOA violation, article location violation","34","34","C:/Users/Tromso/Desktop/LESS/Session 6/subject-9.csv","1.2.3","xpyriment","","NA","plural","Lentiform Loewenfeld","3.3.14","0","1","NA","space","NA","NA","NA","NA","NA","NA","NA","NA","NA","NA","c","NA","space","NA","space","1","1701","NA","9282","NA","NA","NA","NA","NA","NA","NA","NA","NA","NA","90525","NA","10897","NA","110933","1701","NA","8789","NA","space","2","legacy","Ava dried fi zer mug but not fi jer backpack.","202","Session 6","NA","Experiment","2024-10-03 17:47","1024","2","48000","-16","Session6","Norway","9","odd","word4","47","NA","no","NA","109138","NA","26086","NA","16799","16795","5935","16795","NA","NA","NA","NA","NA","NA","NA","NA","NA","NA","NA","NA","NA","NA","NA","5934","577372","587052","586037","586589","NA","NA","591130","26086","NA","NA","588053","NA","116646","NA","116649","NA","127550","238523","583996","238513","NA","NA","584018","584688","591382","591382","583996","16795","581918","581918","593084","NA","NA","5935","NA","NA","NA","7993","NA","NA","NA","7994","581904","576864","586542","5935","NA","5935","NA","NA","NA","16795","NA","5935","NA","NA","NA","8005","NA","584957","590560","585462","586036","586542","587295","587800","588411","589135","589844","Norway Session 6","27","395906","39","0","35","yes","138","","1024","NA","Ava","backpack.","460","250","dried","320","fi","250","zer","210","mug","250","but","250","not","250","fi","250","jer","250"
"NA","NA","70","70","9906.55","9906.55","#242424","xpyriment","legacy","legacy","0","uniform","1","undefined","NA","NA","0","undefined","undefined","1","right_button","undefined","0","0","0","0","0","0","0","0","0","0","0","NA","NA","0","0","1","NA","NA","NA","NA","NA","NA","0","NA","0","35","35","35","35","NA","NA","99","8","0","0","251","0","0","0","0","0","0","0","35","0","NA","NA","35","35","35","35","35","3","35","35","36","0","0","0","NA","1","NA","0","0","3","0","0","35","35","35","0","0","0","0","0","0","0","0","0","NA","NA","0","0","NA","35","13","35","35","35","35","35","35","35","13","undefined","516","-277","Thu Oct  3 17:47:30 2024","748","The main experiment item","yes","active","Norway_Session_6.osexp","1","C:\Users\Tromso\Desktop\LESS\Session 6","no","no","mono","no","18","no","white","no","Click to confirm or to begin from default part if nothing selected","NA","yes","common","active","gender agreement","1","number violation","103","768","legacy","Mini-English","NA","List 1: grammatical, gender violation, number violation","35","35","C:/Users/Tromso/Desktop/LESS/Session 6/subject-9.csv","1.2.3","xpyriment","1518","NA","plural","Lentiform Loewenfeld","3.3.14","0","3","NA","space","NA","NA","NA","NA","NA","NA","NA","NA","NA","NA","c","NA","space","NA","space","3","356","NA","9282","NA","NA","NA","NA","NA","NA","NA","NA","NA","NA","90525","NA","10897","NA","110933","356","NA","8789","NA","space","2","legacy","Jer saucepan look purpleju but jer drum not.","244","Session 6","NA","Experiment","2024-10-03 17:47","1024","2","48000","-16","Session6","Norway","9","odd","word4","51","NA","no","NA","109138","NA","26086","NA","16799","16795","5935","16795","NA","NA","NA","NA","NA","NA","NA","NA","NA","NA","NA","NA","NA","NA","NA","5934","577372","598561","597335","597923","NA","NA","600897","26086","NA","NA","599386","NA","116646","NA","116649","NA","127550","238523","595186","238513","NA","NA","595209","595879","601151","601151","595186","16795","593103","593103","601508","NA","NA","5935","NA","NA","NA","7993","NA","NA","NA","7994","593088","576864","597875","5935","NA","5935","NA","NA","NA","16795","NA","5935","NA","NA","NA","8005","NA","596148","590560","596654","597335","597875","598628","599134","599748","600515","589844","Norway Session 6","28","396262","40","0","36","yes","","copula_look","1024","NA","Jer","","","250","saucepan","425","look","285","purpleju","385","but","250","jer","250","drum","285","not.","285","",""
"NA","NA","70.73170731707317","70.73170731707317","9668.658536585366","9668.658536585366","#242424","xpyriment","legacy","legacy","0","uniform","1","undefined","NA","NA","0","undefined","undefined","1","right_button","undefined","0","0","0","0","0","0","0","0","0","0","0","NA","NA","0","0","1","NA","NA","NA","NA","NA","NA","0","NA","0","36","36","36","36","NA","NA","101","8","0","0","258","0","0","0","0","0","0","0","36","0","NA","NA","36","36","36","36","36","3","36","36","37","0","0","0","NA","1","NA","0","0","3","0","0","36","36","36","0","0","0","0","0","0","0","0","0","NA","NA","0","0","NA","36","13","36","36","36","36","36","36","36","13","undefined","516","-277","Thu Oct  3 17:47:30 2024","742","The main experiment item","yes","active","Norway_Session_6.osexp","1","C:\Users\Tromso\Desktop\LESS\Session 6","no","no","mono","no","18","no","white","no","Click to confirm or to begin from default part if nothing selected","NA","yes","","active","verb-object agreement","3","article location violation","103","768","legacy","Mini-English","NA","List 1: grammatical, VOA violation, article location violation","36","36","C:/Users/Tromso/Desktop/LESS/Session 6/subject-9.csv","1.2.3","xpyriment","","NA","singular","Lentiform Loewenfeld","3.3.14","0","3","NA","space","NA","NA","NA","NA","NA","NA","NA","NA","NA","NA","c","NA","space","NA","space","3","153","NA","9282","NA","NA","NA","NA","NA","NA","NA","NA","NA","NA","90525","NA","10897","NA","110933","153","NA","8789","NA","space","2","legacy","Ava forgot fi jewall and fi zeroof too.","135","Session 6","NA","Experiment","2024-10-03 17:47","1024","2","48000","-16","Session6","Norway","9","odd","word4","42","NA","no","NA","109138","NA","26086","NA","16799","16795","5935","16795","NA","NA","NA","NA","NA","NA","NA","NA","NA","NA","NA","NA","NA","NA","NA","5934","577372","606807","605689","606239","NA","NA","609245","26086","NA","NA","607703","NA","116646","NA","116649","NA","127550","238523","603611","238513","NA","NA","603634","604304","609498","609498","603612","16795","601532","601532","609652","NA","NA","5935","NA","NA","NA","7993","NA","NA","NA","7994","601517","576864","606193","5935","NA","5935","NA","NA","NA","16795","NA","5935","NA","NA","NA","8005","NA","604574","590560","605078","605689","606193","606945","607450","608064","608868","589844","Norway Session 6","29","396415","41","0","37","yes","63","","1024","NA","Ava","","","250","forgot","355","fi","250","jewall","315","and","250","fi","250","zeroof","355","too.","285","",""
"NA","NA","71.42857142857143","71.42857142857143","9446.97619047619","9446.97619047619","#242424","xpyriment","legacy","legacy","0","uniform","1","undefined","NA","NA","0","undefined","undefined","1","right_button","undefined","0","0","0","0","0","0","0","0","0","0","0","NA","NA","0","0","1","NA","NA","NA","NA","NA","NA","0","NA","0","37","37","37","37","NA","NA","103","8","0","0","265","0","0","0","0","0","0","0","37","0","NA","NA","37","37","37","37","37","3","37","37","38","0","0","0","NA","1","NA","0","0","3","0","0","37","37","37","0","0","0","0","0","0","0","0","0","NA","NA","0","0","NA","37","13","37","37","37","37","37","37","37","13","undefined","516","-277","Thu Oct  3 17:47:30 2024","764","The main experiment item","yes","active","Norway_Session_6.osexp","1","C:\Users\Tromso\Desktop\LESS\Session 6","no","no","mono","no","18","no","white","no","Click to confirm or to begin from default part if nothing selected","NA","yes","common","active","gender agreement","1","number violation","103","768","legacy","Mini-English","NA","List 1: grammatical, gender violation, number violation","37","37","C:/Users/Tromso/Desktop/LESS/Session 6/subject-9.csv","1.2.3","xpyriment","1812","NA","plural","Lentiform Loewenfeld","3.3.14","0","3","NA","space","NA","NA","NA","NA","NA","NA","NA","NA","NA","NA","c","NA","space","NA","space","3","358","NA","9282","NA","NA","NA","NA","NA","NA","NA","NA","NA","NA","90525","NA","10897","NA","110933","358","NA","8789","NA","space","2","legacy","Jer dress look dangerouseju but jer box not.","175","Session 6","NA","Experiment","2024-10-03 17:47","1024","2","48000","-16","Session6","Norway","9","odd","word4","45","NA","no","NA","109138","NA","26086","NA","16799","16795","5935","16795","NA","NA","NA","NA","NA","NA","NA","NA","NA","NA","NA","NA","NA","NA","NA","5934","577372","606807","613987","614574","NA","NA","617632","26086","NA","NA","616113","NA","116646","NA","116649","NA","127550","238523","611939","238513","NA","NA","611965","612635","617885","617885","611939","16795","609676","609676","618244","NA","NA","5935","NA","NA","NA","7993","NA","NA","NA","7994","609659","576864","614528","5935","NA","5935","NA","NA","NA","16795","NA","5935","NA","NA","NA","8005","NA","612906","590560","613412","613987","614528","615355","615860","616477","617252","589844","Norway Session 6","30","396773","42","0","38","yes","","copula_look","1024","NA","Jer","","","250","dress","320","look","285","dangerouseju","525","but","250","jer","250","box","250","not.","285","",""
"NA","NA","72.09302325581395","72.09302325581395","9242.860465116279","9242.860465116279","#242424","xpyriment","legacy","legacy","0","uniform","1","undefined","NA","NA","0","undefined","undefined","1","left_button","undefined","0","0","0","0","0","0","0","0","0","0","0","NA","NA","0","0","1","NA","NA","NA","NA","NA","NA","0","NA","0","38","38","38","38","NA","NA","107","8","0","0","272","0","0","0","0","0","0","0","38","0","NA","NA","38","38","38","38","38","3","38","38","39","0","0","0","NA","1","NA","0","0","3","0","0","38","38","38","0","0","0","0","0","0","0","0","0","NA","NA","0","0","NA","38","14","38","38","38","38","38","38","38","14","undefined","516","-277","Thu Oct  3 17:47:30 2024","736","The main experiment item","yes","active","Norway_Session_6.osexp","1","C:\Users\Tromso\Desktop\LESS\Session 6","no","no","mono","no","18","no","white","no","Click to confirm or to begin from default part if nothing selected","NA","yes","","active","verb-object agreement","3","grammatical","101","768","legacy","Mini-English","NA","List 1: grammatical, VOA violation, article location violation","38","38","C:/Users/Tromso/Desktop/LESS/Session 6/subject-9.csv","1.2.3","xpyriment","","NA","singular","Lentiform Loewenfeld","3.3.14","0","1","NA","space","NA","NA","NA","NA","NA","NA","NA","NA","NA","NA","c","NA","space","NA","space","1","670","NA","9282","NA","NA","NA","NA","NA","NA","NA","NA","NA","NA","90525","NA","10897","NA","110933","670","NA","8789","NA","space","2","legacy","Lily dirtied fi ze letter and fi je wall too.","185","Session 6","NA","Experiment","2024-10-03 17:47","1024","2","48000","-16","Session6","Norway","9","odd","word4","46","NA","no","NA","109138","NA","26086","NA","16799","16795","5935","16795","NA","NA","NA","NA","NA","NA","NA","NA","NA","NA","NA","NA","NA","NA","NA","5934","577372","623658","622642","623195","NA","NA","627748","26086","NA","NA","624764","NA","116646","NA","116649","NA","127550","238523","620492","238513","NA","NA","620514","621184","628005","628005","620492","16795","618266","618266","628676","NA","NA","5935","NA","NA","NA","7993","NA","NA","NA","7994","618249","576864","623148","5935","NA","5935","NA","NA","NA","16795","NA","5935","NA","NA","NA","8005","NA","621456","627356","621997","622642","623148","623901","624512","625120","625829","626591","Norway Session 6","31","397443","43","0","39","yes","87","","1024","NA","Lily","too.","285","285","dirtied","390","fi","250","ze","210","letter","355","and","250","fi","250","je","250","wall","285"
"NA","NA","72.72727272727273","72.72727272727273","9067.772727272728","9067.772727272728","#242424","xpyriment","legacy","legacy","0","uniform","1","undefined","NA","NA","0","undefined","undefined","1","right_button","undefined","0","0","0","0","0","0","0","0","0","0","0","NA","NA","0","0","1","NA","NA","NA","NA","NA","NA","0","NA","0","39","39","39","39","NA","NA","109","8","0","0","279","0","0","0","0","0","0","0","39","0","NA","NA","39","39","39","39","39","3","39","39","40","0","0","0","NA","1","NA","0","0","3","0","0","39","39","39","0","0","0","0","0","0","0","0","0","NA","NA","0","0","NA","39","14","39","39","39","39","39","39","39","14","undefined","516","-277","Thu Oct  3 17:47:30 2024","745","The main experiment item","yes","active","Norway_Session_6.osexp","1","C:\Users\Tromso\Desktop\LESS\Session 6","no","no","mono","no","18","no","white","no","Click to confirm or to begin from default part if nothing selected","NA","yes","common","active","gender agreement","1","gender violation","102","768","legacy","Mini-English","NA","List 1: grammatical, gender violation, number violation","39","39","C:/Users/Tromso/Desktop/LESS/Session 6/subject-9.csv","1.2.3","xpyriment","1411","NA","singular","Lentiform Loewenfeld","3.3.14","0","3","NA","space","NA","NA","NA","NA","NA","NA","NA","NA","NA","NA","c","NA","space","NA","space","3","1539","NA","9282","NA","NA","NA","NA","NA","NA","NA","NA","NA","NA","90525","NA","10897","NA","110933","1539","NA","8789","NA","space","2","legacy","Je box is safezu and je fork too.","159","Session 6","NA","Experiment","2024-10-03 17:47","1024","2","48000","-16","Session6","Norway","9","odd","word4","44","NA","no","NA","109138","NA","26086","NA","16799","16795","5935","16795","NA","NA","NA","NA","NA","NA","NA","NA","NA","NA","NA","NA","NA","NA","NA","5934","577372","633923","632802","633354","NA","NA","636314","26086","NA","NA","634820","NA","116646","NA","116649","NA","127550","238523","630830","238513","NA","NA","630852","631523","636568","636568","630830","16795","628694","628694","638108","NA","NA","5935","NA","NA","NA","7993","NA","NA","NA","7994","628680","576864","633308","5935","NA","5935","NA","NA","NA","16795","NA","5935","NA","NA","NA","8005","NA","631793","627356","632298","632802","633308","634061","634567","635177","635922","626591","Norway Session 6","32","398982","44","0","40","yes","","copula_be","1024","NA","Je","","","250","box","250","is","250","safezu","315","and","250","je","250","fork","285","too.","285","",""
"NA","NA","73.33333333333333","73.33333333333333","8890.044444444444","8890.044444444444","#242424","xpyriment","legacy","legacy","0","uniform","1","undefined","NA","NA","0","undefined","undefined","1","right_button","undefined","0","0","0","0","0","0","0","0","0","0","0","NA","NA","0","0","1","NA","NA","NA","NA","NA","NA","0","NA","0","40","40","40","40","NA","NA","111","8","0","0","286","0","0","0","0","0","0","0","40","0","NA","NA","40","40","40","40","40","3","40","40","41","0","0","0","NA","1","NA","0","0","3","0","0","40","40","40","0","0","0","0","0","0","0","0","0","NA","NA","0","0","NA","40","14","40","40","40","40","40","40","40","14","undefined","516","-277","Thu Oct  3 17:47:30 2024","742","The main experiment item","yes","active","Norway_Session_6.osexp","1","C:\Users\Tromso\Desktop\LESS\Session 6","no","no","mono","no","18","no","white","no","Click to confirm or to begin from default part if nothing selected","NA","yes","neuter","active","gender agreement","1","gender violation","102","768","legacy","Mini-English","NA","List 1: grammatical, gender violation, number violation","40","40","C:/Users/Tromso/Desktop/LESS/Session 6/subject-9.csv","1.2.3","xpyriment","2314","NA","plural","Lentiform Loewenfeld","3.3.14","0","3","NA","space","NA","NA","NA","NA","NA","NA","NA","NA","NA","NA","c","NA","space","NA","space","3","1070","NA","9282","NA","NA","NA","NA","NA","NA","NA","NA","NA","NA","90525","NA","10897","NA","110933","1070","NA","8789","NA","space","2","legacy","Zer candle look badejur but zer strawberry not.","204","Session 6","NA","Experiment","2024-10-03 17:47","1024","2","48000","-16","Session6","Norway","9","odd","word4","47","NA","no","NA","109138","NA","26086","NA","16799","16795","5935","16795","NA","NA","NA","NA","NA","NA","NA","NA","NA","NA","NA","NA","NA","NA","NA","5934","577372","643395","642211","642793","NA","NA","645841","26086","NA","NA","644254","NA","116646","NA","116649","NA","127550","238523","640134","238513","NA","NA","640156","640826","646093","646093","640134","16795","638126","638126","647164","NA","NA","5935","NA","NA","NA","7993","NA","NA","NA","7994","638112","576864","642751","5935","NA","5935","NA","NA","NA","16795","NA","5935","NA","NA","NA","8005","NA","641096","627356","641601","642210","642751","643497","644002","644576","645471","626591","Norway Session 6","33","400052","45","0","41","yes","","copula_look","1024","NA","Zer","","","250","candle","355","look","285","badejur","350","but","250","zer","250","strawberry","495","not.","285","",""
"NA","NA","73.91304347826087","73.91304347826087","8704.695652173914","8704.695652173914","#242424","xpyriment","legacy","legacy","0","uniform","1","undefined","NA","NA","0","undefined","undefined","1","left_button","undefined","0","0","0","0","0","0","0","0","0","0","0","NA","NA","0","0","1","NA","NA","NA","NA","NA","NA","0","NA","0","41","41","41","41","NA","NA","115","8","0","0","293","0","0","0","0","0","0","0","41","0","NA","NA","41","41","41","41","41","3","41","41","42","0","0","0","NA","1","NA","0","0","3","0","0","41","41","41","0","0","0","0","0","0","0","0","0","NA","NA","0","0","NA","41","15","41","41","41","41","41","41","41","15","undefined","516","-276","Thu Oct  3 17:47:30 2024","754","The main experiment item","yes","active","Norway_Session_6.osexp","1","C:\Users\Tromso\Desktop\LESS\Session 6","no","no","mono","no","18","no","white","no","Click to confirm or to begin from default part if nothing selected","NA","yes","","active","verb-object agreement","3","grammatical","101","768","legacy","Mini-English","NA","List 1: grammatical, VOA violation, article location violation","41","41","C:/Users/Tromso/Desktop/LESS/Session 6/subject-9.csv","1.2.3","xpyriment","","NA","plural","Lentiform Loewenfeld","3.3.14","0","1","NA","space","NA","NA","NA","NA","NA","NA","NA","NA","NA","NA","c","NA","space","NA","space","1","364","NA","9282","NA","NA","NA","NA","NA","NA","NA","NA","NA","NA","90525","NA","10897","NA","110933","364","NA","8789","NA","space","2","legacy","Ava fixedevo fi zer closet but not fi jer pencil.","228","Session 6","NA","Experiment","2024-10-03 17:47","1024","2","48000","-16","Session6","Norway","9","odd","word4","49","NA","no","NA","109138","NA","26086","NA","16799","16795","5935","16795","NA","NA","NA","NA","NA","NA","NA","NA","NA","NA","NA","NA","NA","NA","NA","5934","577372","652443","651427","651980","NA","NA","656571","26086","NA","NA","653551","NA","116646","NA","116649","NA","127550","238523","649277","238513","NA","NA","649299","649970","656823","656823","649277","16795","647186","647186","657188","NA","NA","5935","NA","NA","NA","7993","NA","NA","NA","7994","647172","576864","651933","5935","NA","5935","NA","NA","NA","16795","NA","5935","NA","NA","NA","8005","NA","650240","656065","650746","651427","651933","652686","653298","653898","654618","655341","Norway Session 6","34","400416","46","0","42","yes","1510","","1024","NA","Ava","pencil.","390","250","fixedevo","425","fi","250","zer","210","closet","355","but","250","not","250","fi","250","jer","250"
"NA","NA","72.34042553191489","72.34042553191489","8574.617021276596","8574.617021276596","#242424","xpyriment","legacy","legacy","0","uniform","0","undefined","NA","NA","0","undefined","undefined","0","right_button","undefined","0","0","0","0","0","0","0","0","0","0","0","NA","NA","0","0","1","NA","NA","NA","NA","NA","NA","0","NA","0","42","42","42","42","NA","NA","117","8","0","0","300","0","0","0","0","0","0","0","42","0","NA","NA","42","42","42","42","42","3","42","42","43","0","0","0","NA","1","NA","0","0","3","0","0","42","42","42","0","0","0","0","0","0","0","0","0","NA","NA","0","0","NA","42","15","42","42","42","42","42","42","42","15","undefined","516","-276","Thu Oct  3 17:47:30 2024","760","The main experiment item","yes","active","Norway_Session_6.osexp","1","C:\Users\Tromso\Desktop\LESS\Session 6","no","no","mono","no","18","no","white","no","Click to confirm or to begin from default part if nothing selected","NA","yes","common","active","gender agreement","1","gender violation","102","768","legacy","Mini-English","NA","List 1: grammatical, gender violation, number violation","42","42","C:/Users/Tromso/Desktop/LESS/Session 6/subject-9.csv","1.2.3","xpyriment","1617","NA","singular","Lentiform Loewenfeld","3.3.14","0","1","NA","space","NA","NA","NA","NA","NA","NA","NA","NA","NA","NA","c","NA","space","NA","space","1","2591","NA","9282","NA","NA","NA","NA","NA","NA","NA","NA","NA","NA","90525","NA","10897","NA","110933","2591","NA","8789","NA","space","2","legacy","Je suitcase is yellowezu and je box too.","233","Session 6","NA","Experiment","2024-10-03 17:47","1024","2","48000","-16","Session6","Norway","9","odd","word4","50","NA","no","NA","109138","NA","26086","NA","16799","16795","5935","16795","NA","NA","NA","NA","NA","NA","NA","NA","NA","NA","NA","NA","NA","NA","NA","5934","577372","662674","661449","662001","NA","NA","664919","26086","NA","NA","663465","NA","116646","NA","116649","NA","127550","238523","659298","238513","NA","NA","659321","659992","665172","665172","659298","16795","657206","657206","667764","NA","NA","5935","NA","NA","NA","7993","NA","NA","NA","7994","657192","576864","661955","5935","NA","5935","NA","NA","NA","16795","NA","5935","NA","NA","NA","8005","NA","660262","656065","660768","661449","661955","662707","663213","663817","664528","655341","Norway Session 6","34","403007","47","0","43","yes","","copula_be","1024","NA","Je","","","250","suitcase","425","is","250","yellowezu","420","and","250","je","250","box","250","too.","285","",""
"NA","NA","70.83333333333333","70.83333333333333","8408.791666666666","8408.791666666666","#242424","xpyriment","legacy","legacy","0","uniform","0","undefined","NA","NA","0","undefined","undefined","0","right_button","undefined","0","0","0","0","0","0","0","0","0","0","0","NA","NA","0","0","1","NA","NA","NA","NA","NA","NA","0","NA","0","43","43","43","43","NA","NA","121","8","0","0","307","0","0","0","0","0","0","0","43","0","NA","NA","43","43","43","43","43","3","43","43","44","0","0","0","NA","1","NA","0","0","3","0","0","43","43","43","0","0","0","0","0","0","0","0","0","NA","NA","0","0","NA","43","16","43","43","43","43","43","43","43","16","undefined","514","-273","Thu Oct  3 17:47:30 2024","752","The main experiment item","yes","active","Norway_Session_6.osexp","1","C:\Users\Tromso\Desktop\LESS\Session 6","no","no","mono","no","18","no","white","no","Click to confirm or to begin from default part if nothing selected","NA","yes","","active","verb-object agreement","3","VOA violation","102","768","legacy","Mini-English","NA","List 1: grammatical, VOA violation, article location violation","43","43","C:/Users/Tromso/Desktop/LESS/Session 6/subject-9.csv","1.2.3","xpyriment","","NA","plural","Lentiform Loewenfeld","3.3.14","0","1","NA","space","NA","NA","NA","NA","NA","NA","NA","NA","NA","NA","c","NA","space","NA","space","1","615","NA","9282","NA","NA","NA","NA","NA","NA","NA","NA","NA","NA","90525","NA","10897","NA","110933","615","NA","8789","NA","space","2","legacy","Charlie provided fi jer truck and fi zer roof too.","162","Session 6","NA","Experiment","2024-10-03 17:47","1024","2","48000","-16","Session6","Norway","9","odd","word4","44","NA","no","NA","109138","NA","26086","NA","16799","16795","5935","16795","NA","NA","NA","NA","NA","NA","NA","NA","NA","NA","NA","NA","NA","NA","NA","5934","577372","673148","672134","672686","NA","NA","677136","26086","NA","NA","674219","NA","116646","NA","116649","NA","127550","238523","669845","238513","NA","NA","669867","670538","677388","677388","669845","16795","667783","667783","678004","NA","NA","5935","NA","NA","NA","7993","NA","NA","NA","7994","667769","576864","672640","5935","NA","5935","NA","NA","NA","16795","NA","5935","NA","NA","NA","8005","NA","670808","676741","671453","672134","672639","673391","673967","674579","675301","676004","Norway Session 6","34","403622","48","0","44","yes","95","","1024","NA","Charlie","too.","285","390","provided","425","fi","250","jer","210","truck","320","and","250","fi","250","zer","250","roof","285"
"NA","NA","71.42857142857143","71.42857142857143","8245.387755102041","8245.387755102041","#242424","xpyriment","legacy","legacy","0","uniform","1","undefined","NA","NA","0","undefined","undefined","1","right_button","undefined","0","0","0","0","0","0","0","0","0","0","0","NA","NA","0","0","1","NA","NA","NA","NA","NA","NA","0","NA","0","44","44","44","44","NA","NA","123","8","0","0","314","0","0","0","0","0","0","0","44","0","NA","NA","44","44","44","44","44","3","44","44","45","0","0","0","NA","1","NA","0","0","3","0","0","44","44","44","0","0","0","0","0","0","0","0","0","NA","NA","0","0","NA","44","16","44","44","44","44","44","44","44","16","undefined","514","-273","Thu Oct  3 17:47:30 2024","744","The main experiment item","yes","active","Norway_Session_6.osexp","1","C:\Users\Tromso\Desktop\LESS\Session 6","no","no","mono","no","18","no","white","no","Click to confirm or to begin from default part if nothing selected","NA","yes","neuter","active","gender agreement","1","gender violation","102","768","legacy","Mini-English","NA","List 1: grammatical, gender violation, number violation","44","44","C:/Users/Tromso/Desktop/LESS/Session 6/subject-9.csv","1.2.3","xpyriment","2414","NA","plural","Lentiform Loewenfeld","3.3.14","0","3","NA","space","NA","NA","NA","NA","NA","NA","NA","NA","NA","NA","c","NA","space","NA","space","3","402","NA","9282","NA","NA","NA","NA","NA","NA","NA","NA","NA","NA","90525","NA","10897","NA","110933","402","NA","8789","NA","space","2","legacy","Zer mirror look badejur but zer tray not.","205","Session 6","NA","Experiment","2024-10-03 17:47","1024","2","48000","-16","Session6","Norway","9","odd","word4","47","NA","no","NA","109138","NA","26086","NA","16799","16795","5935","16795","NA","NA","NA","NA","NA","NA","NA","NA","NA","NA","NA","NA","NA","NA","NA","5934","577372","683410","682218","682807","NA","NA","685796","26086","NA","NA","684271","NA","116646","NA","116649","NA","127550","238523","680138","238513","NA","NA","680160","680831","686049","686048","680138","16795","678022","678022","686452","NA","NA","5935","NA","NA","NA","7993","NA","NA","NA","7994","678007","576864","682759","5935","NA","5935","NA","NA","NA","16795","NA","5935","NA","NA","NA","8005","NA","681102","676741","681607","682218","682759","683513","684018","684636","685395","676004","Norway Session 6","35","404024","49","0","45","yes","","copula_look","1024","NA","Zer","","","250","mirror","355","look","285","badejur","350","but","250","zer","250","tray","285","not.","285","",""
"NA","NA","72","72","8159.34","8159.34","#242424","xpyriment","legacy","legacy","0","uniform","1","undefined","NA","NA","0","undefined","undefined","1","right_button","undefined","0","0","0","0","0","0","0","0","0","0","0","NA","NA","0","0","1","NA","NA","NA","NA","NA","NA","0","NA","0","45","45","45","45","NA","NA","125","8","0","0","321","0","0","0","0","0","0","0","45","0","NA","NA","45","45","45","45","45","3","45","45","46","0","0","0","NA","1","NA","0","0","3","0","0","45","45","45","0","0","0","0","0","0","0","0","0","NA","NA","0","0","NA","45","16","45","45","45","45","45","45","45","16","undefined","510","-271","Thu Oct  3 17:47:30 2024","761","The main experiment item","yes","active","Norway_Session_6.osexp","1","C:\Users\Tromso\Desktop\LESS\Session 6","no","no","mono","no","18","no","white","no","Click to confirm or to begin from default part if nothing selected","NA","yes","","active","differential object marking","2","article location violation","103","768","legacy","Mini-English","NA","List 1: grammatical, DOM violation, article location violation","45","45","C:/Users/Tromso/Desktop/LESS/Session 6/subject-9.csv","1.2.3","xpyriment","","NA","singular","Lentiform Loewenfeld","3.3.14","0","3","NA","space","NA","NA","NA","NA","NA","NA","NA","NA","NA","NA","c","NA","space","NA","space","3","3943","NA","9282","NA","NA","NA","NA","NA","NA","NA","NA","NA","NA","90525","NA","10897","NA","110933","3943","NA","8789","NA","space","2","legacy","Amelia wetted fi zetable but not fi jedrum.","179","Session 6","NA","Experiment","2024-10-03 17:47","1024","2","48000","-16","Session6","Norway","9","odd","word4","45","NA","no","NA","109138","NA","26086","NA","16799","16795","5935","16795","NA","NA","NA","NA","NA","NA","NA","NA","NA","NA","NA","NA","NA","NA","NA","5934","577372","692020","690866","691417","NA","NA","694447","26086","NA","NA","692882","NA","116646","NA","116649","NA","127550","238523","688679","238513","NA","NA","688701","689372","694700","694700","688680","16795","686474","686474","698644","NA","NA","5935","NA","NA","NA","7993","NA","NA","NA","7994","686459","576864","691372","5935","NA","5935","NA","NA","NA","16795","NA","5935","NA","NA","NA","8005","NA","689644","676741","690255","690866","691372","692123","692629","693240","693957","676004","Norway Session 6","36","407967","50","0","46","yes","149","","1024","NA","Amelia","","","355","wetted","355","fi","250","zetable","350","but","250","not","250","fi","250","jedrum.","390","",""
"NA","NA","72.54901960784314","72.54901960784314","8006.313725490196","8006.313725490196","#242424","xpyriment","legacy","legacy","0","uniform","1","undefined","NA","NA","0","undefined","undefined","1","left_button","undefined","0","0","0","0","0","0","0","0","0","0","0","NA","NA","0","0","1","NA","NA","NA","NA","NA","NA","0","NA","0","46","46","46","46","NA","NA","127","8","0","0","328","0","0","0","0","0","0","0","46","0","NA","NA","46","46","46","46","46","3","46","46","47","0","0","0","NA","1","NA","0","0","3","0","0","46","46","46","0","0","0","0","0","0","0","0","0","NA","NA","0","0","NA","46","16","46","46","46","46","46","46","46","16","undefined","510","-271","Thu Oct  3 17:47:30 2024","734","The main experiment item","yes","active","Norway_Session_6.osexp","1","C:\Users\Tromso\Desktop\LESS\Session 6","no","no","mono","no","18","no","white","no","Click to confirm or to begin from default part if nothing selected","NA","yes","neuter","active","gender agreement","1","grammatical","101","768","legacy","Mini-English","NA","List 1: grammatical, gender violation, number violation","46","46","C:/Users/Tromso/Desktop/LESS/Session 6/subject-9.csv","1.2.3","xpyriment","207","NA","singular","Lentiform Loewenfeld","3.3.14","0","1","NA","space","NA","NA","NA","NA","NA","NA","NA","NA","NA","NA","c","NA","space","NA","space","1","355","NA","9282","NA","NA","NA","NA","NA","NA","NA","NA","NA","NA","90525","NA","10897","NA","110933","355","NA","8789","NA","space","2","legacy","Ze leaf is lightezu and ze candle too.","117","Session 6","NA","Experiment","2024-10-03 17:47","1024","2","48000","-16","Session6","Norway","9","odd","word4","40","NA","no","NA","109138","NA","26086","NA","16799","16795","5935","16795","NA","NA","NA","NA","NA","NA","NA","NA","NA","NA","NA","NA","NA","NA","NA","5934","577372","703947","702757","703310","NA","NA","706347","26086","NA","NA","704772","NA","116646","NA","116649","NA","127550","238523","700749","238513","NA","NA","700771","701442","706601","706600","700749","16795","698662","698662","706956","NA","NA","5935","NA","NA","NA","7993","NA","NA","NA","7994","698648","576864","703263","5935","NA","5935","NA","NA","NA","16795","NA","5935","NA","NA","NA","8005","NA","701711","676741","702218","702757","703263","704015","704520","705125","705953","676004","Norway Session 6","37","408322","51","0","47","yes","","copula_be","1024","NA","Ze","","","250","leaf","285","is","250","lightezu","385","and","250","ze","250","candle","355","too.","285","",""
"NA","NA","73.07692307692308","73.07692307692308","7862.153846153846","7862.153846153846","#242424","xpyriment","legacy","legacy","0","uniform","1","undefined","NA","NA","0","undefined","undefined","1","right_button","undefined","0","0","0","0","0","0","0","0","0","0","0","NA","NA","0","0","1","NA","NA","NA","NA","NA","NA","0","NA","0","47","47","47","47","NA","NA","129","8","0","0","335","0","0","0","0","0","0","0","47","0","NA","NA","47","47","47","47","47","3","47","47","48","0","0","0","NA","1","NA","0","0","3","0","0","47","47","47","0","0","0","0","0","0","0","0","0","NA","NA","0","0","NA","47","16","47","47","47","47","47","47","47","16","undefined","510","-271","Thu Oct  3 17:47:30 2024","758","The main experiment item","yes","active","Norway_Session_6.osexp","1","C:\Users\Tromso\Desktop\LESS\Session 6","no","no","mono","no","18","no","white","no","Click to confirm or to begin from default part if nothing selected","NA","yes","common","active","gender agreement","1","number violation","103","768","legacy","Mini-English","NA","List 1: grammatical, gender violation, number violation","47","47","C:/Users/Tromso/Desktop/LESS/Session 6/subject-9.csv","1.2.3","xpyriment","1712","NA","plural","Lentiform Loewenfeld","3.3.14","0","3","NA","space","NA","NA","NA","NA","NA","NA","NA","NA","NA","NA","c","NA","space","NA","space","3","510","NA","9282","NA","NA","NA","NA","NA","NA","NA","NA","NA","NA","90525","NA","10897","NA","110933","510","NA","8789","NA","space","2","legacy","Jer fork look dangerouseju but jer saucepan not.","174","Session 6","NA","Experiment","2024-10-03 17:47","1024","2","48000","-16","Session6","Norway","9","odd","word4","45","NA","no","NA","109138","NA","26086","NA","16799","16795","5935","16795","NA","NA","NA","NA","NA","NA","NA","NA","NA","NA","NA","NA","NA","NA","NA","5934","577372","703947","711099","711690","NA","NA","714871","26086","NA","NA","713226","NA","116646","NA","116649","NA","127550","238523","709088","238513","NA","NA","709110","709780","715125","715125","709088","16795","706978","706978","715636","NA","NA","5935","NA","NA","NA","7993","NA","NA","NA","7994","706964","576864","711641","5935","NA","5935","NA","NA","NA","16795","NA","5935","NA","NA","NA","8005","NA","710051","676741","710558","711099","711641","712469","712974","713580","714484","676004","Norway Session 6","38","408832","52","0","48","yes","","copula_look","1024","NA","Jer","","","250","fork","285","look","285","dangerouseju","525","but","250","jer","250","saucepan","425","not.","285","",""
"NA","NA","73.58490566037736","73.58490566037736","7720.622641509434","7720.622641509434","#242424","xpyriment","legacy","legacy","0","uniform","1","undefined","NA","NA","0","undefined","undefined","1","left_button","undefined","0","0","0","0","0","0","0","0","0","0","0","NA","NA","0","0","1","NA","NA","NA","NA","NA","NA","0","NA","0","48","48","48","48","NA","NA","133","8","0","0","342","0","0","0","0","0","0","0","48","0","NA","NA","48","48","48","48","48","3","48","48","49","0","0","0","NA","1","NA","0","0","3","0","0","48","48","48","0","0","0","0","0","0","0","0","0","NA","NA","0","0","NA","48","17","48","48","48","48","48","48","48","17","undefined","510","-271","Thu Oct  3 17:47:30 2024","754","The main experiment item","yes","active","Norway_Session_6.osexp","1","C:\Users\Tromso\Desktop\LESS\Session 6","no","no","mono","no","18","no","white","no","Click to confirm or to begin from default part if nothing selected","NA","yes","","active","differential object marking","2","grammatical","101","768","legacy","Mini-English","NA","List 1: grammatical, DOM violation, article location violation","48","48","C:/Users/Tromso/Desktop/LESS/Session 6/subject-9.csv","1.2.3","xpyriment","","NA","singular","Lentiform Loewenfeld","3.3.14","0","1","NA","space","NA","NA","NA","NA","NA","NA","NA","NA","NA","NA","c","NA","space","NA","space","1","361","NA","9282","NA","NA","NA","NA","NA","NA","NA","NA","NA","NA","90525","NA","10897","NA","110933","361","NA","8789","NA","space","2","legacy","Lily dirtied fi je drum and fi je wall too.","185","Session 6","NA","Experiment","2024-10-03 17:47","1024","2","48000","-16","Session6","Norway","9","odd","word4","46","NA","no","NA","109138","NA","26086","NA","16799","16795","5935","16795","NA","NA","NA","NA","NA","NA","NA","NA","NA","NA","NA","NA","NA","NA","NA","5934","577372","721014","719999","720551","NA","NA","725006","26086","NA","NA","722049","NA","116646","NA","116649","NA","127550","238523","717851","238513","NA","NA","717872","718542","725258","725258","717851","16795","715656","715656","725620","NA","NA","5935","NA","NA","NA","7993","NA","NA","NA","7994","715642","576864","720505","5935","NA","5935","NA","NA","NA","16795","NA","5935","NA","NA","NA","8005","NA","718812","724609","719354","719999","720505","721257","721797","722418","723142","723853","Norway Session 6","39","409193","53","0","49","yes","813","","1024","NA","Lily","too.","285","285","dirtied","390","fi","250","je","210","drum","285","and","250","fi","250","je","250","wall","285"
"NA","NA","74.07407407407408","74.07407407407408","7752.5","7752.5","#242424","xpyriment","legacy","legacy","0","uniform","1","undefined","NA","NA","0","undefined","undefined","1","right_button","undefined","0","0","0","0","0","0","0","0","0","0","0","NA","NA","0","0","1","NA","NA","NA","NA","NA","NA","0","NA","0","49","49","49","49","NA","NA","135","8","0","0","349","0","0","0","0","0","0","0","49","0","NA","NA","49","49","49","49","49","3","49","49","50","0","0","0","NA","1","NA","0","0","3","0","0","49","49","49","0","0","0","0","0","0","0","0","0","NA","NA","0","0","NA","49","17","49","49","49","49","49","49","49","17","undefined","510","-271","Thu Oct  3 17:47:30 2024","749","The main experiment item","yes","active","Norway_Session_6.osexp","1","C:\Users\Tromso\Desktop\LESS\Session 6","no","no","mono","no","18","no","white","no","Click to confirm or to begin from default part if nothing selected","NA","yes","","active","differential object marking","2","DOM violation","102","768","legacy","Mini-English","NA","List 1: grammatical, DOM violation, article location violation","49","49","C:/Users/Tromso/Desktop/LESS/Session 6/subject-9.csv","1.2.3","xpyriment","","NA","singular","Lentiform Loewenfeld","3.3.14","0","3","NA","space","NA","NA","NA","NA","NA","NA","NA","NA","NA","NA","c","NA","space","NA","space","3","9442","NA","9282","NA","NA","NA","NA","NA","NA","NA","NA","NA","NA","90525","NA","10897","NA","110933","9442","NA","8789","NA","space","2","legacy","Lily refused ze leaf and ze strawberry too.","237","Session 6","NA","Experiment","2024-10-03 17:47","1024","2","48000","-16","Session6","Norway","9","odd","word3","50","NA","no","NA","109138","NA","26086","NA","16799","16795","5935","16795","NA","NA","NA","NA","NA","NA","NA","NA","NA","NA","NA","NA","NA","NA","NA","5934","730420","721014","729958","730663","NA","NA","733683","26086","NA","NA","731962","NA","116646","NA","116649","NA","127550","238523","727765","238513","NA","NA","727787","728457","733937","733936","727765","16795","725640","725640","743379","NA","NA","5935","NA","NA","NA","7993","NA","NA","NA","7994","725625","729913","720505","5935","NA","5935","NA","NA","NA","16795","NA","5935","NA","NA","NA","8005","NA","728727","724609","729267","729913","730663","731203","731709","732318","733286","723853","Norway Session 6","40","418635","54","0","50","yes","1220","","1024","NA","Lily","","","285","refused","390","ze","210","leaf","285","and","250","ze","250","strawberry","495","too.","285","",""
"NA","NA","74.54545454545455","74.54545454545455","7620.236363636363","7620.236363636363","#242424","xpyriment","legacy","legacy","0","uniform","1","undefined","NA","NA","0","undefined","undefined","1","left_button","undefined","0","0","0","0","0","0","0","0","0","0","0","NA","NA","0","0","1","NA","NA","NA","NA","NA","NA","0","NA","0","50","50","50","50","NA","0","139","8","0","0","356","0","0","0","0","0","0","0","50","0","NA","NA","50","50","50","50","50","3","50","50","51","0","0","0","NA","1","NA","0","0","3","0","0","50","50","50","0","0","0","0","0","0","0","0","0","NA","NA","0","0","NA","50","18","50","50","50","50","50","50","50","18","undefined","513","-263","Thu Oct  3 17:47:30 2024","733","The main experiment item","yes","active","Norway_Session_6.osexp","1","C:\Users\Tromso\Desktop\LESS\Session 6","no","no","mono","no","18","no","white","no","Click to confirm or to begin from default part if nothing selected","NA","yes","","active","differential object marking","2","grammatical","101","768","legacy","Mini-English","NA","List 1: grammatical, DOM violation, article location violation","50","50","C:/Users/Tromso/Desktop/LESS/Session 6/subject-9.csv","1.2.3","xpyriment","","NA","singular","Lentiform Loewenfeld","3.3.14","0","1","NA","space","NA","NA","NA","NA","NA","NA","NA","NA","NA","space","c","NA","space","NA","space","1","478","NA","9282","NA","NA","NA","NA","NA","NA","NA","NA","NA","33448","90525","NA","10897","NA","110933","478","NA","8789","NA","space","2","legacy","Amelia forgot fi je drum and fi ze letter too.","183","Session 6","NA","Experiment","2024-10-03 17:47","1024","2","48000","-16","Session6","Norway","9","odd","word4","46","NA","no","NA","109138","NA","26086","NA","16799","16795","5935","16795","NA","NA","NA","NA","NA","NA","NA","NA","NA","NA","NA","NA","NA","NA","NA","5934","730420","782384","781368","781922","NA","743539","786472","26086","NA","NA","783420","NA","116646","NA","116649","NA","127550","238523","779184","238513","NA","NA","779206","779877","786725","786725","779184","16795","776990","776990","787204","NA","NA","5935","NA","NA","NA","7993","NA","NA","NA","7994","743384","729913","781874","5935","NA","5935","NA","NA","NA","16795","NA","5935","NA","NA","NA","8005","NA","780148","786066","780758","781368","781874","782627","783167","783762","784481","785227","Norway Session 6","41","419113","55","0","51","yes","613","","1024","NA","Amelia","too.","285","355","forgot","355","fi","250","je","210","drum","285","and","250","fi","250","ze","250","letter","355"
"NA","NA","75","75","7489.803571428572","7489.803571428572","#242424","xpyriment","legacy","legacy","0","uniform","1","undefined","NA","NA","0","undefined","undefined","1","left_button","undefined","0","0","0","0","0","0","0","0","0","0","0","NA","NA","0","0","1","NA","NA","NA","NA","NA","NA","0","NA","0","51","51","51","51","NA","0","143","8","0","0","363","0","0","0","0","0","0","0","51","0","NA","NA","51","51","51","51","51","3","51","51","52","0","0","0","NA","1","NA","0","0","3","0","0","51","51","51","0","0","0","0","0","0","0","0","0","NA","NA","0","0","NA","51","19","51","51","51","51","51","51","51","19","undefined","513","-263","Thu Oct  3 17:47:30 2024","747","The main experiment item","yes","active","Norway_Session_6.osexp","1","C:\Users\Tromso\Desktop\LESS\Session 6","no","no","mono","no","18","no","white","no","Click to confirm or to begin from default part if nothing selected","NA","yes","","active","verb-object agreement","3","grammatical","101","768","legacy","Mini-English","NA","List 1: grammatical, VOA violation, article location violation","51","51","C:/Users/Tromso/Desktop/LESS/Session 6/subject-9.csv","1.2.3","xpyriment","","NA","singular","Lentiform Loewenfeld","3.3.14","0","1","NA","space","NA","NA","NA","NA","NA","NA","NA","NA","NA","space","c","NA","space","NA","space","1","316","NA","9282","NA","NA","NA","NA","NA","NA","NA","NA","NA","33448","90525","NA","10897","NA","110933","316","NA","8789","NA","space","2","legacy","Oliver forgot fi je backpack but not fi je truck.","147","Session 6","NA","Experiment","2024-10-03 17:47","1024","2","48000","-16","Session6","Norway","9","odd","word4","43","NA","no","NA","109138","NA","26086","NA","16799","16795","5935","16795","NA","NA","NA","NA","NA","NA","NA","NA","NA","NA","NA","NA","NA","NA","NA","5934","730420","792643","791630","792180","NA","743539","796810","26086","NA","NA","793819","NA","116646","NA","116649","NA","127550","238523","789447","238513","NA","NA","789469","790140","797063","797062","789447","16795","787223","787223","797380","NA","NA","5935","NA","NA","NA","7993","NA","NA","NA","7994","787208","729913","792135","5935","NA","5935","NA","NA","NA","16795","NA","5935","NA","NA","NA","8005","NA","790409","796342","791020","791630","792135","792886","793566","794187","794911","795624","Norway Session 6","42","419429","56","0","52","yes","64","","1024","NA","Oliver","truck.","355","355","forgot","355","fi","250","je","210","backpack","425","but","250","not","250","fi","250","je","250"
"NA","NA","75.43859649122807","75.43859649122807","7365.087719298245","7365.087719298245","#242424","xpyriment","legacy","legacy","0","uniform","1","undefined","NA","NA","0","undefined","undefined","1","left_button","undefined","0","0","0","0","0","0","0","0","0","0","0","NA","NA","0","0","1","NA","NA","NA","NA","NA","NA","0","NA","0","52","52","52","52","NA","0","147","8","0","0","370","0","0","0","0","0","0","0","52","0","NA","NA","52","52","52","52","52","3","52","52","53","0","0","0","NA","1","NA","0","0","3","0","0","52","52","52","0","0","0","0","0","0","0","0","0","NA","NA","0","0","NA","52","20","52","52","52","52","52","52","52","20","undefined","513","-263","Thu Oct  3 17:47:30 2024","759","The main experiment item","yes","active","Norway_Session_6.osexp","1","C:\Users\Tromso\Desktop\LESS\Session 6","no","no","mono","no","18","no","white","no","Click to confirm or to begin from default part if nothing selected","NA","yes","","active","verb-object agreement","3","grammatical","101","768","legacy","Mini-English","NA","List 1: grammatical, VOA violation, article location violation","52","52","C:/Users/Tromso/Desktop/LESS/Session 6/subject-9.csv","1.2.3","xpyriment","","NA","singular","Lentiform Loewenfeld","3.3.14","0","1","NA","space","NA","NA","NA","NA","NA","NA","NA","NA","NA","space","c","NA","space","NA","space","1","381","NA","9282","NA","NA","NA","NA","NA","NA","NA","NA","NA","33448","90525","NA","10897","NA","110933","381","NA","8789","NA","space","2","legacy","Amelia ordered fi ze letter and fi ze pool too.","187","Session 6","NA","Experiment","2024-10-03 17:47","1024","2","48000","-16","Session6","Norway","9","odd","word4","46","NA","no","NA","109138","NA","26086","NA","16799","16795","5935","16795","NA","NA","NA","NA","NA","NA","NA","NA","NA","NA","NA","NA","NA","NA","NA","5934","730420","802859","801841","802395","NA","743539","806914","26086","NA","NA","803965","NA","116646","NA","116649","NA","127550","238523","799621","238513","NA","NA","799644","800314","807167","807167","799621","16795","797399","797399","807548","NA","NA","5935","NA","NA","NA","7993","NA","NA","NA","7994","797385","729913","802347","5935","NA","5935","NA","NA","NA","16795","NA","5935","NA","NA","NA","8005","NA","800584","806518","801195","801840","802347","803102","803712","804324","805039","805773","Norway Session 6","43","419810","57","0","53","yes","107","","1024","NA","Amelia","too.","285","355","ordered","390","fi","250","ze","210","letter","355","and","250","fi","250","ze","250","pool","285"
"NA","NA","75.86206896551724","75.86206896551724","7242.379310344828","7242.379310344828","#242424","xpyriment","legacy","legacy","0","uniform","1","undefined","NA","NA","0","undefined","undefined","1","right_button","undefined","0","0","0","0","0","0","0","0","0","0","0","NA","NA","0","0","1","NA","NA","NA","NA","NA","NA","0","NA","0","53","53","53","53","NA","0","149","8","0","0","377","0","0","0","0","0","0","0","53","0","NA","NA","53","53","53","53","53","3","53","53","54","0","0","0","NA","1","NA","0","0","3","0","0","53","53","53","0","0","0","0","0","0","0","0","0","NA","NA","0","0","NA","53","20","53","53","53","53","53","53","53","20","undefined","513","-263","Thu Oct  3 17:47:30 2024","738","The main experiment item","yes","active","Norway_Session_6.osexp","1","C:\Users\Tromso\Desktop\LESS\Session 6","no","no","mono","no","18","no","white","no","Click to confirm or to begin from default part if nothing selected","NA","yes","","active","verb-object agreement","3","article location violation","103","768","legacy","Mini-English","NA","List 1: grammatical, VOA violation, article location violation","53","53","C:/Users/Tromso/Desktop/LESS/Session 6/subject-9.csv","1.2.3","xpyriment","","NA","plural","Lentiform Loewenfeld","3.3.14","0","3","NA","space","NA","NA","NA","NA","NA","NA","NA","NA","NA","space","c","NA","space","NA","space","3","248","NA","9282","NA","NA","NA","NA","NA","NA","NA","NA","NA","33448","90525","NA","10897","NA","110933","248","NA","8789","NA","space","2","legacy","Charlie cleanedevo fi zertable and fi jertruck too.","208","Session 6","NA","Experiment","2024-10-03 17:47","1024","2","48000","-16","Session6","Norway","9","odd","word4","48","NA","no","NA","109138","NA","26086","NA","16799","16795","5935","16795","NA","NA","NA","NA","NA","NA","NA","NA","NA","NA","NA","NA","NA","NA","NA","5934","730420","813223","812033","812585","NA","743539","815702","26086","NA","NA","814049","NA","116646","NA","116649","NA","127550","238523","809673","238513","NA","NA","809696","810366","815955","815955","809673","16795","807567","807567","816204","NA","NA","5935","NA","NA","NA","7993","NA","NA","NA","7994","807553","729913","812538","5935","NA","5935","NA","NA","NA","16795","NA","5935","NA","NA","NA","8005","NA","810637","806518","811282","812033","812538","813291","813795","814409","815329","805773","Norway Session 6","44","420058","58","0","54","yes","79","","1024","NA","Charlie","","","390","cleanedevo","495","fi","250","zertable","385","and","250","fi","250","jertruck","425","too.","285","",""
"NA","NA","76.27118644067797","76.27118644067797","7124.35593220339","7124.35593220339","#242424","xpyriment","legacy","legacy","0","uniform","1","undefined","NA","NA","0","undefined","undefined","1","right_button","undefined","0","0","0","0","0","0","0","0","0","0","0","NA","NA","0","0","1","NA","NA","NA","NA","NA","NA","0","NA","0","54","54","54","54","NA","0","151","8","0","0","384","0","0","0","0","0","0","0","54","0","NA","NA","54","54","54","54","54","3","54","54","55","0","0","0","NA","1","NA","0","0","3","0","0","54","54","54","0","0","0","0","0","0","0","0","0","NA","NA","0","0","NA","54","20","54","54","54","54","54","54","54","20","undefined","513","-263","Thu Oct  3 17:47:30 2024","748","The main experiment item","yes","active","Norway_Session_6.osexp","1","C:\Users\Tromso\Desktop\LESS\Session 6","no","no","mono","no","18","no","white","no","Click to confirm or to begin from default part if nothing selected","NA","yes","common","active","gender agreement","1","gender violation","102","768","legacy","Mini-English","NA","List 1: grammatical, gender violation, number violation","54","54","C:/Users/Tromso/Desktop/LESS/Session 6/subject-9.csv","1.2.3","xpyriment","178","NA","plural","Lentiform Loewenfeld","3.3.14","0","3","NA","space","NA","NA","NA","NA","NA","NA","NA","NA","NA","space","c","NA","space","NA","space","3","279","NA","9282","NA","NA","NA","NA","NA","NA","NA","NA","NA","33448","90525","NA","10897","NA","110933","279","NA","8789","NA","space","2","legacy","Jer fork look darkezur but jer saucepan not.","126","Session 6","NA","Experiment","2024-10-03 17:47","1024","2","48000","-16","Session6","Norway","9","odd","word4","41","NA","no","NA","109138","NA","26086","NA","16799","16795","5935","16795","NA","NA","NA","NA","NA","NA","NA","NA","NA","NA","NA","NA","NA","NA","NA","5934","730420","821535","820308","820896","NA","743539","823996","26086","NA","NA","822361","NA","116646","NA","116649","NA","127550","238523","818298","238513","NA","NA","818321","818991","824252","824252","818298","16795","816224","816224","824532","NA","NA","5935","NA","NA","NA","7993","NA","NA","NA","7994","816210","729913","820850","5935","NA","5935","NA","NA","NA","16795","NA","5935","NA","NA","NA","8005","NA","819262","806518","819767","820308","820849","821603","822108","822706","823603","805773","Norway Session 6","45","420337","59","0","55","yes","","copula_look","1024","NA","Jer","","","250","fork","285","look","285","darkezur","385","but","250","jer","250","saucepan","425","not.","285","",""
"NA","NA","76.66666666666667","76.66666666666667","7009.2","7009.2","#242424","xpyriment","legacy","legacy","0","uniform","1","undefined","NA","NA","0","undefined","undefined","1","left_button","undefined","0","0","0","0","0","0","0","0","0","0","0","NA","NA","0","0","1","NA","NA","NA","NA","NA","NA","0","NA","0","55","55","55","55","NA","0","155","8","0","0","391","0","0","0","0","0","0","0","55","0","NA","NA","55","55","55","55","55","3","55","55","56","0","0","0","NA","1","NA","0","0","3","0","0","55","55","55","0","0","0","0","0","0","0","0","0","NA","NA","0","0","NA","55","21","55","55","55","55","55","55","55","21","undefined","513","-262","Thu Oct  3 17:47:30 2024","748","The main experiment item","yes","active","Norway_Session_6.osexp","1","C:\Users\Tromso\Desktop\LESS\Session 6","no","no","mono","no","18","no","white","no","Click to confirm or to begin from default part if nothing selected","NA","yes","","active","verb-object agreement","3","grammatical","101","768","legacy","Mini-English","NA","List 1: grammatical, VOA violation, article location violation","55","55","C:/Users/Tromso/Desktop/LESS/Session 6/subject-9.csv","1.2.3","xpyriment","","NA","plural","Lentiform Loewenfeld","3.3.14","0","1","NA","space","NA","NA","NA","NA","NA","NA","NA","NA","NA","space","c","NA","space","NA","space","1","215","NA","9282","NA","NA","NA","NA","NA","NA","NA","NA","NA","33448","90525","NA","10897","NA","110933","215","NA","8789","NA","space","2","legacy","Lily chosevo fi zer letter and fi zer table too.","188","Session 6","NA","Experiment","2024-10-03 17:47","1024","2","48000","-16","Session6","Norway","9","odd","word4","46","NA","no","NA","109138","NA","26086","NA","16799","16795","5935","16795","NA","NA","NA","NA","NA","NA","NA","NA","NA","NA","NA","NA","NA","NA","NA","5934","730420","829832","828817","829370","NA","743539","833960","26086","NA","NA","830937","NA","116646","NA","116649","NA","127550","238523","826668","238513","NA","NA","826690","827360","834213","834213","826668","16795","824553","824553","834429","NA","NA","5935","NA","NA","NA","7993","NA","NA","NA","7994","824540","729913","829323","5935","NA","5935","NA","NA","NA","16795","NA","5935","NA","NA","NA","8005","NA","827631","833566","828171","828817","829323","830075","830685","831295","832037","832783","Norway Session 6","46","420552","60","0","56","yes","117","","1024","NA","Lily","too.","285","285","chosevo","390","fi","250","zer","210","letter","355","and","250","fi","250","zer","250","table","320"
"NA","NA","77.04918032786885","77.04918032786885","6939.5901639344265","6939.5901639344265","#242424","xpyriment","legacy","legacy","0","uniform","1","undefined","NA","NA","0","undefined","undefined","1","left_button","undefined","0","0","0","0","0","0","0","0","0","0","0","NA","NA","0","0","1","NA","NA","NA","NA","NA","NA","0","NA","0","56","56","56","56","NA","0","157","8","0","0","398","0","0","0","0","0","0","0","56","0","NA","NA","56","56","56","56","56","3","56","56","57","0","0","0","NA","1","NA","0","0","3","0","0","56","56","56","0","0","0","0","0","0","0","0","0","NA","NA","0","0","NA","56","21","56","56","56","56","56","56","56","21","undefined","513","-262","Thu Oct  3 17:47:30 2024","759","The main experiment item","yes","active","Norway_Session_6.osexp","1","C:\Users\Tromso\Desktop\LESS\Session 6","no","no","mono","no","18","no","white","no","Click to confirm or to begin from default part if nothing selected","NA","yes","common","active","gender agreement","1","grammatical","101","768","legacy","Mini-English","NA","List 1: grammatical, gender violation, number violation","56","56","C:/Users/Tromso/Desktop/LESS/Session 6/subject-9.csv","1.2.3","xpyriment","1816","NA","plural","Lentiform Loewenfeld","3.3.14","0","1","NA","space","NA","NA","NA","NA","NA","NA","NA","NA","NA","space","c","NA","space","NA","space","1","2763","NA","9282","NA","NA","NA","NA","NA","NA","NA","NA","NA","33448","90525","NA","10897","NA","110933","2763","NA","8789","NA","space","2","legacy","Jer dress look wetejur but jer fork not.","223","Session 6","NA","Experiment","2024-10-03 17:47","1024","2","48000","-16","Session6","Norway","9","odd","word4","49","NA","no","NA","109138","NA","26086","NA","16799","16795","5935","16795","NA","NA","NA","NA","NA","NA","NA","NA","NA","NA","NA","NA","NA","NA","NA","5934","730420","839795","838607","839192","NA","743539","842164","26086","NA","NA","840654","NA","116646","NA","116649","NA","127550","238523","836561","238513","NA","NA","836584","837254","842416","842416","836561","16795","834447","834447","845180","NA","NA","5935","NA","NA","NA","7993","NA","NA","NA","7994","834433","729913","839148","5935","NA","5935","NA","NA","NA","16795","NA","5935","NA","NA","NA","8005","NA","837525","833566","838030","838607","839148","839897","840402","841030","841785","832783","Norway Session 6","47","423315","61","0","57","yes","","copula_look","1024","NA","Jer","","","250","dress","320","look","285","wetejur","350","but","250","jer","250","fork","285","not.","285","",""
"NA","NA","77.41935483870968","77.41935483870968","6831.629032258064","6831.629032258064","#242424","xpyriment","legacy","legacy","0","uniform","1","undefined","NA","NA","0","undefined","undefined","1","right_button","undefined","0","0","0","0","0","0","0","0","0","0","0","NA","NA","0","0","1","NA","NA","NA","NA","NA","NA","0","NA","0","57","57","57","57","NA","0","159","8","0","0","405","0","0","0","0","0","0","0","57","0","NA","NA","57","57","57","57","57","3","57","57","58","0","0","0","NA","1","NA","0","0","3","0","0","57","57","57","0","0","0","0","0","0","0","0","0","NA","NA","0","0","NA","57","21","57","57","57","57","57","57","57","21","undefined","513","-262","Thu Oct  3 17:47:30 2024","755","The main experiment item","yes","active","Norway_Session_6.osexp","1","C:\Users\Tromso\Desktop\LESS\Session 6","no","no","mono","no","18","no","white","no","Click to confirm or to begin from default part if nothing selected","NA","yes","","active","differential object marking","2","article location violation","103","768","legacy","Mini-English","NA","List 1: grammatical, DOM violation, article location violation","57","57","C:/Users/Tromso/Desktop/LESS/Session 6/subject-9.csv","1.2.3","xpyriment","","NA","singular","Lentiform Loewenfeld","3.3.14","0","3","NA","space","NA","NA","NA","NA","NA","NA","NA","NA","NA","space","c","NA","space","NA","space","3","246","NA","9282","NA","NA","NA","NA","NA","NA","NA","NA","NA","33448","90525","NA","10897","NA","110933","246","NA","8789","NA","space","2","legacy","Olivia fixed fi jewall and fi zemug too.","144","Session 6","NA","Experiment","2024-10-03 17:47","1024","2","48000","-16","Session6","Norway","9","odd","word4","42","NA","no","NA","109138","NA","26086","NA","16799","16795","5935","16795","NA","NA","NA","NA","NA","NA","NA","NA","NA","NA","NA","NA","NA","NA","NA","5934","730420","850571","849451","850002","NA","743539","853065","26086","NA","NA","851465","NA","116646","NA","116649","NA","127550","238523","847302","238513","NA","NA","847324","847995","853318","853318","847302","16795","845198","845198","853564","NA","NA","5935","NA","NA","NA","7993","NA","NA","NA","7994","845184","729913","849956","5935","NA","5935","NA","NA","NA","16795","NA","5935","NA","NA","NA","8005","NA","848264","833566","848876","849451","849956","850709","851214","851830","852670","832783","Norway Session 6","48","423561","62","0","58","yes","153","","1024","NA","Olivia","","","355","fixed","320","fi","250","jewall","315","and","250","fi","250","zemug","320","too.","285","",""
"NA","NA","77.77777777777777","77.77777777777777","6727.650793650793","6727.650793650793","#242424","xpyriment","legacy","legacy","0","uniform","1","undefined","NA","NA","0","undefined","undefined","1","right_button","undefined","0","0","0","0","0","0","0","0","0","0","0","NA","NA","0","0","1","NA","NA","NA","NA","NA","NA","0","NA","0","58","58","58","58","NA","0","161","8","0","0","412","0","0","0","0","0","0","0","58","0","NA","NA","58","58","58","58","58","3","58","58","59","0","0","0","NA","1","NA","0","0","3","0","0","58","58","58","0","0","0","0","0","0","0","0","0","NA","NA","0","0","NA","58","21","58","58","58","58","58","58","58","21","undefined","513","-262","Thu Oct  3 17:47:30 2024","749","The main experiment item","yes","active","Norway_Session_6.osexp","1","C:\Users\Tromso\Desktop\LESS\Session 6","no","no","mono","no","18","no","white","no","Click to confirm or to begin from default part if nothing selected","NA","yes","","active","differential object marking","2","DOM violation","102","768","legacy","Mini-English","NA","List 1: grammatical, DOM violation, article location violation","58","58","C:/Users/Tromso/Desktop/LESS/Session 6/subject-9.csv","1.2.3","xpyriment","","NA","singular","Lentiform Loewenfeld","3.3.14","0","3","NA","space","NA","NA","NA","NA","NA","NA","NA","NA","NA","space","c","NA","space","NA","space","3","281","NA","9282","NA","NA","NA","NA","NA","NA","NA","NA","NA","33448","90525","NA","10897","NA","110933","281","NA","8789","NA","space","2","legacy","Thomas chose je key but not ze letter.","128","Session 6","NA","Experiment","2024-10-03 17:47","1024","2","48000","-16","Session6","Norway","9","odd","word3","41","NA","no","NA","109138","NA","26086","NA","16799","16795","5935","16795","NA","NA","NA","NA","NA","NA","NA","NA","NA","NA","NA","NA","NA","NA","NA","5934","858409","850571","857947","858652","NA","743539","861510","26086","NA","NA","859914","NA","116646","NA","116649","NA","127550","238523","855749","238513","NA","NA","855770","856442","861763","861763","855749","16795","853582","853582","862044","NA","NA","5935","NA","NA","NA","7993","NA","NA","NA","7994","853568","857901","849956","5935","NA","5935","NA","NA","NA","16795","NA","5935","NA","NA","NA","8005","NA","856713","833566","857324","857901","858652","859158","859662","860275","861001","832783","Norway Session 6","49","423842","63","0","59","yes","112","","1024","NA","Thomas","","","355","chose","320","je","210","key","250","but","250","not","250","ze","250","letter.","390","",""
"NA","NA","78.125","78.125","6624.359375","6624.359375","#242424","xpyriment","legacy","legacy","0","uniform","1","undefined","NA","NA","0","undefined","undefined","1","right_button","undefined","0","0","0","0","0","0","0","0","0","0","0","NA","NA","0","0","1","NA","NA","NA","NA","NA","NA","0","NA","0","59","59","59","59","NA","0","165","8","0","0","419","0","0","0","0","0","0","0","59","0","NA","NA","59","59","59","59","59","3","59","59","60","0","0","0","NA","1","NA","0","0","3","0","0","59","59","59","0","0","0","0","0","0","0","0","0","NA","NA","0","0","NA","59","22","59","59","59","59","59","59","59","22","undefined","513","-262","Thu Oct  3 17:47:30 2024","747","The main experiment item","yes","active","Norway_Session_6.osexp","1","C:\Users\Tromso\Desktop\LESS\Session 6","no","no","mono","no","18","no","white","no","Click to confirm or to begin from default part if nothing selected","NA","yes","","active","verb-object agreement","3","VOA violation","102","768","legacy","Mini-English","NA","List 1: grammatical, VOA violation, article location violation","59","59","C:/Users/Tromso/Desktop/LESS/Session 6/subject-9.csv","1.2.3","xpyriment","","NA","singular","Lentiform Loewenfeld","3.3.14","0","3","NA","space","NA","NA","NA","NA","NA","NA","NA","NA","NA","space","c","NA","space","NA","space","3","117","NA","9282","NA","NA","NA","NA","NA","NA","NA","NA","NA","33448","90525","NA","10897","NA","110933","117","NA","8789","NA","space","2","legacy","Jacob dirtiedevo fi je truck and fi je key too.","161","Session 6","NA","Experiment","2024-10-03 17:47","1024","2","48000","-16","Session6","Norway","9","odd","word4","44","NA","no","NA","109138","NA","26086","NA","16799","16795","5935","16795","NA","NA","NA","NA","NA","NA","NA","NA","NA","NA","NA","NA","NA","NA","NA","5934","858409","867597","866581","867134","NA","743539","871561","26086","NA","NA","868668","NA","116646","NA","116649","NA","127550","238523","864294","238513","NA","NA","864316","864987","871814","871814","864294","16795","862066","862066","871932","NA","NA","5935","NA","NA","NA","7993","NA","NA","NA","7994","862052","857901","867087","5935","NA","5935","NA","NA","NA","16795","NA","5935","NA","NA","NA","8005","NA","865256","871173","865831","866581","867087","867840","868416","869029","869743","870454","Norway Session 6","50","423959","64","0","60","yes","85","","1024","NA","Jacob","too.","285","320","dirtiedevo","495","fi","250","je","210","truck","320","and","250","fi","250","je","250","key","250"
"NA","NA","78.46153846153847","78.46153846153847","6525.261538461538","6525.261538461538","#242424","xpyriment","legacy","legacy","0","uniform","1","undefined","NA","NA","0","undefined","undefined","1","right_button","undefined","0","0","0","0","0","0","0","0","0","0","0","NA","NA","0","0","1","NA","NA","NA","NA","NA","NA","0","NA","0","60","60","60","60","NA","0","167","8","0","0","426","0","0","0","0","0","0","0","60","0","NA","NA","60","60","60","60","60","3","60","60","61","0","0","0","NA","1","NA","0","0","3","0","0","60","60","60","0","0","0","0","0","0","0","0","0","NA","NA","0","0","NA","60","22","60","60","60","60","60","60","60","22","undefined","513","-262","Thu Oct  3 17:47:30 2024","744","The main experiment item","yes","active","Norway_Session_6.osexp","1","C:\Users\Tromso\Desktop\LESS\Session 6","no","no","mono","no","18","no","white","no","Click to confirm or to begin from default part if nothing selected","NA","yes","","active","differential object marking","2","DOM violation","102","768","legacy","Mini-English","NA","List 1: grammatical, DOM violation, article location violation","60","60","C:/Users/Tromso/Desktop/LESS/Session 6/subject-9.csv","1.2.3","xpyriment","","NA","singular","Lentiform Loewenfeld","3.3.14","0","3","NA","space","NA","NA","NA","NA","NA","NA","NA","NA","NA","space","c","NA","space","NA","space","3","183","NA","9282","NA","NA","NA","NA","NA","NA","NA","NA","NA","33448","90525","NA","10897","NA","110933","183","NA","8789","NA","space","2","legacy","Oliver spoiled ze leaf and je box too.","241","Session 6","NA","Experiment","2024-10-03 17:47","1024","2","48000","-16","Session6","Norway","9","odd","word3","50","NA","no","NA","109138","NA","26086","NA","16799","16795","5935","16795","NA","NA","NA","NA","NA","NA","NA","NA","NA","NA","NA","NA","NA","NA","NA","5934","876798","867597","876334","877041","NA","743539","879783","26086","NA","NA","878341","NA","116646","NA","116649","NA","127550","238523","874068","238513","NA","NA","874090","874761","880036","880036","874068","16795","871953","871953","880220","NA","NA","5935","NA","NA","NA","7993","NA","NA","NA","7994","871940","876287","867087","5935","NA","5935","NA","NA","NA","16795","NA","5935","NA","NA","NA","8005","NA","875030","871173","875641","876287","877041","877582","878088","878677","879395","870454","Norway Session 6","51","424142","65","0","61","yes","1620","","1024","NA","Oliver","","","355","spoiled","390","ze","210","leaf","285","and","250","je","250","box","250","too.","285","",""
"NA","NA","78.78787878787878","78.78787878787878","6428.69696969697","6428.69696969697","#242424","xpyriment","legacy","legacy","0","uniform","1","undefined","NA","NA","0","undefined","undefined","1","left_button","undefined","0","0","0","0","0","0","0","0","0","0","0","NA","NA","0","0","1","NA","NA","NA","NA","NA","NA","0","NA","0","61","61","61","61","NA","0","171","8","0","0","433","0","0","0","0","0","0","0","61","0","NA","NA","61","61","61","61","61","3","61","61","62","0","0","0","NA","1","NA","0","0","3","0","0","61","61","61","0","0","0","0","0","0","0","0","0","NA","NA","0","0","NA","61","23","61","61","61","61","61","61","61","23","undefined","513","-262","Thu Oct  3 17:47:30 2024","742","The main experiment item","yes","active","Norway_Session_6.osexp","1","C:\Users\Tromso\Desktop\LESS\Session 6","no","no","mono","no","18","no","white","no","Click to confirm or to begin from default part if nothing selected","NA","yes","","active","differential object marking","2","grammatical","101","768","legacy","Mini-English","NA","List 1: grammatical, DOM violation, article location violation","61","61","C:/Users/Tromso/Desktop/LESS/Session 6/subject-9.csv","1.2.3","xpyriment","","NA","singular","Lentiform Loewenfeld","3.3.14","0","1","NA","space","NA","NA","NA","NA","NA","NA","NA","NA","NA","space","c","NA","space","NA","space","1","152","NA","9282","NA","NA","NA","NA","NA","NA","NA","NA","NA","33448","90525","NA","10897","NA","110933","152","NA","8789","NA","space","2","legacy","Olivia chose fi ze letter but not fi je wall.","152","Session 6","NA","Experiment","2024-10-03 17:47","1024","2","48000","-16","Session6","Norway","9","odd","word4","43","NA","no","NA","109138","NA","26086","NA","16799","16795","5935","16795","NA","NA","NA","NA","NA","NA","NA","NA","NA","NA","NA","NA","NA","NA","NA","5934","876798","885472","884457","885009","NA","743539","889503","26086","NA","NA","886580","NA","116646","NA","116649","NA","127550","238523","882308","238513","NA","NA","882331","883001","889756","889756","882308","16795","880240","880240","889909","NA","NA","5935","NA","NA","NA","7993","NA","NA","NA","7994","880224","876287","884963","5935","NA","5935","NA","NA","NA","16795","NA","5935","NA","NA","NA","8005","NA","883270","889076","883881","884457","884962","885716","886327","886940","887658","888365","Norway Session 6","52","424294","66","0","62","yes","117","","1024","NA","Olivia","wall.","320","355","chose","320","fi","250","ze","210","letter","355","but","250","not","250","fi","250","je","250"
"NA","NA","79.1044776119403","79.1044776119403","6333.373134328358","6333.373134328358","#242424","xpyriment","legacy","legacy","0","uniform","1","undefined","NA","NA","0","undefined","undefined","1","right_button","undefined","0","0","0","0","0","0","0","0","0","0","0","NA","NA","0","0","1","NA","NA","NA","NA","NA","NA","0","NA","0","62","62","62","62","NA","0","173","8","0","0","440","0","0","0","0","0","0","0","62","0","NA","NA","62","62","62","62","62","3","62","62","63","0","0","0","NA","1","NA","0","0","3","0","0","62","62","62","0","0","0","0","0","0","0","0","0","NA","NA","0","0","NA","62","23","62","62","62","62","62","62","62","23","undefined","513","-262","Thu Oct  3 17:47:30 2024","744","The main experiment item","yes","active","Norway_Session_6.osexp","1","C:\Users\Tromso\Desktop\LESS\Session 6","no","no","mono","no","18","no","white","no","Click to confirm or to begin from default part if nothing selected","NA","yes","","active","verb-object agreement","3","article location violation","103","768","legacy","Mini-English","NA","List 1: grammatical, VOA violation, article location violation","62","62","C:/Users/Tromso/Desktop/LESS/Session 6/subject-9.csv","1.2.3","xpyriment","","NA","singular","Lentiform Loewenfeld","3.3.14","0","3","NA","space","NA","NA","NA","NA","NA","NA","NA","NA","NA","space","c","NA","space","NA","space","3","42","NA","9282","NA","NA","NA","NA","NA","NA","NA","NA","NA","33448","90525","NA","10897","NA","110933","42","NA","8789","NA","space","2","legacy","Harry wetted fi jewall and fi jestreet too.","143","Session 6","NA","Experiment","2024-10-03 17:47","1024","2","48000","-16","Session6","Norway","9","odd","word4","42","NA","no","NA","109138","NA","26086","NA","16799","16795","5935","16795","NA","NA","NA","NA","NA","NA","NA","NA","NA","NA","NA","NA","NA","NA","NA","5934","876798","895305","894187","894736","NA","743539","897844","26086","NA","NA","896201","NA","116646","NA","116649","NA","127550","238523","892037","238513","NA","NA","892060","892730","898098","898098","892037","16795","889927","889927","898141","NA","NA","5935","NA","NA","NA","7993","NA","NA","NA","7994","889914","876287","894692","5935","NA","5935","NA","NA","NA","16795","NA","5935","NA","NA","NA","8005","NA","893001","889076","893576","894186","894692","895442","895948","896560","897449","888365","Norway Session 6","53","424336","67","0","63","yes","143","","1024","NA","Harry","","","320","wetted","355","fi","250","jewall","315","and","250","fi","250","jestreet","425","too.","285","",""
"NA","NA","79.41176470588235","79.41176470588235","6243.955882352941","6243.955882352941","#242424","xpyriment","legacy","legacy","0","uniform","1","undefined","NA","NA","0","undefined","undefined","1","right_button","undefined","0","0","0","0","0","0","0","0","0","0","0","NA","NA","0","0","1","NA","NA","NA","NA","NA","NA","0","NA","0","63","63","63","63","NA","0","175","8","0","0","447","0","0","0","0","0","0","0","63","0","NA","NA","63","63","63","63","63","3","63","63","64","0","0","0","NA","1","NA","0","0","3","0","0","63","63","63","0","0","0","0","0","0","0","0","0","NA","NA","0","0","NA","63","23","63","63","63","63","63","63","63","23","undefined","513","-262","Thu Oct  3 17:47:30 2024","750","The main experiment item","yes","active","Norway_Session_6.osexp","1","C:\Users\Tromso\Desktop\LESS\Session 6","no","no","mono","no","18","no","white","no","Click to confirm or to begin from default part if nothing selected","NA","yes","","active","verb-object agreement","3","article location violation","103","768","legacy","Mini-English","NA","List 1: grammatical, VOA violation, article location violation","63","63","C:/Users/Tromso/Desktop/LESS/Session 6/subject-9.csv","1.2.3","xpyriment","","NA","singular","Lentiform Loewenfeld","3.3.14","0","3","NA","space","NA","NA","NA","NA","NA","NA","NA","NA","NA","space","c","NA","space","NA","space","3","253","NA","9282","NA","NA","NA","NA","NA","NA","NA","NA","NA","33448","90525","NA","10897","NA","110933","253","NA","8789","NA","space","2","legacy","Ava refused fi jepencil but not fi zetable.","177","Session 6","NA","Experiment","2024-10-03 17:47","1024","2","48000","-16","Session6","Norway","9","odd","word4","45","NA","no","NA","109138","NA","26086","NA","16799","16795","5935","16795","NA","NA","NA","NA","NA","NA","NA","NA","NA","NA","NA","NA","NA","NA","NA","5934","876798","903587","902397","902950","NA","743539","906017","26086","NA","NA","904411","NA","116646","NA","116649","NA","127550","238523","900283","238513","NA","NA","900306","900977","906271","906271","900284","16795","898160","898160","906525","NA","NA","5935","NA","NA","NA","7993","NA","NA","NA","7994","898147","876287","902903","5935","NA","5935","NA","NA","NA","16795","NA","5935","NA","NA","NA","8005","NA","901246","889076","901751","902397","902903","903655","904160","904786","905482","888365","Norway Session 6","54","424589","68","0","64","yes","126","","1024","NA","Ava","","","250","refused","390","fi","250","jepencil","385","but","250","not","250","fi","250","zetable.","425","",""
"NA","NA","79.71014492753623","79.71014492753623","6156.347826086957","6156.347826086957","#242424","xpyriment","legacy","legacy","0","uniform","1","undefined","NA","NA","0","undefined","undefined","1","left_button","undefined","0","0","0","0","0","0","0","0","0","0","0","NA","NA","0","0","1","NA","NA","NA","NA","NA","NA","0","NA","0","64","64","64","64","NA","0","177","8","0","0","454","0","0","0","0","0","0","0","64","0","NA","NA","64","64","64","64","64","3","64","64","65","0","0","0","NA","1","NA","0","0","3","0","0","64","64","64","0","0","0","0","0","0","0","0","0","NA","NA","0","0","NA","64","23","64","64","64","64","64","64","64","23","undefined","513","-262","Thu Oct  3 17:47:30 2024","753","The main experiment item","yes","active","Norway_Session_6.osexp","1","C:\Users\Tromso\Desktop\LESS\Session 6","no","no","mono","no","18","no","white","no","Click to confirm or to begin from default part if nothing selected","NA","yes","common","active","gender agreement","1","grammatical","101","768","legacy","Mini-English","NA","List 1: grammatical, gender violation, number violation","64","64","C:/Users/Tromso/Desktop/LESS/Session 6/subject-9.csv","1.2.3","xpyriment","177","NA","singular","Lentiform Loewenfeld","3.3.14","0","1","NA","space","NA","NA","NA","NA","NA","NA","NA","NA","NA","space","c","NA","space","NA","space","1","199","NA","9282","NA","NA","NA","NA","NA","NA","NA","NA","NA","33448","90525","NA","10897","NA","110933","199","NA","8789","NA","space","2","legacy","Je fork is lighteju and je suitcase too.","114","Session 6","NA","Experiment","2024-10-03 17:47","1024","2","48000","-16","Session6","Norway","9","odd","word4","40","NA","no","NA","109138","NA","26086","NA","16799","16795","5935","16795","NA","NA","NA","NA","NA","NA","NA","NA","NA","NA","NA","NA","NA","NA","NA","5934","876798","911910","910718","911271","NA","743539","914376","26086","NA","NA","912737","NA","116646","NA","116649","NA","127550","238523","908708","238513","NA","NA","908730","909400","914629","914628","908708","16795","906543","906543","914828","NA","NA","5935","NA","NA","NA","7993","NA","NA","NA","7994","906528","876287","911223","5935","NA","5935","NA","NA","NA","16795","NA","5935","NA","NA","NA","8005","NA","909670","889076","910177","910718","911223","911978","912485","913095","913982","888365","Norway Session 6","55","424788","69","0","65","yes","","copula_be","1024","NA","Je","","","250","fork","285","is","250","lighteju","385","and","250","je","250","suitcase","425","too.","285","",""
"NA","NA","78.57142857142857","78.57142857142857","6072.057142857143","6072.057142857143","#242424","xpyriment","legacy","legacy","0","uniform","0","undefined","NA","NA","0","undefined","undefined","0","right_button","undefined","0","0","0","0","0","0","0","0","0","0","0","NA","NA","0","0","1","NA","NA","NA","NA","NA","NA","0","NA","0","65","65","65","65","NA","0","181","8","0","0","461","0","0","0","0","0","0","0","65","0","NA","NA","65","65","65","65","65","3","65","65","66","0","0","0","NA","1","NA","0","0","3","0","0","65","65","65","0","0","0","0","0","0","0","0","0","NA","NA","0","0","NA","65","24","65","65","65","65","65","65","65","24","undefined","513","-262","Thu Oct  3 17:47:30 2024","745","The main experiment item","yes","active","Norway_Session_6.osexp","1","C:\Users\Tromso\Desktop\LESS\Session 6","no","no","mono","no","18","no","white","no","Click to confirm or to begin from default part if nothing selected","NA","yes","","active","verb-object agreement","3","VOA violation","102","768","legacy","Mini-English","NA","List 1: grammatical, VOA violation, article location violation","65","65","C:/Users/Tromso/Desktop/LESS/Session 6/subject-9.csv","1.2.3","xpyriment","","NA","singular","Lentiform Loewenfeld","3.3.14","0","1","NA","space","NA","NA","NA","NA","NA","NA","NA","NA","NA","space","c","NA","space","NA","space","1","256","NA","9282","NA","NA","NA","NA","NA","NA","NA","NA","NA","33448","90525","NA","10897","NA","110933","256","NA","8789","NA","space","2","legacy","Ava spoiledevo fi je key but not fi je pencil.","133","Session 6","NA","Experiment","2024-10-03 17:47","1024","2","48000","-16","Session6","Norway","9","odd","word4","41","NA","no","NA","109138","NA","26086","NA","16799","16795","5935","16795","NA","NA","NA","NA","NA","NA","NA","NA","NA","NA","NA","NA","NA","NA","NA","5934","876798","920138","919122","919674","NA","743539","924151","26086","NA","NA","921140","NA","116646","NA","116649","NA","127550","238523","916902","238513","NA","NA","916925","917595","924403","924403","916903","16795","914850","914850","924660","NA","NA","5935","NA","NA","NA","7993","NA","NA","NA","7994","914833","876287","919628","5935","NA","5935","NA","NA","NA","16795","NA","5935","NA","NA","NA","8005","NA","917865","923670","918370","919122","919628","920381","920888","921502","922226","922934","Norway Session 6","55","425044","70","0","66","yes","162","","1024","NA","Ava","pencil.","390","250","spoiledevo","495","fi","250","je","210","key","250","but","250","not","250","fi","250","je","250"
"NA","NA","78.87323943661971","78.87323943661971","6010.239436619719","6010.239436619719","#242424","xpyriment","legacy","legacy","0","uniform","1","undefined","NA","NA","0","undefined","undefined","1","right_button","undefined","0","0","0","0","0","0","0","0","0","0","0","NA","NA","0","0","1","NA","NA","NA","NA","NA","NA","0","NA","0","66","66","66","66","NA","0","185","8","0","0","468","0","0","0","0","0","0","0","66","0","NA","NA","66","66","66","66","66","3","66","66","67","0","0","0","NA","1","NA","0","0","3","0","0","66","66","66","0","0","0","0","0","0","0","0","0","NA","NA","0","0","NA","66","25","66","66","66","66","66","66","66","25","undefined","513","-262","Thu Oct  3 17:47:30 2024","749","The main experiment item","yes","active","Norway_Session_6.osexp","1","C:\Users\Tromso\Desktop\LESS\Session 6","no","no","mono","no","18","no","white","no","Click to confirm or to begin from default part if nothing selected","NA","yes","","active","verb-object agreement","3","VOA violation","102","768","legacy","Mini-English","NA","List 1: grammatical, VOA violation, article location violation","66","66","C:/Users/Tromso/Desktop/LESS/Session 6/subject-9.csv","1.2.3","xpyriment","","NA","singular","Lentiform Loewenfeld","3.3.14","0","3","NA","space","NA","NA","NA","NA","NA","NA","NA","NA","NA","space","c","NA","space","NA","space","3","1683","NA","9282","NA","NA","NA","NA","NA","NA","NA","NA","NA","33448","90525","NA","10897","NA","110933","1683","NA","8789","NA","space","2","legacy","Olivia orderedevo fi ze roof and fi ze pool too.","235","Session 6","NA","Experiment","2024-10-03 17:47","1024","2","48000","-16","Session6","Norway","9","odd","word4","50","NA","no","NA","109138","NA","26086","NA","16799","16795","5935","16795","NA","NA","NA","NA","NA","NA","NA","NA","NA","NA","NA","NA","NA","NA","NA","5934","876798","930185","929168","929721","NA","743539","934147","26086","NA","NA","931220","NA","116646","NA","116649","NA","127550","238523","926845","238513","NA","NA","926866","927537","934400","934400","926845","16795","924679","924679","936084","NA","NA","5935","NA","NA","NA","7993","NA","NA","NA","7994","924665","876287","929674","5935","NA","5935","NA","NA","NA","16795","NA","5935","NA","NA","NA","8005","NA","927807","933761","928418","929168","929674","930428","930967","931580","932284","933016","Norway Session 6","56","426727","71","0","67","yes","1011","","1024","NA","Olivia","too.","285","355","orderedevo","495","fi","250","ze","210","roof","285","and","250","fi","250","ze","250","pool","285"
"NA","NA","79.16666666666667","79.16666666666667","5932.055555555556","5932.055555555556","#242424","xpyriment","legacy","legacy","0","uniform","1","undefined","NA","NA","0","undefined","undefined","1","right_button","undefined","0","0","0","0","0","0","0","0","0","0","0","NA","NA","0","0","1","NA","NA","NA","NA","NA","NA","0","NA","0","67","67","67","67","NA","0","187","8","0","0","475","0","0","0","0","0","0","0","67","0","NA","NA","67","67","67","67","67","3","67","67","68","0","0","0","NA","1","NA","0","0","3","0","0","67","67","67","0","0","0","0","0","0","0","0","0","NA","NA","0","0","NA","67","25","67","67","67","67","67","67","67","25","undefined","513","-260","Thu Oct  3 17:47:30 2024","750","The main experiment item","yes","active","Norway_Session_6.osexp","1","C:\Users\Tromso\Desktop\LESS\Session 6","no","no","mono","no","18","no","white","no","Click to confirm or to begin from default part if nothing selected","NA","yes","neuter","active","gender agreement","1","number violation","103","768","legacy","Mini-English","NA","List 1: grammatical, gender violation, number violation","67","67","C:/Users/Tromso/Desktop/LESS/Session 6/subject-9.csv","1.2.3","xpyriment","2218","NA","plural","Lentiform Loewenfeld","3.3.14","0","3","NA","space","NA","NA","NA","NA","NA","NA","NA","NA","NA","space","c","NA","space","NA","space","3","381","NA","9282","NA","NA","NA","NA","NA","NA","NA","NA","NA","33448","90525","NA","10897","NA","110933","381","NA","8789","NA","space","2","legacy","Zer tie look purplezu but zer tray not.","251","Session 6","NA","Experiment","2024-10-03 17:47","1024","2","48000","-16","Session6","Norway","9","odd","word4","51","NA","no","NA","109138","NA","26086","NA","16799","16795","5935","16795","NA","NA","NA","NA","NA","NA","NA","NA","NA","NA","NA","NA","NA","NA","NA","5934","876798","941437","940211","940799","NA","743539","943763","26086","NA","NA","942264","NA","116646","NA","116649","NA","127550","238523","938238","238513","NA","NA","938260","938931","944015","944015","938238","16795","936104","936104","944396","NA","NA","5935","NA","NA","NA","7993","NA","NA","NA","7994","936090","876287","940752","5935","NA","5935","NA","NA","NA","16795","NA","5935","NA","NA","NA","8005","NA","939200","933761","939706","940210","940752","941505","942011","942625","943388","933016","Norway Session 6","57","427108","72","0","68","yes","","copula_look","1024","NA","Zer","","","250","tie","250","look","285","purplezu","385","but","250","zer","250","tray","285","not.","285","",""
"NA","NA","79.45205479452055","79.45205479452055","5853.438356164384","5853.438356164384","#242424","xpyriment","legacy","legacy","0","uniform","1","undefined","NA","NA","0","undefined","undefined","1","right_button","undefined","0","0","0","0","0","0","0","0","0","0","0","NA","NA","0","0","1","NA","NA","NA","NA","NA","NA","0","NA","0","68","68","68","68","NA","0","189","8","0","0","482","0","0","0","0","0","0","0","68","0","NA","NA","68","68","68","68","68","3","68","68","69","0","0","0","NA","1","NA","0","0","3","0","0","68","68","68","0","0","0","0","0","0","0","0","0","NA","NA","0","0","NA","68","25","68","68","68","68","68","68","68","25","undefined","513","-260","Thu Oct  3 17:47:30 2024","755","The main experiment item","yes","active","Norway_Session_6.osexp","1","C:\Users\Tromso\Desktop\LESS\Session 6","no","no","mono","no","18","no","white","no","Click to confirm or to begin from default part if nothing selected","NA","yes","","active","verb-object agreement","3","article location violation","103","768","legacy","Mini-English","NA","List 1: grammatical, VOA violation, article location violation","68","68","C:/Users/Tromso/Desktop/LESS/Session 6/subject-9.csv","1.2.3","xpyriment","","NA","singular","Lentiform Loewenfeld","3.3.14","0","3","NA","space","NA","NA","NA","NA","NA","NA","NA","NA","NA","space","c","NA","space","NA","space","3","193","NA","9282","NA","NA","NA","NA","NA","NA","NA","NA","NA","33448","90525","NA","10897","NA","110933","193","NA","8789","NA","space","2","legacy","Oliver refused fi zetable and fi zepool too.","213","Session 6","NA","Experiment","2024-10-03 17:47","1024","2","48000","-16","Session6","Norway","9","odd","word4","48","NA","no","NA","109138","NA","26086","NA","16799","16795","5935","16795","NA","NA","NA","NA","NA","NA","NA","NA","NA","NA","NA","NA","NA","NA","NA","5934","876798","949833","948679","949229","NA","743539","952278","26086","NA","NA","950693","NA","116646","NA","116649","NA","127550","238523","946460","238513","NA","NA","946482","947152","952531","952531","946460","16795","944414","944414","952724","NA","NA","5935","NA","NA","NA","7993","NA","NA","NA","7994","944401","876287","949183","5935","NA","5935","NA","NA","NA","16795","NA","5935","NA","NA","NA","8005","NA","947422","933761","948032","948679","949183","949936","950441","951053","951895","933016","Norway Session 6","58","427301","73","0","69","yes","129","","1024","NA","Oliver","","","355","refused","390","fi","250","zetable","350","and","250","fi","250","zepool","355","too.","285","",""
"NA","NA","79.72972972972973","79.72972972972973","5823.1621621621625","5823.1621621621625","#242424","xpyriment","legacy","legacy","0","uniform","1","undefined","NA","NA","0","undefined","undefined","1","left_button","undefined","0","0","0","0","0","0","0","0","0","0","0","NA","NA","0","0","1","NA","NA","NA","NA","NA","NA","0","NA","0","69","69","69","69","NA","0","193","8","0","0","489","0","0","0","0","0","0","0","69","0","NA","NA","69","69","69","69","69","3","69","69","70","0","0","0","NA","1","NA","0","0","3","0","0","69","69","69","0","0","0","0","0","0","0","0","0","NA","NA","0","0","NA","69","26","69","69","69","69","69","69","69","26","undefined","513","-255","Thu Oct  3 17:47:30 2024","756","The main experiment item","yes","active","Norway_Session_6.osexp","1","C:\Users\Tromso\Desktop\LESS\Session 6","no","no","mono","no","18","no","white","no","Click to confirm or to begin from default part if nothing selected","NA","yes","","active","differential object marking","2","grammatical","101","768","legacy","Mini-English","NA","List 1: grammatical, DOM violation, article location violation","69","69","C:/Users/Tromso/Desktop/LESS/Session 6/subject-9.csv","1.2.3","xpyriment","","NA","singular","Lentiform Loewenfeld","3.3.14","0","1","NA","space","NA","NA","NA","NA","NA","NA","NA","NA","NA","space","c","NA","space","NA","space","1","3613","NA","9282","NA","NA","NA","NA","NA","NA","NA","NA","NA","33448","90525","NA","10897","NA","110933","3613","NA","8789","NA","space","2","legacy","Olivia cleaned fi ze tray but not fi je key.","220","Session 6","NA","Experiment","2024-10-03 17:47","1024","2","48000","-16","Session6","Norway","9","odd","word4","49","NA","no","NA","109138","NA","26086","NA","16799","16795","5935","16795","NA","NA","NA","NA","NA","NA","NA","NA","NA","NA","NA","NA","NA","NA","NA","5934","876798","958044","957027","957580","NA","743539","962002","26086","NA","NA","959081","NA","116646","NA","116649","NA","127550","238523","954808","238513","NA","NA","954829","955500","962254","962254","954808","16795","952745","952745","965868","NA","NA","5935","NA","NA","NA","7993","NA","NA","NA","7994","952731","876287","957534","5935","NA","5935","NA","NA","NA","16795","NA","5935","NA","NA","NA","8005","NA","955769","961581","956380","957027","957534","958288","958829","959428","960144","960864","Norway Session 6","59","430914","74","0","70","yes","719","","1024","NA","Olivia","key.","285","355","cleaned","390","fi","250","ze","210","tray","285","but","250","not","250","fi","250","je","250"
"NA","NA","78.66666666666667","78.66666666666667","5783.346666666666","5783.346666666666","#242424","xpyriment","legacy","legacy","0","uniform","0","undefined","NA","NA","0","undefined","undefined","0","right_button","undefined","0","0","0","0","0","0","0","0","0","0","0","NA","NA","0","0","1","NA","NA","NA","NA","NA","NA","0","NA","0","70","70","70","70","NA","0","197","8","0","0","496","0","0","0","0","0","0","0","70","0","NA","NA","70","70","70","70","70","3","70","70","71","0","0","0","NA","1","NA","0","0","3","0","0","70","70","70","0","0","0","0","0","0","0","0","0","NA","NA","0","0","NA","70","27","70","70","70","70","70","70","70","27","undefined","522","-253","Thu Oct  3 17:47:30 2024","748","The main experiment item","yes","active","Norway_Session_6.osexp","1","C:\Users\Tromso\Desktop\LESS\Session 6","no","no","mono","no","18","no","white","no","Click to confirm or to begin from default part if nothing selected","NA","yes","","active","verb-object agreement","3","VOA violation","102","768","legacy","Mini-English","NA","List 1: grammatical, VOA violation, article location violation","70","70","C:/Users/Tromso/Desktop/LESS/Session 6/subject-9.csv","1.2.3","xpyriment","","NA","plural","Lentiform Loewenfeld","3.3.14","0","1","NA","space","NA","NA","NA","NA","NA","NA","NA","NA","NA","space","c","NA","space","NA","space","1","2837","NA","9282","NA","NA","NA","NA","NA","NA","NA","NA","NA","33448","90525","NA","10897","NA","110933","2837","NA","8789","NA","space","2","legacy","Lily cleaned fi jer key but not fi jer truck.","124","Session 6","NA","Experiment","2024-10-03 17:47","1024","2","48000","-16","Session6","Norway","9","odd","word4","41","NA","no","NA","109138","NA","26086","NA","16799","16795","5935","16795","NA","NA","NA","NA","NA","NA","NA","NA","NA","NA","NA","NA","NA","NA","NA","5934","876798","971085","970069","970622","NA","743539","975074","26086","NA","NA","972087","NA","116646","NA","116649","NA","127550","238523","967921","238513","NA","NA","967944","968614","975327","975326","967921","16795","965887","965887","978165","NA","NA","5935","NA","NA","NA","7993","NA","NA","NA","7994","965872","876287","970574","5935","NA","5935","NA","NA","NA","16795","NA","5935","NA","NA","NA","8005","NA","968883","974598","969423","970069","970574","971328","971834","972460","973172","973883","Norway Session 6","59","433751","75","0","71","yes","72","","1024","NA","Lily","truck.","355","285","cleaned","390","fi","250","jer","210","key","250","but","250","not","250","fi","250","jer","250"
"NA","NA","78.94736842105263","78.94736842105263","5714.236842105263","5714.236842105263","#242424","xpyriment","legacy","legacy","0","uniform","1","undefined","NA","NA","0","undefined","undefined","1","right_button","undefined","0","0","0","0","0","0","0","0","0","0","0","NA","NA","0","0","1","NA","NA","NA","NA","NA","NA","0","NA","0","71","71","71","71","NA","0","199","8","0","0","503","0","0","0","0","0","0","0","71","0","NA","NA","71","71","71","71","71","3","71","71","72","0","0","0","NA","1","NA","0","0","3","0","0","71","71","71","0","0","0","0","0","0","0","0","0","NA","NA","0","0","NA","71","27","71","71","71","71","71","71","71","27","undefined","563","-191","Thu Oct  3 17:47:30 2024","757","The main experiment item","yes","active","Norway_Session_6.osexp","1","C:\Users\Tromso\Desktop\LESS\Session 6","no","no","mono","no","18","no","white","no","Click to confirm or to begin from default part if nothing selected","NA","yes","common","active","gender agreement","1","number violation","103","768","legacy","Mini-English","NA","List 1: grammatical, gender violation, number violation","71","71","C:/Users/Tromso/Desktop/LESS/Session 6/subject-9.csv","1.2.3","xpyriment","1418","NA","plural","Lentiform Loewenfeld","3.3.14","0","3","NA","space","NA","NA","NA","NA","NA","NA","NA","NA","NA","space","c","NA","space","NA","space","3","531","NA","9282","NA","NA","NA","NA","NA","NA","NA","NA","NA","33448","90525","NA","10897","NA","110933","531","NA","8789","NA","space","2","legacy","Jer box look purpleju but jer drum not.","243","Session 6","NA","Experiment","2024-10-03 17:47","1024","2","48000","-16","Session6","Norway","9","odd","word4","51","NA","no","NA","109138","NA","26086","NA","16799","16795","5935","16795","NA","NA","NA","NA","NA","NA","NA","NA","NA","NA","NA","NA","NA","NA","NA","5934","876798","983536","982312","982898","NA","743539","985883","26086","NA","NA","984362","NA","116646","NA","116649","NA","127550","238523","980339","238513","NA","NA","980361","981031","986137","986137","980339","16795","978183","978183","986668","NA","NA","5935","NA","NA","NA","7993","NA","NA","NA","7994","978169","876287","982853","5935","NA","5935","NA","NA","NA","16795","NA","5935","NA","NA","NA","8005","NA","981301","974598","981806","982311","982853","983604","984110","984720","985478","973883","Norway Session 6","60","434282","76","0","72","yes","","copula_look","1024","NA","Jer","","","250","box","250","look","285","purpleju","385","but","250","jer","250","drum","285","not.","285","",""
"NA","NA","79.22077922077922","79.22077922077922","5646.493506493506","5646.493506493506","#242424","xpyriment","legacy","legacy","0","uniform","1","undefined","NA","NA","0","undefined","undefined","1","left_button","undefined","0","0","0","0","0","0","0","0","0","0","0","NA","NA","0","0","1","NA","NA","NA","NA","NA","NA","0","NA","0","72","72","72","72","NA","0","203","8","0","0","510","0","0","0","0","0","0","0","72","0","NA","NA","72","72","72","72","72","3","72","72","73","0","0","0","NA","1","NA","0","0","3","0","0","72","72","72","0","0","0","0","0","0","0","0","0","NA","NA","0","0","NA","72","28","72","72","72","72","72","72","72","28","undefined","563","-191","Thu Oct  3 17:47:30 2024","751","The main experiment item","yes","active","Norway_Session_6.osexp","1","C:\Users\Tromso\Desktop\LESS\Session 6","no","no","mono","no","18","no","white","no","Click to confirm or to begin from default part if nothing selected","NA","yes","","active","differential object marking","2","grammatical","101","768","legacy","Mini-English","NA","List 1: grammatical, DOM violation, article location violation","72","72","C:/Users/Tromso/Desktop/LESS/Session 6/subject-9.csv","1.2.3","xpyriment","","NA","singular","Lentiform Loewenfeld","3.3.14","0","1","NA","space","NA","NA","NA","NA","NA","NA","NA","NA","NA","space","c","NA","space","NA","space","1","498","NA","9282","NA","NA","NA","NA","NA","NA","NA","NA","NA","33448","90525","NA","10897","NA","110933","498","NA","8789","NA","space","2","legacy","Jack dirtied fi je street and fi ze tray too.","113","Session 6","NA","Experiment","2024-10-03 17:47","1024","2","48000","-16","Session6","Norway","9","odd","word4","40","NA","no","NA","109138","NA","26086","NA","16799","16795","5935","16795","NA","NA","NA","NA","NA","NA","NA","NA","NA","NA","NA","NA","NA","NA","NA","5934","876798","992094","991077","991631","NA","743539","996140","26086","NA","NA","993200","NA","116646","NA","116649","NA","127550","238523","988929","238513","NA","NA","988951","989622","996393","996393","988929","16795","986690","986690","996892","NA","NA","5935","NA","NA","NA","7993","NA","NA","NA","7994","986675","876287","991582","5935","NA","5935","NA","NA","NA","16795","NA","5935","NA","NA","NA","8005","NA","989892","995756","990432","991077","991582","992337","992947","993558","994276","995002","Norway Session 6","61","434780","77","0","73","yes","81","","1024","NA","Jack","too.","285","285","dirtied","390","fi","250","je","210","street","355","and","250","fi","250","ze","250","tray","285"
"NA","NA","79.48717948717949","79.48717948717949","5577.25641025641","5577.25641025641","#242424","xpyriment","legacy","legacy","0","uniform","1","undefined","NA","NA","0","undefined","undefined","1","left_button","undefined","0","0","0","0","0","0","0","0","0","0","0","NA","NA","0","0","1","NA","NA","NA","NA","NA","NA","0","NA","0","73","73","73","73","NA","0","207","8","0","0","517","0","0","0","0","0","0","0","73","0","NA","NA","73","73","73","73","73","3","73","73","74","0","0","0","NA","1","NA","0","0","3","0","0","73","73","73","0","0","0","0","0","0","0","0","0","NA","NA","0","0","NA","73","29","73","73","73","73","73","73","73","29","undefined","563","-191","Thu Oct  3 17:47:30 2024","748","The main experiment item","yes","active","Norway_Session_6.osexp","1","C:\Users\Tromso\Desktop\LESS\Session 6","no","no","mono","no","18","no","white","no","Click to confirm or to begin from default part if nothing selected","NA","yes","","active","differential object marking","2","grammatical","101","768","legacy","Mini-English","NA","List 1: grammatical, DOM violation, article location violation","73","73","C:/Users/Tromso/Desktop/LESS/Session 6/subject-9.csv","1.2.3","xpyriment","","NA","singular","Lentiform Loewenfeld","3.3.14","0","1","NA","space","NA","NA","NA","NA","NA","NA","NA","NA","NA","space","c","NA","space","NA","space","1","246","NA","9282","NA","NA","NA","NA","NA","NA","NA","NA","NA","33448","90525","NA","10897","NA","110933","246","NA","8789","NA","space","2","legacy","Jessica spoiled fi je drum and fi je box too.","193","Session 6","NA","Experiment","2024-10-03 17:47","1024","2","48000","-16","Session6","Norway","9","odd","word4","46","NA","no","NA","109138","NA","26086","NA","16799","16795","5935","16795","NA","NA","NA","NA","NA","NA","NA","NA","NA","NA","NA","NA","NA","NA","NA","5934","876798","1002382","1001368","1001919","NA","743539","1006360","26086","NA","NA","1003417","NA","116646","NA","116649","NA","127550","238523","999115","238513","NA","NA","999137","999807","1006613","1006613","999115","16795","996913","996913","1006861","NA","NA","5935","NA","NA","NA","7993","NA","NA","NA","7994","996900","876287","1001873","5935","NA","5935","NA","NA","NA","16795","NA","5935","NA","NA","NA","8005","NA","1000077","1005964","1000722","1001368","1001873","1002624","1003164","1003770","1004484","1005208","Norway Session 6","62","435026","78","0","74","yes","1613","","1024","NA","Jessica","too.","285","390","spoiled","390","fi","250","je","210","drum","285","and","250","fi","250","je","250","box","250"
"NA","NA","79.74683544303798","79.74683544303798","5512.620253164557","5512.620253164557","#242424","xpyriment","legacy","legacy","0","uniform","1","undefined","NA","NA","0","undefined","undefined","1","left_button","undefined","0","0","0","0","0","0","0","0","0","0","0","NA","NA","0","0","1","NA","NA","NA","NA","NA","NA","0","NA","0","74","74","74","74","NA","0","211","8","0","0","524","0","0","0","0","0","0","0","74","0","NA","NA","74","74","74","74","74","3","74","74","75","0","0","0","NA","1","NA","0","0","3","0","0","74","74","74","0","0","0","0","0","0","0","0","0","NA","NA","0","0","NA","74","30","74","74","74","74","74","74","74","30","undefined","563","-190","Thu Oct  3 17:47:30 2024","749","The main experiment item","yes","active","Norway_Session_6.osexp","1","C:\Users\Tromso\Desktop\LESS\Session 6","no","no","mono","no","18","no","white","no","Click to confirm or to begin from default part if nothing selected","NA","yes","","active","differential object marking","2","grammatical","101","768","legacy","Mini-English","NA","List 1: grammatical, DOM violation, article location violation","74","74","C:/Users/Tromso/Desktop/LESS/Session 6/subject-9.csv","1.2.3","xpyriment","","NA","singular","Lentiform Loewenfeld","3.3.14","0","1","NA","space","NA","NA","NA","NA","NA","NA","NA","NA","NA","space","c","NA","space","NA","space","1","471","NA","9282","NA","NA","NA","NA","NA","NA","NA","NA","NA","33448","90525","NA","10897","NA","110933","471","NA","8789","NA","space","2","legacy","Amelia provided fi ze tray but not fi ze mug.","222","Session 6","NA","Experiment","2024-10-03 17:47","1024","2","48000","-16","Session6","Norway","9","odd","word4","49","NA","no","NA","109138","NA","26086","NA","16799","16795","5935","16795","NA","NA","NA","NA","NA","NA","NA","NA","NA","NA","NA","NA","NA","NA","NA","5934","876798","1012294","1011277","1011831","NA","743539","1016240","26086","NA","NA","1013331","NA","116646","NA","116649","NA","127550","238523","1009022","238513","NA","NA","1009045","1009715","1016493","1016493","1009022","16795","1006880","1006880","1016964","NA","NA","5935","NA","NA","NA","7993","NA","NA","NA","7994","1006865","876287","1011783","5935","NA","5935","NA","NA","NA","16795","NA","5935","NA","NA","NA","8005","NA","1009985","1015847","1010595","1011277","1011783","1012537","1013078","1013685","1014397","1015111","Norway Session 6","63","435497","79","0","75","yes","919","","1024","NA","Amelia","mug.","285","355","provided","425","fi","250","ze","210","tray","285","but","250","not","250","fi","250","ze","250"
"NA","NA","80","80","5446.65","5446.65","#242424","xpyriment","legacy","legacy","0","uniform","1","undefined","NA","NA","0","undefined","undefined","1","right_button","undefined","0","0","0","0","0","0","0","0","0","0","0","NA","NA","0","0","1","NA","NA","NA","NA","NA","NA","0","NA","0","75","75","75","75","NA","0","213","8","0","0","531","0","0","0","0","0","0","0","75","0","NA","NA","75","75","75","75","75","3","75","75","76","0","0","0","NA","1","NA","0","0","3","0","0","75","75","75","0","0","0","0","0","0","0","0","0","NA","NA","0","0","NA","75","30","75","75","75","75","75","75","75","30","undefined","563","-190","Thu Oct  3 17:47:30 2024","743","The main experiment item","yes","active","Norway_Session_6.osexp","1","C:\Users\Tromso\Desktop\LESS\Session 6","no","no","mono","no","18","no","white","no","Click to confirm or to begin from default part if nothing selected","NA","yes","","active","differential object marking","2","article location violation","103","768","legacy","Mini-English","NA","List 1: grammatical, DOM violation, article location violation","75","75","C:/Users/Tromso/Desktop/LESS/Session 6/subject-9.csv","1.2.3","xpyriment","","NA","singular","Lentiform Loewenfeld","3.3.14","0","3","NA","space","NA","NA","NA","NA","NA","NA","NA","NA","NA","space","c","NA","space","NA","space","3","235","NA","9282","NA","NA","NA","NA","NA","NA","NA","NA","NA","33448","90525","NA","10897","NA","110933","235","NA","8789","NA","space","2","legacy","Jacob chose fi zetable but not fi jewall.","176","Session 6","NA","Experiment","2024-10-03 17:47","1024","2","48000","-16","Session6","Norway","9","odd","word4","45","NA","no","NA","109138","NA","26086","NA","16799","16795","5935","16795","NA","NA","NA","NA","NA","NA","NA","NA","NA","NA","NA","NA","NA","NA","NA","5934","876798","1022404","1021249","1021801","NA","743539","1024870","26086","NA","NA","1023265","NA","116646","NA","116649","NA","127550","238523","1019136","238513","NA","NA","1019159","1019829","1025121","1025121","1019136","16795","1016986","1016986","1025357","NA","NA","5935","NA","NA","NA","7993","NA","NA","NA","7994","1016971","876287","1021755","5935","NA","5935","NA","NA","NA","16795","NA","5935","NA","NA","NA","8005","NA","1020098","1015847","1020674","1021249","1021755","1022507","1023013","1023656","1024370","1015111","Norway Session 6","64","435732","80","0","76","yes","119","","1024","NA","Jacob","","","320","chose","320","fi","250","zetable","350","but","250","not","250","fi","250","jewall.","390","",""
"NA","NA","80.24691358024691","80.24691358024691","5389.506172839506","5389.506172839506","#242424","xpyriment","legacy","legacy","0","uniform","1","undefined","NA","NA","0","undefined","undefined","1","right_button","undefined","0","0","0","0","0","0","0","0","0","0","0","NA","NA","0","0","1","NA","NA","NA","NA","NA","NA","0","NA","0","76","76","76","76","NA","0","215","8","0","0","538","0","0","0","0","0","0","0","76","0","NA","NA","76","76","76","76","76","3","76","76","77","0","0","0","NA","1","NA","0","0","3","0","0","76","76","76","0","0","0","0","0","0","0","0","0","NA","NA","0","0","NA","76","30","76","76","76","76","76","76","76","30","undefined","563","-190","Thu Oct  3 17:47:30 2024","757","The main experiment item","yes","active","Norway_Session_6.osexp","1","C:\Users\Tromso\Desktop\LESS\Session 6","no","no","mono","no","18","no","white","no","Click to confirm or to begin from default part if nothing selected","NA","yes","common","active","gender agreement","1","number violation","103","768","legacy","Mini-English","NA","List 1: grammatical, gender violation, number violation","76","76","C:/Users/Tromso/Desktop/LESS/Session 6/subject-9.csv","1.2.3","xpyriment","1515","NA","singular","Lentiform Loewenfeld","3.3.14","0","3","NA","space","NA","NA","NA","NA","NA","NA","NA","NA","NA","space","c","NA","space","NA","space","3","818","NA","9282","NA","NA","NA","NA","NA","NA","NA","NA","NA","33448","90525","NA","10897","NA","110933","818","NA","8789","NA","space","2","legacy","Je saucepan is dryejur and je box too.","208","Session 6","NA","Experiment","2024-10-03 17:47","1024","2","48000","-16","Session6","Norway","9","odd","word4","48","NA","no","NA","109138","NA","26086","NA","16799","16795","5935","16795","NA","NA","NA","NA","NA","NA","NA","NA","NA","NA","NA","NA","NA","NA","NA","5934","876798","1030846","1029690","1030242","NA","743539","1033188","26086","NA","NA","1031705","NA","116646","NA","116649","NA","127550","238523","1027539","238513","NA","NA","1027562","1028232","1033441","1033441","1027539","16795","1025374","1025374","1034260","NA","NA","5935","NA","NA","NA","7993","NA","NA","NA","7994","1025360","876287","1030196","5935","NA","5935","NA","NA","NA","16795","NA","5935","NA","NA","NA","8005","NA","1028504","1015847","1029010","1029690","1030196","1030948","1031454","1032068","1032808","1015111","Norway Session 6","65","436550","81","0","77","yes","","copula_be","1024","NA","Je","","","250","saucepan","425","is","250","dryejur","350","and","250","je","250","box","250","too.","285","",""
"NA","NA","80.48780487804878","80.48780487804878","5327.195121951219","5327.195121951219","#242424","xpyriment","legacy","legacy","0","uniform","1","undefined","NA","NA","0","undefined","undefined","1","right_button","undefined","0","0","0","0","0","0","0","0","0","0","0","NA","NA","0","0","1","NA","NA","NA","NA","NA","NA","0","NA","0","77","77","77","77","NA","0","217","8","0","0","545","0","0","0","0","0","0","0","77","0","NA","NA","77","77","77","77","77","3","77","77","78","0","0","0","NA","1","NA","0","0","3","0","0","77","77","77","0","0","0","0","0","0","0","0","0","NA","NA","0","0","NA","77","30","77","77","77","77","77","77","77","30","undefined","563","-186","Thu Oct  3 17:47:30 2024","765","The main experiment item","yes","active","Norway_Session_6.osexp","1","C:\Users\Tromso\Desktop\LESS\Session 6","no","no","mono","no","18","no","white","no","Click to confirm or to begin from default part if nothing selected","NA","yes","common","active","gender agreement","1","number violation","103","768","legacy","Mini-English","NA","List 1: grammatical, gender violation, number violation","77","77","C:/Users/Tromso/Desktop/LESS/Session 6/subject-9.csv","1.2.3","xpyriment","1318","NA","plural","Lentiform Loewenfeld","3.3.14","0","3","NA","space","NA","NA","NA","NA","NA","NA","NA","NA","NA","space","c","NA","space","NA","space","3","280","NA","9282","NA","NA","NA","NA","NA","NA","NA","NA","NA","33448","90525","NA","10897","NA","110933","280","NA","8789","NA","space","2","legacy","Jer drum look purpleju but jer dress not.","242","Session 6","NA","Experiment","2024-10-03 17:47","1024","2","48000","-16","Session6","Norway","9","odd","word4","51","NA","no","NA","109138","NA","26086","NA","16799","16795","5935","16795","NA","NA","NA","NA","NA","NA","NA","NA","NA","NA","NA","NA","NA","NA","NA","5934","876798","1039593","1038366","1038955","NA","743539","1041981","26086","NA","NA","1040419","NA","116646","NA","116649","NA","127550","238523","1036359","238513","NA","NA","1036382","1037052","1042236","1042236","1036359","16795","1034282","1034282","1042517","NA","NA","5935","NA","NA","NA","7993","NA","NA","NA","7994","1034264","876287","1038908","5935","NA","5935","NA","NA","NA","16795","NA","5935","NA","NA","NA","8005","NA","1037320","1015847","1037826","1038366","1038908","1039661","1040166","1040781","1041580","1015111","Norway Session 6","66","436830","82","0","78","yes","","copula_look","1024","NA","Jer","","","250","drum","285","look","285","purpleju","385","but","250","jer","250","dress","320","not.","285","",""
"NA","NA","80.72289156626506","80.72289156626506","5265.939759036145","5265.939759036145","#242424","xpyriment","legacy","legacy","0","uniform","1","undefined","NA","NA","0","undefined","undefined","1","right_button","undefined","0","0","0","0","0","0","0","0","0","0","0","NA","NA","0","0","1","NA","NA","NA","NA","NA","NA","0","NA","0","78","78","78","78","NA","0","219","8","0","0","552","0","0","0","0","0","0","0","78","0","NA","NA","78","78","78","78","78","3","78","78","79","0","0","0","NA","1","NA","0","0","3","0","0","78","78","78","0","0","0","0","0","0","0","0","0","NA","NA","0","0","NA","78","30","78","78","78","78","78","78","78","30","undefined","563","-182","Thu Oct  3 17:47:30 2024","730","The main experiment item","yes","active","Norway_Session_6.osexp","1","C:\Users\Tromso\Desktop\LESS\Session 6","no","no","mono","no","18","no","white","no","Click to confirm or to begin from default part if nothing selected","NA","yes","common","active","gender agreement","1","number violation","103","768","legacy","Mini-English","NA","List 1: grammatical, gender violation, number violation","78","78","C:/Users/Tromso/Desktop/LESS/Session 6/subject-9.csv","1.2.3","xpyriment","1315","NA","singular","Lentiform Loewenfeld","3.3.14","0","3","NA","space","NA","NA","NA","NA","NA","NA","NA","NA","NA","space","c","NA","space","NA","space","3","243","NA","9282","NA","NA","NA","NA","NA","NA","NA","NA","NA","33448","90525","NA","10897","NA","110933","243","NA","8789","NA","space","2","legacy","Je drum is dryejur and je suitcase too.","206","Session 6","NA","Experiment","2024-10-03 17:47","1024","2","48000","-16","Session6","Norway","9","odd","word4","48","NA","no","NA","109138","NA","26086","NA","16799","16795","5935","16795","NA","NA","NA","NA","NA","NA","NA","NA","NA","NA","NA","NA","NA","NA","NA","5934","876798","1047792","1046635","1047188","NA","743539","1050291","26086","NA","NA","1048653","NA","116646","NA","116649","NA","127550","238523","1044628","238513","NA","NA","1044651","1045321","1050545","1050545","1044628","16795","1042539","1042539","1050789","NA","NA","5935","NA","NA","NA","7993","NA","NA","NA","7994","1042524","876287","1047141","5935","NA","5935","NA","NA","NA","16795","NA","5935","NA","NA","NA","8005","NA","1045590","1015847","1046095","1046635","1047141","1047895","1048401","1049004","1049882","1015111","Norway Session 6","67","437073","83","0","79","yes","","copula_be","1024","NA","Je","","","250","drum","285","is","250","dryejur","350","and","250","je","250","suitcase","425","too.","285","",""
"NA","NA","79.76190476190476","79.76190476190476","5226.416666666667","5226.416666666667","#242424","xpyriment","legacy","legacy","0","uniform","0","undefined","NA","NA","0","undefined","undefined","0","right_button","undefined","0","0","0","0","0","0","0","0","0","0","0","NA","NA","0","0","1","NA","NA","NA","NA","NA","NA","0","NA","0","79","79","79","79","NA","0","221","8","0","0","559","0","0","0","0","0","0","0","79","0","NA","NA","79","79","79","79","79","3","79","79","80","0","0","0","NA","1","NA","0","0","3","0","0","79","79","79","0","0","0","0","0","0","0","0","0","NA","NA","0","0","NA","79","30","79","79","79","79","79","79","79","30","undefined","563","-181","Thu Oct  3 17:47:30 2024","744","The main experiment item","yes","active","Norway_Session_6.osexp","1","C:\Users\Tromso\Desktop\LESS\Session 6","no","no","mono","no","18","no","white","no","Click to confirm or to begin from default part if nothing selected","NA","yes","","active","differential object marking","2","DOM violation","102","768","legacy","Mini-English","NA","List 1: grammatical, DOM violation, article location violation","79","79","C:/Users/Tromso/Desktop/LESS/Session 6/subject-9.csv","1.2.3","xpyriment","","NA","singular","Lentiform Loewenfeld","3.3.14","0","1","NA","space","NA","NA","NA","NA","NA","NA","NA","NA","NA","space","c","NA","space","NA","space","1","1946","NA","9282","NA","NA","NA","NA","NA","NA","NA","NA","NA","33448","90525","NA","10897","NA","110933","1946","NA","8789","NA","space","2","legacy","Ava ordered je key but not je saucepan.","127","Session 6","NA","Experiment","2024-10-03 17:47","1024","2","48000","-16","Session6","Norway","9","odd","word3","41","NA","no","NA","109138","NA","26086","NA","16799","16795","5935","16795","NA","NA","NA","NA","NA","NA","NA","NA","NA","NA","NA","NA","NA","NA","NA","5934","1055553","1047792","1055090","1055796","NA","743539","1058719","26086","NA","NA","1057061","NA","116646","NA","116649","NA","127550","238523","1052932","238513","NA","NA","1052955","1053625","1058978","1058977","1052932","16795","1050808","1050808","1060925","NA","NA","5935","NA","NA","NA","7993","NA","NA","NA","7994","1050796","1055044","1047141","5935","NA","5935","NA","NA","NA","16795","NA","5935","NA","NA","NA","8005","NA","1053894","1015847","1054400","1055044","1055796","1056302","1056808","1057420","1058124","1015111","Norway Session 6","67","439019","84","0","80","yes","102","","1024","NA","Ava","","","250","ordered","390","je","210","key","250","but","250","not","250","je","250","saucepan.","460","",""
"NA","NA","80","80","5166.882352941177","5166.882352941177","#242424","xpyriment","legacy","legacy","0","uniform","1","undefined","NA","NA","0","undefined","undefined","1","left_button","undefined","0","0","0","0","0","0","0","0","0","0","0","NA","NA","0","0","1","NA","NA","NA","NA","NA","NA","0","NA","0","80","80","80","80","NA","0","223","8","0","0","566","0","0","0","0","0","0","0","80","0","NA","NA","80","80","80","80","80","3","80","80","81","0","0","0","NA","1","NA","0","0","3","0","0","80","80","80","0","0","0","0","0","0","0","0","0","NA","NA","0","0","NA","80","30","80","80","80","80","80","80","80","30","undefined","563","-176","Thu Oct  3 17:47:30 2024","750","The main experiment item","yes","active","Norway_Session_6.osexp","1","C:\Users\Tromso\Desktop\LESS\Session 6","no","no","mono","no","18","no","white","no","Click to confirm or to begin from default part if nothing selected","NA","yes","common","active","gender agreement","1","grammatical","101","768","legacy","Mini-English","NA","List 1: grammatical, gender violation, number violation","80","80","C:/Users/Tromso/Desktop/LESS/Session 6/subject-9.csv","1.2.3","xpyriment","1813","NA","singular","Lentiform Loewenfeld","3.3.14","0","1","NA","space","NA","NA","NA","NA","NA","NA","NA","NA","NA","space","c","NA","space","NA","space","1","166","NA","9282","NA","NA","NA","NA","NA","NA","NA","NA","NA","33448","90525","NA","10897","NA","110933","166","NA","8789","NA","space","2","legacy","Je dress is goodeju and je fork too.","187","Session 6","NA","Experiment","2024-10-03 17:47","1024","2","48000","-16","Session6","Norway","9","odd","word4","46","NA","no","NA","109138","NA","26086","NA","16799","16795","5935","16795","NA","NA","NA","NA","NA","NA","NA","NA","NA","NA","NA","NA","NA","NA","NA","5934","1055553","1066228","1065075","1065625","NA","743539","1068609","26086","NA","NA","1067088","NA","116646","NA","116649","NA","127550","238523","1063030","238513","NA","NA","1063054","1063724","1068862","1068862","1063030","16795","1060944","1060944","1069029","NA","NA","5935","NA","NA","NA","7993","NA","NA","NA","7994","1060929","1055044","1065580","5935","NA","5935","NA","NA","NA","16795","NA","5935","NA","NA","NA","8005","NA","1063995","1015847","1064500","1065074","1065580","1066330","1066836","1067451","1068219","1015111","Norway Session 6","68","439185","85","0","81","yes","","copula_be","1024","NA","Je","","","250","dress","320","is","250","goodeju","350","and","250","je","250","fork","285","too.","285","",""
"NA","NA","79.06976744186046","79.06976744186046","5109.337209302325","5109.337209302325","#242424","xpyriment","legacy","legacy","0","uniform","0","undefined","NA","NA","0","undefined","undefined","0","right_button","undefined","0","0","0","0","0","0","0","0","0","0","0","NA","NA","0","0","1","NA","NA","NA","NA","NA","NA","0","NA","0","81","81","81","81","NA","0","227","8","0","0","573","0","0","0","0","0","0","0","81","0","NA","NA","81","81","81","81","81","3","81","81","82","0","0","0","NA","1","NA","0","0","3","0","0","81","81","81","0","0","0","0","0","0","0","0","0","NA","NA","0","0","NA","81","31","81","81","81","81","81","81","81","31","undefined","563","-173","Thu Oct  3 17:47:30 2024","743","The main experiment item","yes","active","Norway_Session_6.osexp","1","C:\Users\Tromso\Desktop\LESS\Session 6","no","no","mono","no","18","no","white","no","Click to confirm or to begin from default part if nothing selected","NA","yes","","active","verb-object agreement","3","VOA violation","102","768","legacy","Mini-English","NA","List 1: grammatical, VOA violation, article location violation","81","81","C:/Users/Tromso/Desktop/LESS/Session 6/subject-9.csv","1.2.3","xpyriment","","NA","plural","Lentiform Loewenfeld","3.3.14","0","1","NA","space","NA","NA","NA","NA","NA","NA","NA","NA","NA","space","c","NA","space","NA","space","1","218","NA","9282","NA","NA","NA","NA","NA","NA","NA","NA","NA","33448","90525","NA","10897","NA","110933","218","NA","8789","NA","space","2","legacy","Thomas fixed fi zer mug but not fi zer letter.","204","Session 6","NA","Experiment","2024-10-03 17:47","1024","2","48000","-16","Session6","Norway","9","odd","word4","47","NA","no","NA","109138","NA","26086","NA","16799","16795","5935","16795","NA","NA","NA","NA","NA","NA","NA","NA","NA","NA","NA","NA","NA","NA","NA","5934","1055553","1074409","1073393","1073946","NA","743539","1078437","26086","NA","NA","1075410","NA","116646","NA","116649","NA","127550","238523","1071244","238513","NA","NA","1071266","1071938","1078690","1078690","1071245","16795","1069046","1069046","1078909","NA","NA","5935","NA","NA","NA","7993","NA","NA","NA","7994","1069033","1055044","1073899","5935","NA","5935","NA","NA","NA","16795","NA","5935","NA","NA","NA","8005","NA","1072208","1077936","1072818","1073393","1073899","1074652","1075158","1075775","1076492","1077219","Norway Session 6","68","439403","86","0","82","yes","158","","1024","NA","Thomas","letter.","390","355","fixed","320","fi","250","zer","210","mug","250","but","250","not","250","fi","250","zer","250"
"NA","NA","78.16091954022988","78.16091954022988","5070.367816091954","5070.367816091954","#242424","xpyriment","legacy","legacy","0","uniform","0","undefined","NA","NA","0","undefined","undefined","0","right_button","undefined","0","0","0","0","0","0","0","0","0","0","0","NA","NA","0","0","1","NA","NA","NA","NA","NA","NA","0","NA","0","82","82","82","82","NA","0","229","8","0","0","580","0","0","0","0","0","0","0","82","0","NA","NA","82","82","82","82","82","3","82","82","83","0","0","0","NA","1","NA","0","0","3","0","0","82","82","82","0","0","0","0","0","0","0","0","0","NA","NA","0","0","NA","82","31","82","82","82","82","82","82","82","31","undefined","563","-167","Thu Oct  3 17:47:30 2024","744","The main experiment item","yes","active","Norway_Session_6.osexp","1","C:\Users\Tromso\Desktop\LESS\Session 6","no","no","mono","no","18","no","white","no","Click to confirm or to begin from default part if nothing selected","NA","yes","","active","differential object marking","2","DOM violation","102","768","legacy","Mini-English","NA","List 1: grammatical, DOM violation, article location violation","82","82","C:/Users/Tromso/Desktop/LESS/Session 6/subject-9.csv","1.2.3","xpyriment","","NA","singular","Lentiform Loewenfeld","3.3.14","0","1","NA","space","NA","NA","NA","NA","NA","NA","NA","NA","NA","space","c","NA","space","NA","space","1","1719","NA","9282","NA","NA","NA","NA","NA","NA","NA","NA","NA","33448","90525","NA","10897","NA","110933","1719","NA","8789","NA","space","2","legacy","Amelia dried ze leaf and ze table too.","238","Session 6","NA","Experiment","2024-10-03 17:47","1024","2","48000","-16","Session6","Norway","9","odd","word3","50","NA","no","NA","109138","NA","26086","NA","16799","16795","5935","16795","NA","NA","NA","NA","NA","NA","NA","NA","NA","NA","NA","NA","NA","NA","NA","5934","1083756","1074409","1083293","1084000","NA","743539","1086847","26086","NA","NA","1085298","NA","116646","NA","116649","NA","127550","238523","1081096","238513","NA","NA","1081119","1081789","1087100","1087100","1081097","16795","1078928","1078928","1088822","NA","NA","5935","NA","NA","NA","7993","NA","NA","NA","7994","1078914","1083245","1073899","5935","NA","5935","NA","NA","NA","16795","NA","5935","NA","NA","NA","8005","NA","1082060","1077936","1082669","1083245","1083999","1084541","1085046","1085658","1086450","1077219","Norway Session 6","68","441122","87","0","83","yes","1320","","1024","NA","Amelia","","","355","dried","320","ze","210","leaf","285","and","250","ze","250","table","320","too.","285","",""
"NA","NA","78.4090909090909","78.4090909090909","5042.772727272727","5042.772727272727","#242424","xpyriment","legacy","legacy","0","uniform","1","undefined","NA","NA","0","undefined","undefined","1","right_button","undefined","0","0","0","0","0","0","0","0","0","0","0","NA","NA","0","0","1","NA","NA","NA","NA","NA","NA","0","NA","0","83","83","83","83","NA","0","231","8","0","0","587","0","0","0","0","0","0","0","83","0","NA","NA","83","83","83","83","83","3","83","83","84","0","0","0","NA","1","NA","0","0","3","0","0","83","83","83","0","0","0","0","0","0","0","0","0","NA","NA","0","0","NA","83","31","83","83","83","83","83","83","83","31","undefined","563","-159","Thu Oct  3 17:47:30 2024","746","The main experiment item","yes","active","Norway_Session_6.osexp","1","C:\Users\Tromso\Desktop\LESS\Session 6","no","no","mono","no","18","no","white","no","Click to confirm or to begin from default part if nothing selected","NA","yes","neuter","active","gender agreement","1","number violation","103","768","legacy","Mini-English","NA","List 1: grammatical, gender violation, number violation","83","83","C:/Users/Tromso/Desktop/LESS/Session 6/subject-9.csv","1.2.3","xpyriment","2315","NA","singular","Lentiform Loewenfeld","3.3.14","0","3","NA","space","NA","NA","NA","NA","NA","NA","NA","NA","NA","space","c","NA","space","NA","space","3","2642","NA","9282","NA","NA","NA","NA","NA","NA","NA","NA","NA","33448","90525","NA","10897","NA","110933","2642","NA","8789","NA","space","2","legacy","Ze candle is dryezur and ze strawberry too.","216","Session 6","NA","Experiment","2024-10-03 17:47","1024","2","48000","-16","Session6","Norway","9","odd","word4","48","NA","no","NA","109138","NA","26086","NA","16799","16795","5935","16795","NA","NA","NA","NA","NA","NA","NA","NA","NA","NA","NA","NA","NA","NA","NA","5934","1083756","1094172","1093017","1093569","NA","743539","1096741","26086","NA","NA","1095034","NA","116646","NA","116649","NA","127550","238523","1090936","238513","NA","NA","1090961","1091631","1096993","1096993","1090936","16795","1088840","1088840","1099638","NA","NA","5935","NA","NA","NA","7993","NA","NA","NA","7994","1088827","1083245","1093523","5935","NA","5935","NA","NA","NA","16795","NA","5935","NA","NA","NA","8005","NA","1091901","1077936","1092407","1093017","1093523","1094275","1094780","1095390","1096344","1077219","Norway Session 6","69","443764","88","0","84","yes","","copula_be","1024","NA","Ze","","","250","candle","355","is","250","dryezur","350","and","250","ze","250","strawberry","495","too.","285","",""
"NA","NA","78.65168539325843","78.65168539325843","4988.595505617977","4988.595505617977","#242424","xpyriment","legacy","legacy","0","uniform","1","undefined","NA","NA","0","undefined","undefined","1","left_button","undefined","0","0","0","0","0","0","0","0","0","0","0","NA","NA","0","0","1","NA","NA","NA","NA","NA","NA","0","NA","0","84","84","84","84","NA","0","233","8","0","0","594","0","0","0","0","0","0","0","84","0","NA","NA","84","84","84","84","84","3","84","84","85","0","0","0","NA","1","NA","0","0","3","0","0","84","84","84","0","0","0","0","0","0","0","0","0","NA","NA","0","0","NA","84","31","84","84","84","84","84","84","84","31","undefined","563","-158","Thu Oct  3 17:47:30 2024","734","The main experiment item","yes","active","Norway_Session_6.osexp","1","C:\Users\Tromso\Desktop\LESS\Session 6","no","no","mono","no","18","no","white","no","Click to confirm or to begin from default part if nothing selected","NA","yes","common","active","gender agreement","1","grammatical","101","768","legacy","Mini-English","NA","List 1: grammatical, gender violation, number violation","84","84","C:/Users/Tromso/Desktop/LESS/Session 6/subject-9.csv","1.2.3","xpyriment","1510","NA","plural","Lentiform Loewenfeld","3.3.14","0","1","NA","space","NA","NA","NA","NA","NA","NA","NA","NA","NA","space","c","NA","space","NA","space","1","221","NA","9282","NA","NA","NA","NA","NA","NA","NA","NA","NA","33448","90525","NA","10897","NA","110933","221","NA","8789","NA","space","2","legacy","Jer saucepan look pinkejur but jer dress not.","148","Session 6","NA","Experiment","2024-10-03 17:47","1024","2","48000","-16","Session6","Norway","9","odd","word4","43","NA","no","NA","109138","NA","26086","NA","16799","16795","5935","16795","NA","NA","NA","NA","NA","NA","NA","NA","NA","NA","NA","NA","NA","NA","NA","5934","1083756","1105128","1103900","1104490","NA","743539","1107514","26086","NA","NA","1105953","NA","116646","NA","116649","NA","127550","238523","1101751","238513","NA","NA","1101773","1102443","1107767","1107767","1101751","16795","1099656","1099656","1107989","NA","NA","5935","NA","NA","NA","7993","NA","NA","NA","7994","1099643","1083245","1104441","5935","NA","5935","NA","NA","NA","16795","NA","5935","NA","NA","NA","8005","NA","1102713","1077936","1103219","1103900","1104441","1105195","1105700","1106327","1107107","1077219","Norway Session 6","70","443985","89","0","85","yes","","copula_look","1024","NA","Jer","","","250","saucepan","425","look","285","pinkejur","385","but","250","jer","250","dress","320","not.","285","",""
"NA","NA","78.88888888888889","78.88888888888889","4935.288888888889","4935.288888888889","#242424","xpyriment","legacy","legacy","0","uniform","1","undefined","NA","NA","0","undefined","undefined","1","left_button","undefined","0","0","0","0","0","0","0","0","0","0","0","NA","NA","0","0","1","NA","NA","NA","NA","NA","NA","0","NA","0","85","85","85","85","NA","0","237","8","0","0","601","0","0","0","0","0","0","0","85","0","NA","NA","85","85","85","85","85","3","85","85","86","0","0","0","NA","1","NA","0","0","3","0","0","85","85","85","0","0","0","0","0","0","0","0","0","NA","NA","0","0","NA","85","32","85","85","85","85","85","85","85","32","undefined","563","-151","Thu Oct  3 17:47:30 2024","742","The main experiment item","yes","active","Norway_Session_6.osexp","1","C:\Users\Tromso\Desktop\LESS\Session 6","no","no","mono","no","18","no","white","no","Click to confirm or to begin from default part if nothing selected","NA","yes","","active","verb-object agreement","3","grammatical","101","768","legacy","Mini-English","NA","List 1: grammatical, VOA violation, article location violation","85","85","C:/Users/Tromso/Desktop/LESS/Session 6/subject-9.csv","1.2.3","xpyriment","","NA","plural","Lentiform Loewenfeld","3.3.14","0","1","NA","space","NA","NA","NA","NA","NA","NA","NA","NA","NA","space","c","NA","space","NA","space","1","191","NA","9282","NA","NA","NA","NA","NA","NA","NA","NA","NA","33448","90525","NA","10897","NA","110933","191","NA","8789","NA","space","2","legacy","Thomas providedevo fi jer street and fi jer pencil too.","114","Session 6","NA","Experiment","2024-10-03 17:47","1024","2","48000","-16","Session6","Norway","9","odd","word4","40","NA","no","NA","109138","NA","26086","NA","16799","16795","5935","16795","NA","NA","NA","NA","NA","NA","NA","NA","NA","NA","NA","NA","NA","NA","NA","5934","1083756","1113607","1112591","1113144","NA","743539","1117753","26086","NA","NA","1114715","NA","116646","NA","116649","NA","127550","238523","1110231","238513","NA","NA","1110254","1110924","1118005","1118005","1110231","16795","1108012","1108013","1118197","NA","NA","5935","NA","NA","NA","7993","NA","NA","NA","7994","1107996","1083245","1113097","5935","NA","5935","NA","NA","NA","16795","NA","5935","NA","NA","NA","8005","NA","1111193","1117359","1111805","1112591","1113097","1113850","1114462","1115073","1115793","1116513","Norway Session 6","71","444176","90","0","86","yes","91","","1024","NA","Thomas","too.","285","355","providedevo","530","fi","250","jer","210","street","355","and","250","fi","250","jer","250","pencil","355"
"NA","NA","79.12087912087912","79.12087912087912","4894.494505494506","4894.494505494506","#242424","xpyriment","legacy","legacy","0","uniform","1","undefined","NA","NA","0","undefined","undefined","1","left_button","undefined","0","0","0","0","0","0","0","0","0","0","0","NA","NA","0","0","1","NA","NA","NA","NA","NA","NA","0","NA","0","86","86","86","86","NA","0","241","8","0","0","608","0","0","0","0","0","0","0","86","0","NA","NA","86","86","86","86","86","3","86","86","87","0","0","0","NA","1","NA","0","0","3","0","0","86","86","86","0","0","0","0","0","0","0","0","0","NA","NA","0","0","NA","86","33","86","86","86","86","86","86","86","33","undefined","563","-141","Thu Oct  3 17:47:30 2024","755","The main experiment item","yes","active","Norway_Session_6.osexp","1","C:\Users\Tromso\Desktop\LESS\Session 6","no","no","mono","no","18","no","white","no","Click to confirm or to begin from default part if nothing selected","NA","yes","","active","differential object marking","2","grammatical","101","768","legacy","Mini-English","NA","List 1: grammatical, DOM violation, article location violation","86","86","C:/Users/Tromso/Desktop/LESS/Session 6/subject-9.csv","1.2.3","xpyriment","","NA","singular","Lentiform Loewenfeld","3.3.14","0","1","NA","space","NA","NA","NA","NA","NA","NA","NA","NA","NA","space","c","NA","space","NA","space","1","1223","NA","9282","NA","NA","NA","NA","NA","NA","NA","NA","NA","33448","90525","NA","10897","NA","110933","1223","NA","8789","NA","space","2","legacy","Jacob refused fi ze letter but not fi je wall.","153","Session 6","NA","Experiment","2024-10-03 17:47","1024","2","48000","-16","Session6","Norway","9","odd","word4","43","NA","no","NA","109138","NA","26086","NA","16799","16795","5935","16795","NA","NA","NA","NA","NA","NA","NA","NA","NA","NA","NA","NA","NA","NA","NA","5934","1083756","1123625","1122610","1123161","NA","743539","1127680","26086","NA","NA","1124731","NA","116646","NA","116649","NA","127550","238523","1120428","238513","NA","NA","1120451","1121122","1127933","1127932","1120428","16795","1118219","1118219","1129157","NA","NA","5935","NA","NA","NA","7993","NA","NA","NA","7994","1118205","1083245","1123116","5935","NA","5935","NA","NA","NA","16795","NA","5935","NA","NA","NA","8005","NA","1121391","1127245","1121966","1122610","1123116","1123868","1124478","1125091","1125806","1126527","Norway Session 6","72","445399","91","0","87","yes","127","","1024","NA","Jacob","wall.","320","320","refused","390","fi","250","ze","210","letter","355","but","250","not","250","fi","250","je","250"
"NA","NA","79.34782608695652","79.34782608695652","4844.032608695652","4844.032608695652","#242424","xpyriment","legacy","legacy","0","uniform","1","undefined","NA","NA","0","undefined","undefined","1","left_button","undefined","0","0","0","0","0","0","0","0","0","0","0","NA","NA","0","0","1","NA","NA","NA","NA","NA","NA","0","NA","0","87","87","87","87","NA","0","245","8","0","0","615","0","0","0","0","0","0","0","87","0","NA","NA","87","87","87","87","87","3","87","87","88","0","0","0","NA","1","NA","0","0","3","0","0","87","87","87","0","0","0","0","0","0","0","0","0","NA","NA","0","0","NA","87","34","87","87","87","87","87","87","87","34","undefined","561","-132","Thu Oct  3 17:47:30 2024","759","The main experiment item","yes","active","Norway_Session_6.osexp","1","C:\Users\Tromso\Desktop\LESS\Session 6","no","no","mono","no","18","no","white","no","Click to confirm or to begin from default part if nothing selected","NA","yes","","active","verb-object agreement","3","grammatical","101","768","legacy","Mini-English","NA","List 1: grammatical, VOA violation, article location violation","87","87","C:/Users/Tromso/Desktop/LESS/Session 6/subject-9.csv","1.2.3","xpyriment","","NA","plural","Lentiform Loewenfeld","3.3.14","0","1","NA","space","NA","NA","NA","NA","NA","NA","NA","NA","NA","space","c","NA","space","NA","space","1","252","NA","9282","NA","NA","NA","NA","NA","NA","NA","NA","NA","33448","90525","NA","10897","NA","110933","252","NA","8789","NA","space","2","legacy","Ava providedevo fi zer letter and fi zer roof too.","186","Session 6","NA","Experiment","2024-10-03 17:47","1024","2","48000","-16","Session6","Norway","9","odd","word4","46","NA","no","NA","109138","NA","26086","NA","16799","16795","5935","16795","NA","NA","NA","NA","NA","NA","NA","NA","NA","NA","NA","NA","NA","NA","NA","5934","1083756","1134678","1133663","1134215","NA","743539","1138787","26086","NA","NA","1135785","NA","116646","NA","116649","NA","127550","238523","1131411","238513","NA","NA","1131433","1132103","1139040","1139039","1131411","16795","1129175","1129175","1139293","NA","NA","5935","NA","NA","NA","7993","NA","NA","NA","7994","1129161","1083245","1134168","5935","NA","5935","NA","NA","NA","16795","NA","5935","NA","NA","NA","8005","NA","1132371","1138373","1132877","1133663","1134168","1134921","1135532","1136152","1136872","1137595","Norway Session 6","73","445651","92","0","88","yes","97","","1024","NA","Ava","too.","285","250","providedevo","530","fi","250","zer","210","letter","355","and","250","fi","250","zer","250","roof","285"
"NA","NA","79.56989247311827","79.56989247311827","4795.720430107527","4795.720430107527","#242424","xpyriment","legacy","legacy","0","uniform","1","undefined","NA","NA","0","undefined","undefined","1","left_button","undefined","0","0","0","0","0","0","0","0","0","0","0","NA","NA","0","0","1","NA","NA","NA","NA","NA","NA","0","NA","0","88","88","88","88","NA","0","249","8","0","0","622","0","0","0","0","0","0","0","88","0","NA","NA","88","88","88","88","88","3","88","88","89","0","0","0","NA","1","NA","0","0","3","0","0","88","88","88","0","0","0","0","0","0","0","0","0","NA","NA","0","0","NA","88","35","88","88","88","88","88","88","88","35","undefined","561","-123","Thu Oct  3 17:47:30 2024","733","The main experiment item","yes","active","Norway_Session_6.osexp","1","C:\Users\Tromso\Desktop\LESS\Session 6","no","no","mono","no","18","no","white","no","Click to confirm or to begin from default part if nothing selected","NA","yes","","active","verb-object agreement","3","grammatical","101","768","legacy","Mini-English","NA","List 1: grammatical, VOA violation, article location violation","88","88","C:/Users/Tromso/Desktop/LESS/Session 6/subject-9.csv","1.2.3","xpyriment","","NA","plural","Lentiform Loewenfeld","3.3.14","0","1","NA","space","NA","NA","NA","NA","NA","NA","NA","NA","NA","space","c","NA","space","NA","space","1","351","NA","9282","NA","NA","NA","NA","NA","NA","NA","NA","NA","33448","90525","NA","10897","NA","110933","351","NA","8789","NA","space","2","legacy","Ava rememberedevo fi jer street and fi jer key too.","110","Session 6","NA","Experiment","2024-10-03 17:47","1024","2","48000","-16","Session6","Norway","9","odd","word4","40","NA","no","NA","109138","NA","26086","NA","16799","16795","5935","16795","NA","NA","NA","NA","NA","NA","NA","NA","NA","NA","NA","NA","NA","NA","NA","5934","1083756","1144923","1143908","1144460","NA","743539","1148944","26086","NA","NA","1146028","NA","116646","NA","116649","NA","127550","238523","1141583","238513","NA","NA","1141605","1142276","1149197","1149197","1141583","16795","1139311","1139311","1149548","NA","NA","5935","NA","NA","NA","7993","NA","NA","NA","7994","1139297","1083245","1144414","5935","NA","5935","NA","NA","NA","16795","NA","5935","NA","NA","NA","8005","NA","1142545","1148552","1143051","1143908","1144414","1145166","1145776","1146395","1147113","1147841","Norway Session 6","74","446002","93","0","89","yes","51","","1024","NA","Ava","too.","285","250","rememberedevo","600","fi","250","jer","210","street","355","and","250","fi","250","jer","250","key","250"
"NA","NA","79.7872340425532","79.7872340425532","4748.489361702128","4748.489361702128","#242424","xpyriment","legacy","legacy","0","uniform","1","undefined","NA","NA","0","undefined","undefined","1","right_button","undefined","0","0","0","0","0","0","0","0","0","0","0","NA","NA","0","0","1","NA","NA","NA","NA","NA","NA","0","NA","0","89","89","89","89","NA","0","251","8","0","0","629","0","0","0","0","0","0","0","89","0","NA","NA","89","89","89","89","89","3","89","89","90","0","0","0","NA","1","NA","0","0","3","0","0","89","89","89","0","0","0","0","0","0","0","0","0","NA","NA","0","0","NA","89","35","89","89","89","89","89","89","89","35","undefined","561","-122","Thu Oct  3 17:47:30 2024","750","The main experiment item","yes","active","Norway_Session_6.osexp","1","C:\Users\Tromso\Desktop\LESS\Session 6","no","no","mono","no","18","no","white","no","Click to confirm or to begin from default part if nothing selected","NA","yes","common","active","gender agreement","1","number violation","103","768","legacy","Mini-English","NA","List 1: grammatical, gender violation, number violation","89","89","C:/Users/Tromso/Desktop/LESS/Session 6/subject-9.csv","1.2.3","xpyriment","159","NA","singular","Lentiform Loewenfeld","3.3.14","0","3","NA","space","NA","NA","NA","NA","NA","NA","NA","NA","NA","space","c","NA","space","NA","space","3","356","NA","9282","NA","NA","NA","NA","NA","NA","NA","NA","NA","33448","90525","NA","10897","NA","110933","356","NA","8789","NA","space","2","legacy","Je saucepan is blackejur and je dress too.","136","Session 6","NA","Experiment","2024-10-03 17:47","1024","2","48000","-16","Session6","Norway","9","odd","word4","42","NA","no","NA","109138","NA","26086","NA","16799","16795","5935","16795","NA","NA","NA","NA","NA","NA","NA","NA","NA","NA","NA","NA","NA","NA","NA","5934","1083756","1155100","1153874","1154427","NA","743539","1157443","26086","NA","NA","1155890","NA","116646","NA","116649","NA","127550","238523","1151724","238513","NA","NA","1151748","1152418","1157696","1157696","1151724","16795","1149567","1149567","1158053","NA","NA","5935","NA","NA","NA","7993","NA","NA","NA","7994","1149553","1083245","1154379","5935","NA","5935","NA","NA","NA","16795","NA","5935","NA","NA","NA","8005","NA","1152688","1148552","1153194","1153874","1154379","1155132","1155637","1156254","1157051","1147841","Norway Session 6","75","446358","94","0","90","yes","","copula_be","1024","NA","Je","","","250","saucepan","425","is","250","blackejur","420","and","250","je","250","dress","320","too.","285","",""
"NA","NA","80","80","4706.136842105263","4706.136842105263","#242424","xpyriment","legacy","legacy","0","uniform","1","undefined","NA","NA","0","undefined","undefined","1","right_button","undefined","0","0","0","0","0","0","0","0","0","0","0","NA","NA","0","0","1","NA","NA","NA","NA","NA","NA","0","NA","0","90","90","90","90","NA","0","253","8","0","0","636","0","0","0","0","0","0","0","90","0","NA","NA","90","90","90","90","90","3","90","90","91","0","0","0","NA","1","NA","0","0","3","0","0","90","90","90","0","0","0","0","0","0","0","0","0","NA","NA","0","0","NA","90","35","90","90","90","90","90","90","90","35","undefined","561","-117","Thu Oct  3 17:47:30 2024","758","The main experiment item","yes","active","Norway_Session_6.osexp","1","C:\Users\Tromso\Desktop\LESS\Session 6","no","no","mono","no","18","no","white","no","Click to confirm or to begin from default part if nothing selected","NA","yes","","active","differential object marking","2","article location violation","103","768","legacy","Mini-English","NA","List 1: grammatical, DOM violation, article location violation","90","90","C:/Users/Tromso/Desktop/LESS/Session 6/subject-9.csv","1.2.3","xpyriment","","NA","singular","Lentiform Loewenfeld","3.3.14","0","3","NA","space","NA","NA","NA","NA","NA","NA","NA","NA","NA","space","c","NA","space","NA","space","3","725","NA","9282","NA","NA","NA","NA","NA","NA","NA","NA","NA","33448","90525","NA","10897","NA","110933","725","NA","8789","NA","space","2","legacy","Ava refused fi zetable but not fi jesaucepan.","177","Session 6","NA","Experiment","2024-10-03 17:47","1024","2","48000","-16","Session6","Norway","9","odd","word4","45","NA","no","NA","109138","NA","26086","NA","16799","16795","5935","16795","NA","NA","NA","NA","NA","NA","NA","NA","NA","NA","NA","NA","NA","NA","NA","5934","1083756","1163614","1162459","1163011","NA","743539","1166194","26086","NA","NA","1164475","NA","116646","NA","116649","NA","127550","238523","1160345","238513","NA","NA","1160368","1161038","1166447","1166447","1160346","16795","1158074","1158074","1167174","NA","NA","5935","NA","NA","NA","7993","NA","NA","NA","7994","1158061","1083245","1162964","5935","NA","5935","NA","NA","NA","16795","NA","5935","NA","NA","NA","8005","NA","1161308","1148552","1161814","1162459","1162964","1163717","1164222","1164836","1165561","1147841","Norway Session 6","76","447083","95","0","91","yes","129","","1024","NA","Ava","","","250","refused","390","fi","250","zetable","350","but","250","not","250","fi","250","jesaucepan.","530","",""
"NA","NA","80.20833333333333","80.20833333333333","4661.4375","4661.4375","#242424","xpyriment","legacy","legacy","0","uniform","1","undefined","NA","NA","0","undefined","undefined","1","right_button","undefined","0","0","0","0","0","0","0","0","0","0","0","NA","NA","0","0","1","NA","NA","NA","NA","NA","NA","0","NA","0","91","91","91","91","NA","0","255","8","0","0","643","0","0","0","0","0","0","0","91","0","NA","NA","91","91","91","91","91","3","91","91","92","0","0","0","NA","1","NA","0","0","3","0","0","91","91","91","0","0","0","0","0","0","0","0","0","NA","NA","0","0","NA","91","35","91","91","91","91","91","91","91","35","undefined","561","-115","Thu Oct  3 17:47:30 2024","744","The main experiment item","yes","active","Norway_Session_6.osexp","1","C:\Users\Tromso\Desktop\LESS\Session 6","no","no","mono","no","18","no","white","no","Click to confirm or to begin from default part if nothing selected","NA","yes","","active","verb-object agreement","3","article location violation","103","768","legacy","Mini-English","NA","List 1: grammatical, VOA violation, article location violation","91","91","C:/Users/Tromso/Desktop/LESS/Session 6/subject-9.csv","1.2.3","xpyriment","","NA","singular","Lentiform Loewenfeld","3.3.14","0","3","NA","space","NA","NA","NA","NA","NA","NA","NA","NA","NA","space","c","NA","space","NA","space","3","415","NA","9282","NA","NA","NA","NA","NA","NA","NA","NA","NA","33448","90525","NA","10897","NA","110933","415","NA","8789","NA","space","2","legacy","Jack spoiled fi jepencil but not fi jestreet.","181","Session 6","NA","Experiment","2024-10-03 17:47","1024","2","48000","-16","Session6","Norway","9","odd","word4","45","NA","no","NA","109138","NA","26086","NA","16799","16795","5935","16795","NA","NA","NA","NA","NA","NA","NA","NA","NA","NA","NA","NA","NA","NA","NA","5934","1083756","1172657","1171466","1172018","NA","743539","1175120","26086","NA","NA","1173484","NA","116646","NA","116649","NA","127550","238523","1169319","238513","NA","NA","1169342","1170012","1175373","1175373","1169319","16795","1167195","1167195","1175791","NA","NA","5935","NA","NA","NA","7993","NA","NA","NA","7994","1167182","1083245","1171972","5935","NA","5935","NA","NA","NA","16795","NA","5935","NA","NA","NA","8005","NA","1170281","1148552","1170822","1171466","1171972","1172725","1173231","1173850","1174569","1147841","Norway Session 6","77","447498","96","0","92","yes","166","","1024","NA","Jack","","","285","spoiled","390","fi","250","jepencil","385","but","250","not","250","fi","250","jestreet.","460","",""
"NA","NA","80.41237113402062","80.41237113402062","4614.268041237114","4614.268041237114","#242424","xpyriment","legacy","legacy","0","uniform","1","undefined","NA","NA","0","undefined","undefined","1","left_button","undefined","0","0","0","0","0","0","0","0","0","0","0","NA","NA","0","0","1","NA","NA","NA","NA","NA","NA","0","NA","0","92","92","92","92","NA","0","259","8","0","0","650","0","0","0","0","0","0","0","92","0","NA","NA","92","92","92","92","92","3","92","92","93","0","0","0","NA","1","NA","0","0","3","0","0","92","92","92","0","0","0","0","0","0","0","0","0","NA","NA","0","0","NA","92","36","92","92","92","92","92","92","92","36","undefined","561","-115","Thu Oct  3 17:47:30 2024","755","The main experiment item","yes","active","Norway_Session_6.osexp","1","C:\Users\Tromso\Desktop\LESS\Session 6","no","no","mono","no","18","no","white","no","Click to confirm or to begin from default part if nothing selected","NA","yes","","active","differential object marking","2","grammatical","101","768","legacy","Mini-English","NA","List 1: grammatical, DOM violation, article location violation","92","92","C:/Users/Tromso/Desktop/LESS/Session 6/subject-9.csv","1.2.3","xpyriment","","NA","singular","Lentiform Loewenfeld","3.3.14","0","1","NA","space","NA","NA","NA","NA","NA","NA","NA","NA","NA","space","c","NA","space","NA","space","1","86","NA","9282","NA","NA","NA","NA","NA","NA","NA","NA","NA","33448","90525","NA","10897","NA","110933","86","NA","8789","NA","space","2","legacy","Amelia fixed fi ze letter but not fi ze mug.","156","Session 6","NA","Experiment","2024-10-03 17:47","1024","2","48000","-16","Session6","Norway","9","odd","word4","43","NA","no","NA","109138","NA","26086","NA","16799","16795","5935","16795","NA","NA","NA","NA","NA","NA","NA","NA","NA","NA","NA","NA","NA","NA","NA","5934","1083756","1181053","1180040","1180590","NA","743539","1185097","26086","NA","NA","1182158","NA","116646","NA","116649","NA","127550","238523","1177891","238513","NA","NA","1177913","1178583","1185350","1185350","1177891","16795","1175809","1175809","1185438","NA","NA","5935","NA","NA","NA","7993","NA","NA","NA","7994","1175795","1083245","1180545","5935","NA","5935","NA","NA","NA","16795","NA","5935","NA","NA","NA","8005","NA","1178853","1184704","1179464","1180040","1180545","1181296","1181906","1182520","1183259","1183992","Norway Session 6","78","447584","97","0","93","yes","157","","1024","NA","Amelia","mug.","285","355","fixed","320","fi","250","ze","210","letter","355","but","250","not","250","fi","250","ze","250"
"NA","NA","80.61224489795919","80.61224489795919","4569.84693877551","4569.84693877551","#242424","xpyriment","legacy","legacy","0","uniform","1","undefined","NA","NA","0","undefined","undefined","1","right_button","undefined","0","0","0","0","0","0","0","0","0","0","0","NA","NA","0","0","1","NA","NA","NA","NA","NA","NA","0","NA","0","93","93","93","93","NA","0","261","8","0","0","657","0","0","0","0","0","0","0","93","0","NA","NA","93","93","93","93","93","3","93","93","94","0","0","0","NA","1","NA","0","0","3","0","0","93","93","93","0","0","0","0","0","0","0","0","0","NA","NA","0","0","NA","93","36","93","93","93","93","93","93","93","36","undefined","558","-110","Thu Oct  3 17:47:30 2024","752","The main experiment item","yes","active","Norway_Session_6.osexp","1","C:\Users\Tromso\Desktop\LESS\Session 6","no","no","mono","no","18","no","white","no","Click to confirm or to begin from default part if nothing selected","NA","yes","neuter","active","gender agreement","1","number violation","103","768","legacy","Mini-English","NA","List 1: grammatical, gender violation, number violation","93","93","C:/Users/Tromso/Desktop/LESS/Session 6/subject-9.csv","1.2.3","xpyriment","1915","NA","singular","Lentiform Loewenfeld","3.3.14","0","3","NA","space","NA","NA","NA","NA","NA","NA","NA","NA","NA","space","c","NA","space","NA","space","3","261","NA","9282","NA","NA","NA","NA","NA","NA","NA","NA","NA","33448","90525","NA","10897","NA","110933","261","NA","8789","NA","space","2","legacy","Ze tray is dryezur and ze mirror too.","212","Session 6","NA","Experiment","2024-10-03 17:47","1024","2","48000","-16","Session6","Norway","9","odd","word4","48","NA","no","NA","109138","NA","26086","NA","16799","16795","5935","16795","NA","NA","NA","NA","NA","NA","NA","NA","NA","NA","NA","NA","NA","NA","NA","5934","1083756","1190784","1189630","1190181","NA","743539","1193233","26086","NA","NA","1191645","NA","116646","NA","116649","NA","127550","238523","1187623","238513","NA","NA","1187645","1188315","1193487","1193486","1187623","16795","1185461","1185461","1193753","NA","NA","5935","NA","NA","NA","7993","NA","NA","NA","7994","1185447","1083245","1190135","5935","NA","5935","NA","NA","NA","16795","NA","5935","NA","NA","NA","8005","NA","1188583","1184704","1189089","1189630","1190135","1190887","1191392","1192001","1192837","1183992","Norway Session 6","79","447845","98","0","94","yes","","copula_be","1024","NA","Ze","","","250","tray","285","is","250","dryezur","350","and","250","ze","250","mirror","355","too.","285","",""
"NA","NA","80.8080808080808","80.8080808080808","4524.69696969697","4524.69696969697","#242424","xpyriment","legacy","legacy","0","uniform","1","undefined","NA","NA","0","undefined","undefined","1","left_button","undefined","0","0","0","0","0","0","0","0","0","0","0","NA","NA","0","0","1","NA","NA","NA","NA","NA","NA","0","NA","0","94","94","94","94","NA","0","265","8","0","0","664","0","0","0","0","0","0","0","94","0","NA","NA","94","94","94","94","94","3","94","94","95","0","0","0","NA","1","NA","0","0","3","0","0","94","94","94","0","0","0","0","0","0","0","0","0","NA","NA","0","0","NA","94","37","94","94","94","94","94","94","94","37","undefined","557","-107","Thu Oct  3 17:47:30 2024","725","The main experiment item","yes","active","Norway_Session_6.osexp","1","C:\Users\Tromso\Desktop\LESS\Session 6","no","no","mono","no","18","no","white","no","Click to confirm or to begin from default part if nothing selected","NA","yes","","active","verb-object agreement","3","grammatical","101","768","legacy","Mini-English","NA","List 1: grammatical, VOA violation, article location violation","94","94","C:/Users/Tromso/Desktop/LESS/Session 6/subject-9.csv","1.2.3","xpyriment","","NA","plural","Lentiform Loewenfeld","3.3.14","0","1","NA","space","NA","NA","NA","NA","NA","NA","NA","NA","NA","space","c","NA","space","NA","space","1","100","NA","9282","NA","NA","NA","NA","NA","NA","NA","NA","NA","33448","90525","NA","10897","NA","110933","100","NA","8789","NA","space","2","legacy","Harry driedevo fi jer backpack but not fi zer roof.","154","Session 6","NA","Experiment","2024-10-03 17:47","1024","2","48000","-16","Session6","Norway","9","odd","word4","43","NA","no","NA","109138","NA","26086","NA","16799","16795","5935","16795","NA","NA","NA","NA","NA","NA","NA","NA","NA","NA","NA","NA","NA","NA","NA","5934","1083756","1199146","1198132","1198683","NA","743539","1203259","26086","NA","NA","1200323","NA","116646","NA","116649","NA","127550","238523","1195914","238513","NA","NA","1195937","1196607","1203512","1203512","1195914","16795","1193774","1193774","1203615","NA","NA","5935","NA","NA","NA","7993","NA","NA","NA","7994","1193760","1083245","1198637","5935","NA","5935","NA","NA","NA","16795","NA","5935","NA","NA","NA","8005","NA","1196876","1202808","1197452","1198132","1198637","1199390","1200070","1200678","1201385","1202096","Norway Session 6","80","447945","99","0","95","yes","134","","1024","NA","Harry","roof.","320","320","driedevo","425","fi","250","jer","210","backpack","425","but","250","not","250","fi","250","zer","250"
"NA","NA","81","81","4480.3","4480.3","#242424","xpyriment","legacy","legacy","0","uniform","1","undefined","NA","NA","0","undefined","undefined","1","left_button","undefined","0","0","0","0","0","0","0","0","0","0","0","NA","NA","0","0","1","NA","NA","NA","NA","NA","NA","0","NA","0","95","95","95","95","NA","0","269","8","0","0","671","0","0","0","0","0","0","0","95","0","NA","NA","95","95","95","95","95","3","95","95","96","0","0","0","NA","1","NA","0","0","3","0","0","95","95","95","0","0","0","0","0","0","0","0","0","NA","NA","0","0","NA","95","38","95","95","95","95","95","95","95","38","undefined","550","-92","Thu Oct  3 17:47:30 2024","756","The main experiment item","yes","active","Norway_Session_6.osexp","1","C:\Users\Tromso\Desktop\LESS\Session 6","no","no","mono","no","18","no","white","no","Click to confirm or to begin from default part if nothing selected","NA","yes","","active","verb-object agreement","3","grammatical","101","768","legacy","Mini-English","NA","List 1: grammatical, VOA violation, article location violation","95","95","C:/Users/Tromso/Desktop/LESS/Session 6/subject-9.csv","1.2.3","xpyriment","","NA","plural","Lentiform Loewenfeld","3.3.14","0","1","NA","space","NA","NA","NA","NA","NA","NA","NA","NA","NA","space","c","NA","space","NA","space","1","85","NA","9282","NA","NA","NA","NA","NA","NA","NA","NA","NA","33448","90525","NA","10897","NA","110933","85","NA","8789","NA","space","2","legacy","Harry providedevo fi jer backpack but not fi jer key.","150","Session 6","NA","Experiment","2024-10-03 17:47","1024","2","48000","-16","Session6","Norway","9","odd","word4","43","NA","no","NA","109138","NA","26086","NA","16799","16795","5935","16795","NA","NA","NA","NA","NA","NA","NA","NA","NA","NA","NA","NA","NA","NA","NA","5934","1083756","1209113","1208098","1208650","NA","743539","1213218","26086","NA","NA","1210290","NA","116646","NA","116649","NA","127550","238523","1205771","238513","NA","NA","1205793","1206464","1213471","1213471","1205771","16795","1203636","1203636","1213556","NA","NA","5935","NA","NA","NA","7993","NA","NA","NA","7994","1203622","1083245","1208603","5935","NA","5935","NA","NA","NA","16795","NA","5935","NA","NA","NA","8005","NA","1206735","1212823","1207312","1208098","1208602","1209356","1210037","1210651","1211392","1212094","Norway Session 6","81","448030","100","0","96","yes","94","","1024","NA","Harry","key.","285","320","providedevo","530","fi","250","jer","210","backpack","425","but","250","not","250","fi","250","jer","250"
"NA","NA","80.1980198019802","80.1980198019802","4437.435643564357","4437.435643564357","#242424","xpyriment","legacy","legacy","0","uniform","0","undefined","NA","NA","0","undefined","undefined","0","right_button","undefined","0","0","0","0","0","0","0","0","0","0","0","NA","NA","0","0","1","NA","NA","NA","NA","NA","NA","0","NA","0","96","96","96","96","NA","0","271","8","0","0","678","0","0","0","0","0","0","0","96","0","NA","NA","96","96","96","96","96","3","96","96","97","0","0","0","NA","1","NA","0","0","3","0","0","96","96","96","0","0","0","0","0","0","0","0","0","NA","NA","0","0","NA","96","38","96","96","96","96","96","96","96","38","undefined","550","-92","Thu Oct  3 17:47:30 2024","749","The main experiment item","yes","active","Norway_Session_6.osexp","1","C:\Users\Tromso\Desktop\LESS\Session 6","no","no","mono","no","18","no","white","no","Click to confirm or to begin from default part if nothing selected","NA","yes","","active","differential object marking","2","DOM violation","102","768","legacy","Mini-English","NA","List 1: grammatical, DOM violation, article location violation","96","96","C:/Users/Tromso/Desktop/LESS/Session 6/subject-9.csv","1.2.3","xpyriment","","NA","singular","Lentiform Loewenfeld","3.3.14","0","1","NA","space","NA","NA","NA","NA","NA","NA","NA","NA","NA","space","c","NA","space","NA","space","1","151","NA","9282","NA","NA","NA","NA","NA","NA","NA","NA","NA","33448","90525","NA","10897","NA","110933","151","NA","8789","NA","space","2","legacy","Charlie refused je key but not je wall.","129","Session 6","NA","Experiment","2024-10-03 17:47","1024","2","48000","-16","Session6","Norway","9","odd","word3","41","NA","no","NA","109138","NA","26086","NA","16799","16795","5935","16795","NA","NA","NA","NA","NA","NA","NA","NA","NA","NA","NA","NA","NA","NA","NA","5934","1218557","1209113","1218095","1218800","NA","743539","1221584","26086","NA","NA","1220064","NA","116646","NA","116649","NA","127550","238523","1215794","238513","NA","NA","1215816","1216486","1221837","1221837","1215794","16795","1213579","1213580","1221990","NA","NA","5935","NA","NA","NA","7993","NA","NA","NA","7994","1213565","1218048","1208603","5935","NA","5935","NA","NA","NA","16795","NA","5935","NA","NA","NA","8005","NA","1216756","1212823","1217402","1218048","1218800","1219306","1219812","1220424","1221146","1212094","Norway Session 6","81","448181","101","0","97","yes","122","","1024","NA","Charlie","","","390","refused","390","je","210","key","250","but","250","not","250","je","250","wall.","320","",""
"NA","NA","80.3921568627451","80.3921568627451","4394.5","4394.5","#242424","xpyriment","legacy","legacy","0","uniform","1","undefined","NA","NA","0","undefined","undefined","1","left_button","undefined","0","0","0","0","0","0","0","0","0","0","0","NA","NA","0","0","1","NA","NA","NA","NA","NA","NA","0","NA","0","97","97","97","97","NA","0","275","8","0","0","685","0","0","0","0","0","0","0","97","0","NA","NA","97","97","97","97","97","3","97","97","98","0","0","0","NA","1","NA","0","0","3","0","0","97","97","97","0","0","0","0","0","0","0","0","0","NA","NA","0","0","NA","97","39","97","97","97","97","97","97","97","39","undefined","550","-92","Thu Oct  3 17:47:30 2024","721","The main experiment item","yes","active","Norway_Session_6.osexp","1","C:\Users\Tromso\Desktop\LESS\Session 6","no","no","mono","no","18","no","white","no","Click to confirm or to begin from default part if nothing selected","NA","yes","","active","verb-object agreement","3","grammatical","101","768","legacy","Mini-English","NA","List 1: grammatical, VOA violation, article location violation","97","97","C:/Users/Tromso/Desktop/LESS/Session 6/subject-9.csv","1.2.3","xpyriment","","NA","plural","Lentiform Loewenfeld","3.3.14","0","1","NA","space","NA","NA","NA","NA","NA","NA","NA","NA","NA","space","c","NA","space","NA","space","1","58","NA","9282","NA","NA","NA","NA","NA","NA","NA","NA","NA","33448","90525","NA","10897","NA","110933","58","NA","8789","NA","space","2","legacy","Jessica chosevo fi jer street and fi zer roof too.","116","Session 6","NA","Experiment","2024-10-03 17:47","1024","2","48000","-16","Session6","Norway","9","odd","word4","40","NA","no","NA","109138","NA","26086","NA","16799","16795","5935","16795","NA","NA","NA","NA","NA","NA","NA","NA","NA","NA","NA","NA","NA","NA","NA","5934","1218557","1227487","1226473","1227023","NA","743539","1231525","26086","NA","NA","1228593","NA","116646","NA","116649","NA","127550","238523","1224217","238513","NA","NA","1224239","1224910","1231778","1231778","1224217","16795","1222008","1222008","1231838","NA","NA","5935","NA","NA","NA","7993","NA","NA","NA","7994","1221995","1218048","1226978","5935","NA","5935","NA","NA","NA","16795","NA","5935","NA","NA","NA","8005","NA","1225180","1231130","1225827","1226472","1226978","1227730","1228341","1228952","1229672","1230386","Norway Session 6","82","448239","102","0","98","yes","111","","1024","NA","Jessica","too.","285","390","chosevo","390","fi","250","jer","210","street","355","and","250","fi","250","zer","250","roof","285"
"NA","NA","79.6116504854369","79.6116504854369","4353.776699029127","4353.776699029127","#242424","xpyriment","legacy","legacy","0","uniform","0","undefined","NA","NA","0","undefined","undefined","0","right_button","undefined","0","0","0","0","0","0","0","0","0","0","0","NA","NA","0","0","1","NA","NA","NA","NA","NA","NA","0","NA","0","98","98","98","98","NA","0","277","8","0","0","692","0","0","0","0","0","0","0","98","0","NA","NA","98","98","98","98","98","3","98","98","99","0","0","0","NA","1","NA","0","0","3","0","0","98","98","98","0","0","0","0","0","0","0","0","0","NA","NA","0","0","NA","98","39","98","98","98","98","98","98","98","39","undefined","550","-92","Thu Oct  3 17:47:30 2024","764","The main experiment item","yes","active","Norway_Session_6.osexp","1","C:\Users\Tromso\Desktop\LESS\Session 6","no","no","mono","no","18","no","white","no","Click to confirm or to begin from default part if nothing selected","NA","yes","","active","differential object marking","2","DOM violation","102","768","legacy","Mini-English","NA","List 1: grammatical, DOM violation, article location violation","98","98","C:/Users/Tromso/Desktop/LESS/Session 6/subject-9.csv","1.2.3","xpyriment","","NA","singular","Lentiform Loewenfeld","3.3.14","0","1","NA","space","NA","NA","NA","NA","NA","NA","NA","NA","NA","space","c","NA","space","NA","space","1","200","NA","9282","NA","NA","NA","NA","NA","NA","NA","NA","NA","33448","90525","NA","10897","NA","110933","200","NA","8789","NA","space","2","legacy","Thomas dried je key but not je wall.","130","Session 6","NA","Experiment","2024-10-03 17:47","1024","2","48000","-16","Session6","Norway","9","odd","word3","41","NA","no","NA","109138","NA","26086","NA","16799","16795","5935","16795","NA","NA","NA","NA","NA","NA","NA","NA","NA","NA","NA","NA","NA","NA","NA","5934","1236691","1227487","1236228","1236933","NA","743539","1239743","26086","NA","NA","1238198","NA","116646","NA","116649","NA","127550","238523","1234032","238513","NA","NA","1234057","1234727","1239996","1239996","1234032","16795","1231856","1231856","1240197","NA","NA","5935","NA","NA","NA","7993","NA","NA","NA","7994","1231843","1236182","1226978","5935","NA","5935","NA","NA","NA","16795","NA","5935","NA","NA","NA","8005","NA","1234997","1231130","1235608","1236182","1236933","1237439","1237945","1238579","1239302","1230386","Norway Session 6","82","448439","103","0","99","yes","132","","1024","NA","Thomas","","","355","dried","320","je","210","key","250","but","250","not","250","je","250","wall.","320","",""
"NA","NA","79.8076923076923","79.8076923076923","4314.403846153846","4314.403846153846","#242424","xpyriment","legacy","legacy","0","uniform","1","undefined","NA","NA","0","undefined","undefined","1","right_button","undefined","0","0","0","0","0","0","0","0","0","0","0","NA","NA","0","0","1","NA","NA","NA","NA","NA","NA","0","NA","0","99","99","99","99","NA","0","279","8","0","0","699","0","0","0","0","0","0","0","99","0","NA","NA","99","99","99","99","99","3","99","99","100","0","0","0","NA","1","NA","0","0","3","0","0","99","99","99","0","0","0","0","0","0","0","0","0","NA","NA","0","0","NA","99","39","99","99","99","99","99","99","99","39","undefined","550","-91","Thu Oct  3 17:47:30 2024","751","The main experiment item","yes","active","Norway_Session_6.osexp","1","C:\Users\Tromso\Desktop\LESS\Session 6","no","no","mono","no","18","no","white","no","Click to confirm or to begin from default part if nothing selected","NA","yes","","active","differential object marking","2","article location violation","103","768","legacy","Mini-English","NA","List 1: grammatical, DOM violation, article location violation","99","99","C:/Users/Tromso/Desktop/LESS/Session 6/subject-9.csv","1.2.3","xpyriment","","NA","singular","Lentiform Loewenfeld","3.3.14","0","3","NA","space","NA","NA","NA","NA","NA","NA","NA","NA","NA","space","c","NA","space","NA","space","3","259","NA","9282","NA","NA","NA","NA","NA","NA","NA","NA","NA","33448","90525","NA","10897","NA","110933","259","NA","8789","NA","space","2","legacy","Harry dirtied fi zetable but not fi zetray.","173","Session 6","NA","Experiment","2024-10-03 17:47","1024","2","48000","-16","Session6","Norway","9","odd","word4","45","NA","no","NA","109138","NA","26086","NA","16799","16795","5935","16795","NA","NA","NA","NA","NA","NA","NA","NA","NA","NA","NA","NA","NA","NA","NA","5934","1236691","1245743","1244588","1245139","NA","743539","1248181","26086","NA","NA","1246604","NA","116646","NA","116649","NA","127550","238523","1242407","238513","NA","NA","1242430","1243100","1248433","1248433","1242408","16795","1240222","1240222","1248693","NA","NA","5935","NA","NA","NA","7993","NA","NA","NA","7994","1240204","1236182","1245093","5935","NA","5935","NA","NA","NA","16795","NA","5935","NA","NA","NA","8005","NA","1243368","1231130","1243943","1244588","1245093","1245846","1246352","1246982","1247697","1230386","Norway Session 6","83","448698","104","0","100","yes","89","","1024","NA","Harry","","","320","dirtied","390","fi","250","zetable","350","but","250","not","250","fi","250","zetray.","390","",""
"NA","NA","80","80","4345.085714285714","4345.085714285714","#242424","xpyriment","legacy","legacy","0","uniform","1","undefined","NA","NA","0","undefined","undefined","1","left_button","undefined","0","0","0","0","0","0","0","0","0","0","0","NA","NA","0","0","1","NA","NA","NA","NA","NA","NA","0","NA","0","100","100","100","100","NA","1","283","8","0","0","706","0","0","0","0","0","0","0","100","0","NA","NA","100","100","100","100","100","3","100","100","101","0","0","0","NA","1","NA","0","0","3","0","0","100","100","100","0","0","0","0","0","0","0","0","0","NA","NA","0","0","NA","100","40","100","100","100","100","100","100","100","40","undefined","345","-102","Thu Oct  3 17:47:30 2024","746","The main experiment item","yes","active","Norway_Session_6.osexp","1","C:\Users\Tromso\Desktop\LESS\Session 6","no","no","mono","no","18","no","white","no","Click to confirm or to begin from default part if nothing selected","NA","yes","","active","verb-object agreement","3","grammatical","101","768","legacy","Mini-English","NA","List 1: grammatical, VOA violation, article location violation","100","100","C:/Users/Tromso/Desktop/LESS/Session 6/subject-9.csv","1.2.3","xpyriment","","NA","singular","Lentiform Loewenfeld","3.3.14","0","1","NA","space","NA","NA","NA","NA","NA","NA","NA","NA","NA","space","c","NA","space","NA","space","1","7536","NA","9282","NA","NA","NA","NA","NA","NA","NA","NA","NA","136591","90525","NA","10897","NA","110933","7536","NA","8789","NA","space","2","legacy","Olivia spoiled fi ze closet but not fi je street.","229","Session 6","NA","Experiment","2024-10-03 17:47","1024","2","48000","-16","Session6","Norway","9","odd","word4","49","NA","no","NA","109138","NA","26086","NA","16799","16795","5935","16795","NA","NA","NA","NA","NA","NA","NA","NA","NA","NA","NA","NA","NA","NA","NA","5934","1236691","1390941","1389924","1390477","NA","1248901","1395071","26086","NA","NA","1392047","NA","116646","NA","116649","NA","127550","238523","1387706","238513","NA","NA","1387728","1388398","1395324","1395324","1387706","16795","1385497","1385497","1402861","NA","NA","5935","NA","NA","NA","7993","NA","NA","NA","7994","1248700","1236182","1390430","5935","NA","5935","NA","NA","NA","16795","NA","5935","NA","NA","NA","8005","NA","1388668","1394574","1389278","1389924","1390430","1391184","1391795","1392425","1393150","1393860","Norway Session 6","84","456234","105","0","101","yes","1610","","1024","NA","Olivia","street.","390","355","spoiled","390","fi","250","ze","210","closet","355","but","250","not","250","fi","250","je","250"
"NA","NA","80.18867924528301","80.18867924528301","4305.792452830188","4305.792452830188","#242424","xpyriment","legacy","legacy","0","uniform","1","undefined","NA","NA","0","undefined","undefined","1","right_button","undefined","0","0","0","0","0","0","0","0","0","0","0","NA","NA","0","0","1","NA","NA","NA","NA","NA","NA","0","NA","0","101","101","101","101","NA","1","285","8","0","0","713","0","0","0","0","0","0","0","101","0","NA","NA","101","101","101","101","101","3","101","101","102","0","0","0","NA","1","NA","0","0","3","0","0","101","101","101","0","0","0","0","0","0","0","0","0","NA","NA","0","0","NA","101","40","101","101","101","101","101","101","101","40","undefined","360","-59","Thu Oct  3 17:47:30 2024","742","The main experiment item","yes","active","Norway_Session_6.osexp","1","C:\Users\Tromso\Desktop\LESS\Session 6","no","no","mono","no","18","no","white","no","Click to confirm or to begin from default part if nothing selected","NA","yes","","active","differential object marking","2","article location violation","103","768","legacy","Mini-English","NA","List 1: grammatical, DOM violation, article location violation","101","101","C:/Users/Tromso/Desktop/LESS/Session 6/subject-9.csv","1.2.3","xpyriment","","NA","singular","Lentiform Loewenfeld","3.3.14","0","3","NA","space","NA","NA","NA","NA","NA","NA","NA","NA","NA","space","c","NA","space","NA","space","3","180","NA","9282","NA","NA","NA","NA","NA","NA","NA","NA","NA","136591","90525","NA","10897","NA","110933","180","NA","8789","NA","space","2","legacy","Charlie chose fi jewall and fi zeleaf too.","140","Session 6","NA","Experiment","2024-10-03 17:47","1024","2","48000","-16","Session6","Norway","9","odd","word4","42","NA","no","NA","109138","NA","26086","NA","16799","16795","5935","16795","NA","NA","NA","NA","NA","NA","NA","NA","NA","NA","NA","NA","NA","NA","NA","5934","1236691","1408323","1407204","1407755","NA","1248901","1410811","26086","NA","NA","1409218","NA","116646","NA","116649","NA","127550","238523","1405019","238513","NA","NA","1405041","1405712","1411064","1411064","1405019","16795","1402882","1402882","1411245","NA","NA","5935","NA","NA","NA","7993","NA","NA","NA","7994","1402869","1236182","1407709","5935","NA","5935","NA","NA","NA","16795","NA","5935","NA","NA","NA","8005","NA","1405982","1394574","1406628","1407204","1407709","1408460","1408966","1409588","1410416","1393860","Norway Session 6","85","456414","106","0","102","yes","113","","1024","NA","Charlie","","","390","chose","320","fi","250","jewall","315","and","250","fi","250","zeleaf","355","too.","285","",""
"NA","NA","80.37383177570094","80.37383177570094","4267.457943925234","4267.457943925234","#242424","xpyriment","legacy","legacy","0","uniform","1","undefined","NA","NA","0","undefined","undefined","1","right_button","undefined","0","0","0","0","0","0","0","0","0","0","0","NA","NA","0","0","1","NA","NA","NA","NA","NA","NA","0","NA","0","102","102","102","102","NA","1","287","8","0","0","720","0","0","0","0","0","0","0","102","0","NA","NA","102","102","102","102","102","3","102","102","103","0","0","0","NA","1","NA","0","0","3","0","0","102","102","102","0","0","0","0","0","0","0","0","0","NA","NA","0","0","NA","102","40","102","102","102","102","102","102","102","40","undefined","360","-59","Thu Oct  3 17:47:30 2024","764","The main experiment item","yes","active","Norway_Session_6.osexp","1","C:\Users\Tromso\Desktop\LESS\Session 6","no","no","mono","no","18","no","white","no","Click to confirm or to begin from default part if nothing selected","NA","yes","","active","differential object marking","2","article location violation","103","768","legacy","Mini-English","NA","List 1: grammatical, DOM violation, article location violation","102","102","C:/Users/Tromso/Desktop/LESS/Session 6/subject-9.csv","1.2.3","xpyriment","","NA","singular","Lentiform Loewenfeld","3.3.14","0","3","NA","space","NA","NA","NA","NA","NA","NA","NA","NA","NA","space","c","NA","space","NA","space","3","204","NA","9282","NA","NA","NA","NA","NA","NA","NA","NA","NA","136591","90525","NA","10897","NA","110933","204","NA","8789","NA","space","2","legacy","Jacob forgot fi zestrawberry but not fi jekey.","243","Session 6","NA","Experiment","2024-10-03 17:47","1024","2","48000","-16","Session6","Norway","9","odd","word4","51","NA","no","NA","109138","NA","26086","NA","16799","16795","5935","16795","NA","NA","NA","NA","NA","NA","NA","NA","NA","NA","NA","NA","NA","NA","NA","5934","1236691","1408323","1415652","1416203","NA","1248901","1419316","26086","NA","NA","1417743","NA","116646","NA","116649","NA","127550","238523","1413504","238513","NA","NA","1413526","1414196","1419568","1419568","1413504","16795","1411267","1411267","1419773","NA","NA","5935","NA","NA","NA","7993","NA","NA","NA","7994","1411252","1236182","1416156","5935","NA","5935","NA","NA","NA","16795","NA","5935","NA","NA","NA","8005","NA","1414466","1394574","1415041","1415651","1416156","1416984","1417490","1418101","1418843","1393860","Norway Session 6","86","456618","107","0","103","yes","621","","1024","NA","Jacob","","","320","forgot","355","fi","250","zestrawberry","525","but","250","not","250","fi","250","jekey.","355","",""
"NA","NA","79.62962962962963","79.62962962962963","4230.083333333333","4230.083333333333","#242424","xpyriment","legacy","legacy","0","uniform","0","undefined","NA","NA","0","undefined","undefined","0","right_button","undefined","0","0","0","0","0","0","0","0","0","0","0","NA","NA","0","0","1","NA","NA","NA","NA","NA","NA","0","NA","0","103","103","103","103","NA","1","289","8","0","0","727","0","0","0","0","0","0","0","103","0","NA","NA","103","103","103","103","103","3","103","103","104","0","0","0","NA","1","NA","0","0","3","0","0","103","103","103","0","0","0","0","0","0","0","0","0","NA","NA","0","0","NA","103","40","103","103","103","103","103","103","103","40","undefined","360","-59","Thu Oct  3 17:47:30 2024","749","The main experiment item","yes","active","Norway_Session_6.osexp","1","C:\Users\Tromso\Desktop\LESS\Session 6","no","no","mono","no","18","no","white","no","Click to confirm or to begin from default part if nothing selected","NA","yes","","active","differential object marking","2","DOM violation","102","768","legacy","Mini-English","NA","List 1: grammatical, DOM violation, article location violation","103","103","C:/Users/Tromso/Desktop/LESS/Session 6/subject-9.csv","1.2.3","xpyriment","","NA","singular","Lentiform Loewenfeld","3.3.14","0","1","NA","space","NA","NA","NA","NA","NA","NA","NA","NA","NA","space","c","NA","space","NA","space","1","231","NA","9282","NA","NA","NA","NA","NA","NA","NA","NA","NA","136591","90525","NA","10897","NA","110933","231","NA","8789","NA","space","2","legacy","Thomas cleaned je box but not ze table.","196","Session 6","NA","Experiment","2024-10-03 17:47","1024","2","48000","-16","Session6","Norway","9","odd","word3","47","NA","no","NA","109138","NA","26086","NA","16799","16795","5935","16795","NA","NA","NA","NA","NA","NA","NA","NA","NA","NA","NA","NA","NA","NA","NA","5934","1424658","1408323","1424194","1424901","NA","1248901","1427721","26086","NA","NA","1426163","NA","116646","NA","116649","NA","127550","238523","1421931","238513","NA","NA","1421954","1422624","1427973","1427973","1421931","16795","1419794","1419794","1428205","NA","NA","5935","NA","NA","NA","7993","NA","NA","NA","7994","1419781","1424148","1416156","5935","NA","5935","NA","NA","NA","16795","NA","5935","NA","NA","NA","8005","NA","1422892","1394574","1423503","1424148","1424901","1425407","1425911","1426526","1427256","1393860","Norway Session 6","86","456849","108","0","104","yes","714","","1024","NA","Thomas","","","355","cleaned","390","je","210","box","250","but","250","not","250","ze","250","table.","355","",""
"NA","NA","79.81651376146789","79.81651376146789","4192.788990825688","4192.788990825688","#242424","xpyriment","legacy","legacy","0","uniform","1","undefined","NA","NA","0","undefined","undefined","1","left_button","undefined","0","0","0","0","0","0","0","0","0","0","0","NA","NA","0","0","1","NA","NA","NA","NA","NA","NA","0","NA","0","104","104","104","104","NA","1","291","8","0","0","734","0","0","0","0","0","0","0","104","0","NA","NA","104","104","104","104","104","3","104","104","105","0","0","0","NA","1","NA","0","0","3","0","0","104","104","104","0","0","0","0","0","0","0","0","0","NA","NA","0","0","NA","104","40","104","104","104","104","104","104","104","40","undefined","360","-59","Thu Oct  3 17:47:30 2024","739","The main experiment item","yes","active","Norway_Session_6.osexp","1","C:\Users\Tromso\Desktop\LESS\Session 6","no","no","mono","no","18","no","white","no","Click to confirm or to begin from default part if nothing selected","NA","yes","common","active","gender agreement","1","grammatical","101","768","legacy","Mini-English","NA","List 1: grammatical, gender violation, number violation","104","104","C:/Users/Tromso/Desktop/LESS/Session 6/subject-9.csv","1.2.3","xpyriment","1316","NA","plural","Lentiform Loewenfeld","3.3.14","0","1","NA","space","NA","NA","NA","NA","NA","NA","NA","NA","NA","space","c","NA","space","NA","space","1","165","NA","9282","NA","NA","NA","NA","NA","NA","NA","NA","NA","136591","90525","NA","10897","NA","110933","165","NA","8789","NA","space","2","legacy","Jer drum look wetejur but jer suitcase not.","218","Session 6","NA","Experiment","2024-10-03 17:47","1024","2","48000","-16","Session6","Norway","9","odd","word4","49","NA","no","NA","109138","NA","26086","NA","16799","16795","5935","16795","NA","NA","NA","NA","NA","NA","NA","NA","NA","NA","NA","NA","NA","NA","NA","5934","1424658","1433560","1432368","1432956","NA","1248901","1436074","26086","NA","NA","1434420","NA","116646","NA","116649","NA","127550","238523","1430360","238513","NA","NA","1430383","1431053","1436327","1436327","1430360","16795","1428224","1428224","1436493","NA","NA","5935","NA","NA","NA","7993","NA","NA","NA","7994","1428211","1424148","1432909","5935","NA","5935","NA","NA","NA","16795","NA","5935","NA","NA","NA","8005","NA","1431321","1394574","1431827","1432368","1432909","1433663","1434168","1434780","1435680","1393860","Norway Session 6","87","457014","109","0","105","yes","","copula_look","1024","NA","Jer","","","250","drum","285","look","285","wetejur","350","but","250","jer","250","suitcase","425","not.","285","",""
"NA","NA","80","80","4155.536363636364","4155.536363636364","#242424","xpyriment","legacy","legacy","0","uniform","1","undefined","NA","NA","0","undefined","undefined","1","left_button","undefined","0","0","0","0","0","0","0","0","0","0","0","NA","NA","0","0","1","NA","NA","NA","NA","NA","NA","0","NA","0","105","105","105","105","NA","1","295","8","0","0","741","0","0","0","0","0","0","0","105","0","NA","NA","105","105","105","105","105","3","105","105","106","0","0","0","NA","1","NA","0","0","3","0","0","105","105","105","0","0","0","0","0","0","0","0","0","NA","NA","0","0","NA","105","41","105","105","105","105","105","105","105","41","undefined","360","-59","Thu Oct  3 17:47:30 2024","758","The main experiment item","yes","active","Norway_Session_6.osexp","1","C:\Users\Tromso\Desktop\LESS\Session 6","no","no","mono","no","18","no","white","no","Click to confirm or to begin from default part if nothing selected","NA","yes","","active","verb-object agreement","3","grammatical","101","768","legacy","Mini-English","NA","List 1: grammatical, VOA violation, article location violation","105","105","C:/Users/Tromso/Desktop/LESS/Session 6/subject-9.csv","1.2.3","xpyriment","","NA","plural","Lentiform Loewenfeld","3.3.14","0","1","NA","space","NA","NA","NA","NA","NA","NA","NA","NA","NA","space","c","NA","space","NA","space","1","95","NA","9282","NA","NA","NA","NA","NA","NA","NA","NA","NA","136591","90525","NA","10897","NA","110933","95","NA","8789","NA","space","2","legacy","Amelia rememberedevo fi zer letter and fi jer wall too.","182","Session 6","NA","Experiment","2024-10-03 17:47","1024","2","48000","-16","Session6","Norway","9","odd","word4","46","NA","no","NA","109138","NA","26086","NA","16799","16795","5935","16795","NA","NA","NA","NA","NA","NA","NA","NA","NA","NA","NA","NA","NA","NA","NA","5934","1424658","1442058","1441044","1441594","NA","1248901","1446096","26086","NA","NA","1443165","NA","116646","NA","116649","NA","127550","238523","1438613","238513","NA","NA","1438635","1439306","1446349","1446349","1438613","16795","1436515","1436515","1446445","NA","NA","5935","NA","NA","NA","7993","NA","NA","NA","7994","1436500","1424148","1441550","5935","NA","5935","NA","NA","NA","16795","NA","5935","NA","NA","NA","8005","NA","1439577","1445713","1440188","1441044","1441550","1442302","1442913","1443525","1444238","1444953","Norway Session 6","88","457109","110","0","106","yes","57","","1024","NA","Amelia","too.","285","355","rememberedevo","600","fi","250","zer","210","letter","355","and","250","fi","250","jer","250","wall","285"
"NA","NA","80.18018018018019","80.18018018018019","4122.018018018018","4122.018018018018","#242424","xpyriment","legacy","legacy","0","uniform","1","undefined","NA","NA","0","undefined","undefined","1","right_button","undefined","0","0","0","0","0","0","0","0","0","0","0","NA","NA","0","0","1","NA","NA","NA","NA","NA","NA","0","NA","0","106","106","106","106","NA","1","297","8","0","0","748","0","0","0","0","0","0","0","106","0","NA","NA","106","106","106","106","106","3","106","106","107","0","0","0","NA","1","NA","0","0","3","0","0","106","106","106","0","0","0","0","0","0","0","0","0","NA","NA","0","0","NA","106","41","106","106","106","106","106","106","106","41","undefined","360","-59","Thu Oct  3 17:47:30 2024","755","The main experiment item","yes","active","Norway_Session_6.osexp","1","C:\Users\Tromso\Desktop\LESS\Session 6","no","no","mono","no","18","no","white","no","Click to confirm or to begin from default part if nothing selected","NA","yes","common","active","gender agreement","1","number violation","103","768","legacy","Mini-English","NA","List 1: grammatical, gender violation, number violation","106","106","C:/Users/Tromso/Desktop/LESS/Session 6/subject-9.csv","1.2.3","xpyriment","179","NA","singular","Lentiform Loewenfeld","3.3.14","0","3","NA","space","NA","NA","NA","NA","NA","NA","NA","NA","NA","space","c","NA","space","NA","space","3","435","NA","9282","NA","NA","NA","NA","NA","NA","NA","NA","NA","136591","90525","NA","10897","NA","110933","435","NA","8789","NA","space","2","legacy","Je fork is blackejur and je box too.","138","Session 6","NA","Experiment","2024-10-03 17:47","1024","2","48000","-16","Session6","Norway","9","odd","word4","42","NA","no","NA","109138","NA","26086","NA","16799","16795","5935","16795","NA","NA","NA","NA","NA","NA","NA","NA","NA","NA","NA","NA","NA","NA","NA","5934","1424658","1451818","1450591","1451143","NA","1248901","1454076","26086","NA","NA","1452610","NA","116646","NA","116649","NA","127550","238523","1448583","238513","NA","NA","1448606","1449276","1454329","1454329","1448583","16795","1446466","1446466","1454765","NA","NA","5935","NA","NA","NA","7993","NA","NA","NA","7994","1446452","1424148","1451096","5935","NA","5935","NA","NA","NA","16795","NA","5935","NA","NA","NA","8005","NA","1449545","1445713","1450051","1450591","1451096","1451850","1452357","1452965","1453678","1444953","Norway Session 6","89","457544","111","0","107","yes","","copula_be","1024","NA","Je","","","250","fork","285","is","250","blackejur","420","and","250","je","250","box","250","too.","285","",""
"NA","NA","80.35714285714286","80.35714285714286","4087.6339285714284","4087.6339285714284","#242424","xpyriment","legacy","legacy","0","uniform","1","undefined","NA","NA","0","undefined","undefined","1","right_button","undefined","0","0","0","0","0","0","0","0","0","0","0","NA","NA","0","0","1","NA","NA","NA","NA","NA","NA","0","NA","0","107","107","107","107","NA","1","299","8","0","0","755","0","0","0","0","0","0","0","107","0","NA","NA","107","107","107","107","107","3","107","107","108","0","0","0","NA","1","NA","0","0","3","0","0","107","107","107","0","0","0","0","0","0","0","0","0","NA","NA","0","0","NA","107","41","107","107","107","107","107","107","107","41","undefined","360","-59","Thu Oct  3 17:47:30 2024","726","The main experiment item","yes","active","Norway_Session_6.osexp","1","C:\Users\Tromso\Desktop\LESS\Session 6","no","no","mono","no","18","no","white","no","Click to confirm or to begin from default part if nothing selected","NA","yes","","active","differential object marking","2","article location violation","103","768","legacy","Mini-English","NA","List 1: grammatical, DOM violation, article location violation","107","107","C:/Users/Tromso/Desktop/LESS/Session 6/subject-9.csv","1.2.3","xpyriment","","NA","singular","Lentiform Loewenfeld","3.3.14","0","3","NA","space","NA","NA","NA","NA","NA","NA","NA","NA","NA","space","c","NA","space","NA","space","3","271","NA","9282","NA","NA","NA","NA","NA","NA","NA","NA","NA","136591","90525","NA","10897","NA","110933","271","NA","8789","NA","space","2","legacy","Jacob ordered fi zetable but not fi jebox.","175","Session 6","NA","Experiment","2024-10-03 17:47","1024","2","48000","-16","Session6","Norway","9","odd","word4","45","NA","no","NA","109138","NA","26086","NA","16799","16795","5935","16795","NA","NA","NA","NA","NA","NA","NA","NA","NA","NA","NA","NA","NA","NA","NA","5934","1424658","1460321","1459164","1459716","NA","1248901","1462720","26086","NA","NA","1461182","NA","116646","NA","116649","NA","127550","238523","1456979","238513","NA","NA","1457002","1457672","1462973","1462973","1456979","16795","1454786","1454786","1463245","NA","NA","5935","NA","NA","NA","7993","NA","NA","NA","7994","1454772","1424148","1459670","5935","NA","5935","NA","NA","NA","16795","NA","5935","NA","NA","NA","8005","NA","1457942","1445713","1458518","1459164","1459670","1460424","1460930","1461546","1462261","1444953","Norway Session 6","90","457815","112","0","108","yes","109","","1024","NA","Jacob","","","320","ordered","390","fi","250","zetable","350","but","250","not","250","fi","250","jebox.","355","",""
"NA","NA","80.53097345132744","80.53097345132744","4052.7522123893805","4052.7522123893805","#242424","xpyriment","legacy","legacy","0","uniform","1","undefined","NA","NA","0","undefined","undefined","1","right_button","undefined","0","0","0","0","0","0","0","0","0","0","0","NA","NA","0","0","1","NA","NA","NA","NA","NA","NA","0","NA","0","108","108","108","108","NA","1","301","8","0","0","762","0","0","0","0","0","0","0","108","0","NA","NA","108","108","108","108","108","3","108","108","109","0","0","0","NA","1","NA","0","0","3","0","0","108","108","108","0","0","0","0","0","0","0","0","0","NA","NA","0","0","NA","108","41","108","108","108","108","108","108","108","41","undefined","360","-59","Thu Oct  3 17:47:30 2024","758","The main experiment item","yes","active","Norway_Session_6.osexp","1","C:\Users\Tromso\Desktop\LESS\Session 6","no","no","mono","no","18","no","white","no","Click to confirm or to begin from default part if nothing selected","NA","yes","","active","verb-object agreement","3","article location violation","103","768","legacy","Mini-English","NA","List 1: grammatical, VOA violation, article location violation","108","108","C:/Users/Tromso/Desktop/LESS/Session 6/subject-9.csv","1.2.3","xpyriment","","NA","plural","Lentiform Loewenfeld","3.3.14","0","3","NA","space","NA","NA","NA","NA","NA","NA","NA","NA","NA","space","c","NA","space","NA","space","3","146","NA","9282","NA","NA","NA","NA","NA","NA","NA","NA","NA","136591","90525","NA","10897","NA","110933","146","NA","8789","NA","space","2","legacy","Jacob chosevo fi jerpencil but not fi jerwall.","176","Session 6","NA","Experiment","2024-10-03 17:47","1024","2","48000","-16","Session6","Norway","9","odd","word4","45","NA","no","NA","109138","NA","26086","NA","16799","16795","5935","16795","NA","NA","NA","NA","NA","NA","NA","NA","NA","NA","NA","NA","NA","NA","NA","5934","1424658","1468789","1467565","1468117","NA","1248901","1471205","26086","NA","NA","1469580","NA","116646","NA","116649","NA","127550","238523","1465382","238513","NA","NA","1465405","1466075","1471458","1471458","1465383","16795","1463264","1463264","1471606","NA","NA","5935","NA","NA","NA","7993","NA","NA","NA","7994","1463249","1424148","1468071","5935","NA","5935","NA","NA","NA","16795","NA","5935","NA","NA","NA","8005","NA","1466345","1445713","1466921","1467565","1468071","1468822","1469328","1469937","1470659","1444953","Norway Session 6","91","457961","113","0","109","yes","116","","1024","NA","Jacob","","","320","chosevo","390","fi","250","jerpencil","420","but","250","not","250","fi","250","jerwall.","425","",""
"NA","NA","79.82456140350877","79.82456140350877","4018.438596491228","4018.438596491228","#242424","xpyriment","legacy","legacy","0","uniform","0","undefined","NA","NA","0","undefined","undefined","0","right_button","undefined","0","0","0","0","0","0","0","0","0","0","0","NA","NA","0","0","1","NA","NA","NA","NA","NA","NA","0","NA","0","109","109","109","109","NA","1","303","8","0","0","769","0","0","0","0","0","0","0","109","0","NA","NA","109","109","109","109","109","3","109","109","110","0","0","0","NA","1","NA","0","0","3","0","0","109","109","109","0","0","0","0","0","0","0","0","0","NA","NA","0","0","NA","109","41","109","109","109","109","109","109","109","41","undefined","360","-59","Thu Oct  3 17:47:30 2024","744","The main experiment item","yes","active","Norway_Session_6.osexp","1","C:\Users\Tromso\Desktop\LESS\Session 6","no","no","mono","no","18","no","white","no","Click to confirm or to begin from default part if nothing selected","NA","yes","","active","differential object marking","2","DOM violation","102","768","legacy","Mini-English","NA","List 1: grammatical, DOM violation, article location violation","109","109","C:/Users/Tromso/Desktop/LESS/Session 6/subject-9.csv","1.2.3","xpyriment","","NA","singular","Lentiform Loewenfeld","3.3.14","0","1","NA","space","NA","NA","NA","NA","NA","NA","NA","NA","NA","space","c","NA","space","NA","space","1","141","NA","9282","NA","NA","NA","NA","NA","NA","NA","NA","NA","136591","90525","NA","10897","NA","110933","141","NA","8789","NA","space","2","legacy","Ava dried je box but not ze letter.","202","Session 6","NA","Experiment","2024-10-03 17:47","1024","2","48000","-16","Session6","Norway","9","odd","word3","47","NA","no","NA","109138","NA","26086","NA","16799","16795","5935","16795","NA","NA","NA","NA","NA","NA","NA","NA","NA","NA","NA","NA","NA","NA","NA","5934","1476262","1468789","1475799","1476505","NA","1248901","1479337","26086","NA","NA","1477770","NA","116646","NA","116649","NA","127550","238523","1473709","238513","NA","NA","1473731","1474401","1479591","1479591","1473709","16795","1471626","1471626","1479734","NA","NA","5935","NA","NA","NA","7993","NA","NA","NA","7994","1471613","1475752","1468071","5935","NA","5935","NA","NA","NA","16795","NA","5935","NA","NA","NA","8005","NA","1474670","1445713","1475177","1475752","1476505","1477011","1477517","1478126","1478834","1444953","Norway Session 6","91","458102","114","0","110","yes","1314","","1024","NA","Ava","","","250","dried","320","je","210","box","250","but","250","not","250","ze","250","letter.","390","",""
"NA","NA","80","80","3996.2869565217393","3996.2869565217393","#242424","xpyriment","legacy","legacy","0","uniform","1","undefined","NA","NA","0","undefined","undefined","1","left_button","undefined","0","0","0","0","0","0","0","0","0","0","0","NA","NA","0","0","1","NA","NA","NA","NA","NA","NA","0","NA","0","110","110","110","110","NA","1","305","8","0","0","776","0","0","0","0","0","0","0","110","0","NA","NA","110","110","110","110","110","3","110","110","111","0","0","0","NA","1","NA","0","0","3","0","0","110","110","110","0","0","0","0","0","0","0","0","0","NA","NA","0","0","NA","110","41","110","110","110","110","110","110","110","41","undefined","360","-59","Thu Oct  3 17:47:30 2024","747","The main experiment item","yes","active","Norway_Session_6.osexp","1","C:\Users\Tromso\Desktop\LESS\Session 6","no","no","mono","no","18","no","white","no","Click to confirm or to begin from default part if nothing selected","NA","yes","common","active","gender agreement","1","grammatical","101","768","legacy","Mini-English","NA","List 1: grammatical, gender violation, number violation","110","110","C:/Users/Tromso/Desktop/LESS/Session 6/subject-9.csv","1.2.3","xpyriment","1716","NA","plural","Lentiform Loewenfeld","3.3.14","0","1","NA","space","NA","NA","NA","NA","NA","NA","NA","NA","NA","space","c","NA","space","NA","space","1","1471","NA","9282","NA","NA","NA","NA","NA","NA","NA","NA","NA","136591","90525","NA","10897","NA","110933","1471","NA","8789","NA","space","2","legacy","Jer fork look wetejur but jer saucepan not.","222","Session 6","NA","Experiment","2024-10-03 17:47","1024","2","48000","-16","Session6","Norway","9","odd","word4","49","NA","no","NA","109138","NA","26086","NA","16799","16795","5935","16795","NA","NA","NA","NA","NA","NA","NA","NA","NA","NA","NA","NA","NA","NA","NA","5934","1476262","1485066","1483876","1484463","NA","1248901","1487576","26086","NA","NA","1485927","NA","116646","NA","116649","NA","127550","238523","1481869","238513","NA","NA","1481891","1482561","1487829","1487829","1481869","16795","1479757","1479757","1489301","NA","NA","5935","NA","NA","NA","7993","NA","NA","NA","7994","1479743","1475752","1484417","5935","NA","5935","NA","NA","NA","16795","NA","5935","NA","NA","NA","8005","NA","1482830","1445713","1483335","1483876","1484417","1485169","1485674","1486287","1487188","1444953","Norway Session 6","92","459573","115","0","111","yes","","copula_look","1024","NA","Jer","","","250","fork","285","look","285","wetejur","350","but","250","jer","250","saucepan","425","not.","285","",""
"NA","NA","80.17241379310344","80.17241379310344","3963.1637931034484","3963.1637931034484","#242424","xpyriment","legacy","legacy","0","uniform","1","undefined","NA","NA","0","undefined","undefined","1","right_button","undefined","0","0","0","0","0","0","0","0","0","0","0","NA","NA","0","0","1","NA","NA","NA","NA","NA","NA","0","NA","0","111","111","111","111","NA","1","307","8","0","0","783","0","0","0","0","0","0","0","111","0","NA","NA","111","111","111","111","111","3","111","111","112","0","0","0","NA","1","NA","0","0","3","0","0","111","111","111","0","0","0","0","0","0","0","0","0","NA","NA","0","0","NA","111","41","111","111","111","111","111","111","111","41","undefined","360","-59","Thu Oct  3 17:47:30 2024","745","The main experiment item","yes","active","Norway_Session_6.osexp","1","C:\Users\Tromso\Desktop\LESS\Session 6","no","no","mono","no","18","no","white","no","Click to confirm or to begin from default part if nothing selected","NA","yes","","active","differential object marking","2","article location violation","103","768","legacy","Mini-English","NA","List 1: grammatical, DOM violation, article location violation","111","111","C:/Users/Tromso/Desktop/LESS/Session 6/subject-9.csv","1.2.3","xpyriment","","NA","singular","Lentiform Loewenfeld","3.3.14","0","3","NA","space","NA","NA","NA","NA","NA","NA","NA","NA","NA","space","c","NA","space","NA","space","3","154","NA","9282","NA","NA","NA","NA","NA","NA","NA","NA","NA","136591","90525","NA","10897","NA","110933","154","NA","8789","NA","space","2","legacy","Thomas refused fi zestrawberry but not fi jestreet.","249","Session 6","NA","Experiment","2024-10-03 17:47","1024","2","48000","-16","Session6","Norway","9","odd","word4","51","NA","no","NA","109138","NA","26086","NA","16799","16795","5935","16795","NA","NA","NA","NA","NA","NA","NA","NA","NA","NA","NA","NA","NA","NA","NA","5934","1476262","1485066","1493562","1494114","NA","1248901","1497317","26086","NA","NA","1495651","NA","116646","NA","116649","NA","127550","238523","1491343","238513","NA","NA","1491365","1492036","1497570","1497570","1491343","16795","1489322","1489322","1497726","NA","NA","5935","NA","NA","NA","7993","NA","NA","NA","7994","1489308","1475752","1494068","5935","NA","5935","NA","NA","NA","16795","NA","5935","NA","NA","NA","8005","NA","1492306","1445713","1492916","1493562","1494068","1494893","1495398","1496025","1496746","1444953","Norway Session 6","93","459727","116","0","112","yes","1221","","1024","NA","Thomas","","","355","refused","390","fi","250","zestrawberry","525","but","250","not","250","fi","250","jestreet.","460","",""
"NA","NA","80.34188034188034","80.34188034188034","3952.5726495726494","3952.5726495726494","#242424","xpyriment","legacy","legacy","0","uniform","1","undefined","NA","NA","0","undefined","undefined","1","left_button","undefined","0","0","0","0","0","0","0","0","0","0","0","NA","NA","0","0","1","NA","NA","NA","NA","NA","NA","0","NA","0","112","112","112","112","NA","1","311","8","0","0","790","0","0","0","0","0","0","0","112","0","NA","NA","112","112","112","112","112","3","112","112","113","0","0","0","NA","1","NA","0","0","3","0","0","112","112","112","0","0","0","0","0","0","0","0","0","NA","NA","0","0","NA","112","42","112","112","112","112","112","112","112","42","undefined","360","-59","Thu Oct  3 17:47:30 2024","747","The main experiment item","yes","active","Norway_Session_6.osexp","1","C:\Users\Tromso\Desktop\LESS\Session 6","no","no","mono","no","18","no","white","no","Click to confirm or to begin from default part if nothing selected","NA","yes","","active","verb-object agreement","3","grammatical","101","768","legacy","Mini-English","NA","List 1: grammatical, VOA violation, article location violation","112","112","C:/Users/Tromso/Desktop/LESS/Session 6/subject-9.csv","1.2.3","xpyriment","","NA","singular","Lentiform Loewenfeld","3.3.14","0","1","NA","space","NA","NA","NA","NA","NA","NA","NA","NA","NA","space","c","NA","space","NA","space","1","2724","NA","9282","NA","NA","NA","NA","NA","NA","NA","NA","NA","136591","90525","NA","10897","NA","110933","2724","NA","8789","NA","space","2","legacy","Ava wetted fi je backpack but not fi ze mug.","155","Session 6","NA","Experiment","2024-10-03 17:47","1024","2","48000","-16","Session6","Norway","9","odd","word4","43","NA","no","NA","109138","NA","26086","NA","16799","16795","5935","16795","NA","NA","NA","NA","NA","NA","NA","NA","NA","NA","NA","NA","NA","NA","NA","5934","1476262","1502952","1501935","1502489","NA","1248901","1507059","26086","NA","NA","1504127","NA","116646","NA","116649","NA","127550","238523","1499856","238513","NA","NA","1499878","1500549","1507312","1507312","1499856","16795","1497744","1497744","1510038","NA","NA","5935","NA","NA","NA","7993","NA","NA","NA","7994","1497729","1475752","1502441","5935","NA","5935","NA","NA","NA","16795","NA","5935","NA","NA","NA","8005","NA","1500820","1506640","1501324","1501935","1502441","1503195","1503875","1504500","1505217","1505924","Norway Session 6","94","462451","117","0","113","yes","144","","1024","NA","Ava","mug.","285","250","wetted","355","fi","250","je","210","backpack","425","but","250","not","250","fi","250","ze","250"
"NA","NA","80.50847457627118","80.50847457627118","3922.2203389830506","3922.2203389830506","#242424","xpyriment","legacy","legacy","0","uniform","1","undefined","NA","NA","0","undefined","undefined","1","left_button","undefined","0","0","0","0","0","0","0","0","0","0","0","NA","NA","0","0","1","NA","NA","NA","NA","NA","NA","0","NA","0","113","113","113","113","NA","1","313","8","0","0","797","0","0","0","0","0","0","0","113","0","NA","NA","113","113","113","113","113","3","113","113","114","0","0","0","NA","1","NA","0","0","3","0","0","113","113","113","0","0","0","0","0","0","0","0","0","NA","NA","0","0","NA","113","42","113","113","113","113","113","113","113","42","undefined","360","-59","Thu Oct  3 17:47:30 2024","746","The main experiment item","yes","active","Norway_Session_6.osexp","1","C:\Users\Tromso\Desktop\LESS\Session 6","no","no","mono","no","18","no","white","no","Click to confirm or to begin from default part if nothing selected","NA","yes","neuter","active","gender agreement","1","grammatical","101","768","legacy","Mini-English","NA","List 1: grammatical, gender violation, number violation","113","113","C:/Users/Tromso/Desktop/LESS/Session 6/subject-9.csv","1.2.3","xpyriment","2116","NA","plural","Lentiform Loewenfeld","3.3.14","0","1","NA","space","NA","NA","NA","NA","NA","NA","NA","NA","NA","space","c","NA","space","NA","space","1","371","NA","9282","NA","NA","NA","NA","NA","NA","NA","NA","NA","136591","90525","NA","10897","NA","110933","371","NA","8789","NA","space","2","legacy","Zer strawberry look wetezur but zer candle not.","226","Session 6","NA","Experiment","2024-10-03 17:47","1024","2","48000","-16","Session6","Norway","9","odd","word4","49","NA","no","NA","109138","NA","26086","NA","16799","16795","5935","16795","NA","NA","NA","NA","NA","NA","NA","NA","NA","NA","NA","NA","NA","NA","NA","5934","1476262","1515596","1514405","1514992","NA","1248901","1518044","26086","NA","NA","1516455","NA","116646","NA","116649","NA","127550","238523","1512187","238513","NA","NA","1512210","1512880","1518297","1518297","1512187","16795","1510057","1510057","1518669","NA","NA","5935","NA","NA","NA","7993","NA","NA","NA","7994","1510043","1475752","1514946","5935","NA","5935","NA","NA","NA","16795","NA","5935","NA","NA","NA","8005","NA","1513148","1506640","1513654","1514405","1514946","1515698","1516203","1516816","1517646","1505924","Norway Session 6","95","462822","118","0","114","yes","","copula_look","1024","NA","Zer","","","250","strawberry","495","look","285","wetezur","350","but","250","zer","250","candle","355","not.","285","",""
"NA","NA","80.67226890756302","80.67226890756302","3889.714285714286","3889.714285714286","#242424","xpyriment","legacy","legacy","0","uniform","1","undefined","NA","NA","0","undefined","undefined","1","right_button","undefined","0","0","0","0","0","0","0","0","0","0","0","NA","NA","0","0","1","NA","NA","NA","NA","NA","NA","0","NA","0","114","114","114","114","NA","1","315","8","0","0","804","0","0","0","0","0","0","0","114","0","NA","NA","114","114","114","114","114","3","114","114","115","0","0","0","NA","1","NA","0","0","3","0","0","114","114","114","0","0","0","0","0","0","0","0","0","NA","NA","0","0","NA","114","42","114","114","114","114","114","114","114","42","undefined","360","-59","Thu Oct  3 17:47:30 2024","748","The main experiment item","yes","active","Norway_Session_6.osexp","1","C:\Users\Tromso\Desktop\LESS\Session 6","no","no","mono","no","18","no","white","no","Click to confirm or to begin from default part if nothing selected","NA","yes","","active","verb-object agreement","3","article location violation","103","768","legacy","Mini-English","NA","List 1: grammatical, VOA violation, article location violation","114","114","C:/Users/Tromso/Desktop/LESS/Session 6/subject-9.csv","1.2.3","xpyriment","","NA","plural","Lentiform Loewenfeld","3.3.14","0","3","NA","space","NA","NA","NA","NA","NA","NA","NA","NA","NA","space","c","NA","space","NA","space","3","54","NA","9282","NA","NA","NA","NA","NA","NA","NA","NA","NA","136591","90525","NA","10897","NA","110933","54","NA","8789","NA","space","2","legacy","Oliver cleanedevo fi zerpool but not fi zerletter.","244","Session 6","NA","Experiment","2024-10-03 17:47","1024","2","48000","-16","Session6","Norway","9","odd","word4","51","NA","no","NA","109138","NA","26086","NA","16799","16795","5935","16795","NA","NA","NA","NA","NA","NA","NA","NA","NA","NA","NA","NA","NA","NA","NA","5934","1476262","1524215","1523058","1523612","NA","1248901","1526816","26086","NA","NA","1525076","NA","116646","NA","116649","NA","127550","238523","1520734","238513","NA","NA","1520756","1521427","1527070","1527069","1520734","16795","1518688","1518688","1527127","NA","NA","5935","NA","NA","NA","7993","NA","NA","NA","7994","1518674","1475752","1523565","5935","NA","5935","NA","NA","NA","16795","NA","5935","NA","NA","NA","8005","NA","1521698","1506640","1522308","1523058","1523565","1524318","1524824","1525455","1526191","1505924","Norway Session 6","96","462876","119","0","115","yes","712","","1024","NA","Oliver","","","355","cleanedevo","495","fi","250","zerpool","350","but","250","not","250","fi","250","zerletter.","495","",""
"NA","NA","80.83333333333333","80.83333333333333","3858.425","3858.425","#242424","xpyriment","legacy","legacy","0","uniform","1","undefined","NA","NA","0","undefined","undefined","1","left_button","undefined","0","0","0","0","0","0","0","0","0","0","0","NA","NA","0","0","1","NA","NA","NA","NA","NA","NA","0","NA","0","115","115","115","115","NA","1","317","8","0","0","811","0","0","0","0","0","0","0","115","0","NA","NA","115","115","115","115","115","3","115","115","116","0","0","0","NA","1","NA","0","0","3","0","0","115","115","115","0","0","0","0","0","0","0","0","0","NA","NA","0","0","NA","115","42","115","115","115","115","115","115","115","42","undefined","360","-59","Thu Oct  3 17:47:30 2024","740","The main experiment item","yes","active","Norway_Session_6.osexp","1","C:\Users\Tromso\Desktop\LESS\Session 6","no","no","mono","no","18","no","white","no","Click to confirm or to begin from default part if nothing selected","NA","yes","common","active","gender agreement","1","grammatical","101","768","legacy","Mini-English","NA","List 1: grammatical, gender violation, number violation","115","115","C:/Users/Tromso/Desktop/LESS/Session 6/subject-9.csv","1.2.3","xpyriment","1416","NA","plural","Lentiform Loewenfeld","3.3.14","0","1","NA","space","NA","NA","NA","NA","NA","NA","NA","NA","NA","space","c","NA","space","NA","space","1","135","NA","9282","NA","NA","NA","NA","NA","NA","NA","NA","NA","136591","90525","NA","10897","NA","110933","135","NA","8789","NA","space","2","legacy","Jer box look wetejur but jer drum not.","219","Session 6","NA","Experiment","2024-10-03 17:47","1024","2","48000","-16","Session6","Norway","9","odd","word4","49","NA","no","NA","109138","NA","26086","NA","16799","16795","5935","16795","NA","NA","NA","NA","NA","NA","NA","NA","NA","NA","NA","NA","NA","NA","NA","5934","1476262","1532384","1531195","1531781","NA","1248901","1534800","26086","NA","NA","1533246","NA","116646","NA","116649","NA","127550","238523","1529223","238513","NA","NA","1529246","1529916","1535053","1535053","1529223","16795","1527151","1527151","1535189","NA","NA","5935","NA","NA","NA","7993","NA","NA","NA","7994","1527137","1475752","1531735","5935","NA","5935","NA","NA","NA","16795","NA","5935","NA","NA","NA","8005","NA","1530184","1506640","1530689","1531194","1531735","1532487","1532993","1533607","1534406","1505924","Norway Session 6","97","463011","120","0","116","yes","","copula_look","1024","NA","Jer","","","250","box","250","look","285","wetejur","350","but","250","jer","250","drum","285","not.","285","",""
"NA","NA","80.99173553719008","80.99173553719008","3827.380165289256","3827.380165289256","#242424","xpyriment","legacy","legacy","0","uniform","1","undefined","NA","NA","0","undefined","undefined","1","left_button","undefined","0","0","0","0","0","0","0","0","0","0","0","NA","NA","0","0","1","NA","NA","NA","NA","NA","NA","0","NA","0","116","116","116","116","NA","1","319","8","0","0","818","0","0","0","0","0","0","0","116","0","NA","NA","116","116","116","116","116","3","116","116","117","0","0","0","NA","1","NA","0","0","3","0","0","116","116","116","0","0","0","0","0","0","0","0","0","NA","NA","0","0","NA","116","42","116","116","116","116","116","116","116","42","undefined","360","-59","Thu Oct  3 17:47:30 2024","766","The main experiment item","yes","active","Norway_Session_6.osexp","1","C:\Users\Tromso\Desktop\LESS\Session 6","no","no","mono","no","18","no","white","no","Click to confirm or to begin from default part if nothing selected","NA","yes","common","active","gender agreement","1","grammatical","101","768","legacy","Mini-English","NA","List 1: grammatical, gender violation, number violation","116","116","C:/Users/Tromso/Desktop/LESS/Session 6/subject-9.csv","1.2.3","xpyriment","167","NA","singular","Lentiform Loewenfeld","3.3.14","0","1","NA","space","NA","NA","NA","NA","NA","NA","NA","NA","NA","space","c","NA","space","NA","space","1","102","NA","9282","NA","NA","NA","NA","NA","NA","NA","NA","NA","136591","90525","NA","10897","NA","110933","102","NA","8789","NA","space","2","legacy","Je suitcase is lighteju and je box too.","113","Session 6","NA","Experiment","2024-10-03 17:47","1024","2","48000","-16","Session6","Norway","9","odd","word4","40","NA","no","NA","109138","NA","26086","NA","16799","16795","5935","16795","NA","NA","NA","NA","NA","NA","NA","NA","NA","NA","NA","NA","NA","NA","NA","5934","1476262","1540757","1539568","1540119","NA","1248901","1543064","26086","NA","NA","1541584","NA","116646","NA","116649","NA","127550","238523","1537418","238513","NA","NA","1537441","1538111","1543318","1543317","1537418","16795","1535211","1535211","1543422","NA","NA","5935","NA","NA","NA","7993","NA","NA","NA","7994","1535196","1475752","1540074","5935","NA","5935","NA","NA","NA","16795","NA","5935","NA","NA","NA","8005","NA","1538383","1506640","1538888","1539567","1540074","1540825","1541331","1541936","1542676","1505924","Norway Session 6","98","463113","121","0","117","yes","","copula_be","1024","NA","Je","","","250","suitcase","425","is","250","lighteju","385","and","250","je","250","box","250","too.","285","",""
"NA","NA","81.14754098360656","81.14754098360656","3798.967213114754","3798.967213114754","#242424","xpyriment","legacy","legacy","0","uniform","1","undefined","NA","NA","0","undefined","undefined","1","left_button","undefined","0","0","0","0","0","0","0","0","0","0","0","NA","NA","0","0","1","NA","NA","NA","NA","NA","NA","0","NA","0","117","117","117","117","NA","1","321","8","0","0","825","0","0","0","0","0","0","0","117","0","NA","NA","117","117","117","117","117","3","117","117","118","0","0","0","NA","1","NA","0","0","3","0","0","117","117","117","0","0","0","0","0","0","0","0","0","NA","NA","0","0","NA","117","42","117","117","117","117","117","117","117","42","undefined","360","-59","Thu Oct  3 17:47:30 2024","772","The main experiment item","yes","active","Norway_Session_6.osexp","1","C:\Users\Tromso\Desktop\LESS\Session 6","no","no","mono","no","18","no","white","no","Click to confirm or to begin from default part if nothing selected","NA","yes","neuter","active","gender agreement","1","grammatical","101","768","legacy","Mini-English","NA","List 1: grammatical, gender violation, number violation","117","117","C:/Users/Tromso/Desktop/LESS/Session 6/subject-9.csv","1.2.3","xpyriment","2016","NA","plural","Lentiform Loewenfeld","3.3.14","0","1","NA","space","NA","NA","NA","NA","NA","NA","NA","NA","NA","space","c","NA","space","NA","space","1","361","NA","9282","NA","NA","NA","NA","NA","NA","NA","NA","NA","136591","90525","NA","10897","NA","110933","361","NA","8789","NA","space","2","legacy","Zer leaf look wetezur but zer strawberry not.","225","Session 6","NA","Experiment","2024-10-03 17:47","1024","2","48000","-16","Session6","Norway","9","odd","word4","49","NA","no","NA","109138","NA","26086","NA","16799","16795","5935","16795","NA","NA","NA","NA","NA","NA","NA","NA","NA","NA","NA","NA","NA","NA","NA","5934","1476262","1548839","1547649","1548235","NA","1248901","1551438","26086","NA","NA","1549701","NA","116646","NA","116649","NA","127550","238523","1545642","238513","NA","NA","1545665","1546336","1551691","1551691","1545643","16795","1543445","1543445","1552053","NA","NA","5935","NA","NA","NA","7993","NA","NA","NA","7994","1543429","1475752","1548189","5935","NA","5935","NA","NA","NA","16795","NA","5935","NA","NA","NA","8005","NA","1546606","1506640","1547110","1547649","1548189","1548942","1549448","1550067","1551043","1505924","Norway Session 6","99","463474","122","0","118","yes","","copula_look","1024","NA","Zer","","","250","leaf","285","look","285","wetezur","350","but","250","zer","250","strawberry","495","not.","285","",""
"NA","NA","81.30081300813008","81.30081300813008","3773.7804878048782","3773.7804878048782","#242424","xpyriment","legacy","legacy","0","uniform","1","undefined","NA","NA","0","undefined","undefined","1","left_button","undefined","0","0","0","0","0","0","0","0","0","0","0","NA","NA","0","0","1","NA","NA","NA","NA","NA","NA","0","NA","0","118","118","118","118","NA","1","325","8","0","0","832","0","0","0","0","0","0","0","118","0","NA","NA","118","118","118","118","118","3","118","118","119","0","0","0","NA","1","NA","0","0","3","0","0","118","118","118","0","0","0","0","0","0","0","0","0","NA","NA","0","0","NA","118","43","118","118","118","118","118","118","118","43","undefined","360","-59","Thu Oct  3 17:47:30 2024","746","The main experiment item","yes","active","Norway_Session_6.osexp","1","C:\Users\Tromso\Desktop\LESS\Session 6","no","no","mono","no","18","no","white","no","Click to confirm or to begin from default part if nothing selected","NA","yes","","active","differential object marking","2","grammatical","101","768","legacy","Mini-English","NA","List 1: grammatical, DOM violation, article location violation","118","118","C:/Users/Tromso/Desktop/LESS/Session 6/subject-9.csv","1.2.3","xpyriment","","NA","singular","Lentiform Loewenfeld","3.3.14","0","1","NA","space","NA","NA","NA","NA","NA","NA","NA","NA","NA","space","c","NA","space","NA","space","1","701","NA","9282","NA","NA","NA","NA","NA","NA","NA","NA","NA","136591","90525","NA","10897","NA","110933","701","NA","8789","NA","space","2","legacy","Amelia remembered fi je drum and fi je wall too.","182","Session 6","NA","Experiment","2024-10-03 17:47","1024","2","48000","-16","Session6","Norway","9","odd","word4","46","NA","no","NA","109138","NA","26086","NA","16799","16795","5935","16795","NA","NA","NA","NA","NA","NA","NA","NA","NA","NA","NA","NA","NA","NA","NA","5934","1476262","1557502","1556488","1557038","NA","1248901","1561491","26086","NA","NA","1558535","NA","116646","NA","116649","NA","127550","238523","1554162","238513","NA","NA","1554185","1554855","1561743","1561743","1554162","16795","1552076","1552076","1562446","NA","NA","5935","NA","NA","NA","7993","NA","NA","NA","7994","1552061","1475752","1556993","5935","NA","5935","NA","NA","NA","16795","NA","5935","NA","NA","NA","8005","NA","1555127","1561098","1555738","1556488","1556993","1557744","1558283","1558908","1559620","1560347","Norway Session 6","100","464175","123","0","119","yes","513","","1024","NA","Amelia","too.","285","355","remembered","495","fi","250","je","210","drum","285","and","250","fi","250","je","250","wall","285"
"NA","NA","81.45161290322581","81.45161290322581","3744.298387096774","3744.298387096774","#242424","xpyriment","legacy","legacy","0","uniform","1","undefined","NA","NA","0","undefined","undefined","1","right_button","undefined","0","0","0","0","0","0","0","0","0","0","0","NA","NA","0","0","1","NA","NA","NA","NA","NA","NA","0","NA","0","119","119","119","119","NA","1","327","8","0","0","839","0","0","0","0","0","0","0","119","0","NA","NA","119","119","119","119","119","3","119","119","120","0","0","0","NA","1","NA","0","0","3","0","0","119","119","119","0","0","0","0","0","0","0","0","0","NA","NA","0","0","NA","119","43","119","119","119","119","119","119","119","43","undefined","360","-59","Thu Oct  3 17:47:30 2024","740","The main experiment item","yes","active","Norway_Session_6.osexp","1","C:\Users\Tromso\Desktop\LESS\Session 6","no","no","mono","no","18","no","white","no","Click to confirm or to begin from default part if nothing selected","NA","yes","","active","differential object marking","2","article location violation","103","768","legacy","Mini-English","NA","List 1: grammatical, DOM violation, article location violation","119","119","C:/Users/Tromso/Desktop/LESS/Session 6/subject-9.csv","1.2.3","xpyriment","","NA","singular","Lentiform Loewenfeld","3.3.14","0","3","NA","space","NA","NA","NA","NA","NA","NA","NA","NA","NA","space","c","NA","space","NA","space","3","118","NA","9282","NA","NA","NA","NA","NA","NA","NA","NA","NA","136591","90525","NA","10897","NA","110933","118","NA","8789","NA","space","2","legacy","Harry chose fi zestrawberry but not fi zeletter.","248","Session 6","NA","Experiment","2024-10-03 17:47","1024","2","48000","-16","Session6","Norway","9","odd","word4","51","NA","no","NA","109138","NA","26086","NA","16799","16795","5935","16795","NA","NA","NA","NA","NA","NA","NA","NA","NA","NA","NA","NA","NA","NA","NA","5934","1476262","1557502","1566692","1567244","NA","1248901","1570448","26086","NA","NA","1568783","NA","116646","NA","116649","NA","127550","238523","1564579","238513","NA","NA","1564602","1565272","1570702","1570702","1564579","16795","1562465","1562465","1570821","NA","NA","5935","NA","NA","NA","7993","NA","NA","NA","7994","1562452","1475752","1567197","5935","NA","5935","NA","NA","NA","16795","NA","5935","NA","NA","NA","8005","NA","1565542","1561098","1566118","1566692","1567197","1568025","1568531","1569125","1569870","1560347","Norway Session 6","101","464293","124","0","120","yes","1121","","1024","NA","Harry","","","320","chose","320","fi","250","zestrawberry","525","but","250","not","250","fi","250","zeletter.","460","",""
"NA","NA","81.6","81.6","3715.576","3715.576","#242424","xpyriment","legacy","legacy","0","uniform","1","undefined","NA","NA","0","undefined","undefined","1","right_button","undefined","0","0","0","0","0","0","0","0","0","0","0","NA","NA","0","0","1","NA","NA","NA","NA","NA","NA","0","NA","0","120","120","120","120","NA","1","329","8","0","0","846","0","0","0","0","0","0","0","120","0","NA","NA","120","120","120","120","120","3","120","120","121","0","0","0","NA","1","NA","0","0","3","0","0","120","120","120","0","0","0","0","0","0","0","0","0","NA","NA","0","0","NA","120","43","120","120","120","120","120","120","120","43","undefined","360","-59","Thu Oct  3 17:47:30 2024","743","The main experiment item","yes","active","Norway_Session_6.osexp","1","C:\Users\Tromso\Desktop\LESS\Session 6","no","no","mono","no","18","no","white","no","Click to confirm or to begin from default part if nothing selected","NA","yes","neuter","active","gender agreement","1","gender violation","102","768","legacy","Mini-English","NA","List 1: grammatical, gender violation, number violation","120","120","C:/Users/Tromso/Desktop/LESS/Session 6/subject-9.csv","1.2.3","xpyriment","2214","NA","plural","Lentiform Loewenfeld","3.3.14","0","3","NA","space","NA","NA","NA","NA","NA","NA","NA","NA","NA","space","c","NA","space","NA","space","3","154","NA","9282","NA","NA","NA","NA","NA","NA","NA","NA","NA","136591","90525","NA","10897","NA","110933","154","NA","8789","NA","space","2","legacy","Zer tie look badejur but zer mirror not.","203","Session 6","NA","Experiment","2024-10-03 17:47","1024","2","48000","-16","Session6","Norway","9","odd","word4","47","NA","no","NA","109138","NA","26086","NA","16799","16795","5935","16795","NA","NA","NA","NA","NA","NA","NA","NA","NA","NA","NA","NA","NA","NA","NA","5934","1476262","1576163","1574973","1575559","NA","1248901","1578596","26086","NA","NA","1577023","NA","116646","NA","116649","NA","127550","238523","1572997","238513","NA","NA","1573023","1573693","1578850","1578849","1572997","16795","1570841","1570841","1579005","NA","NA","5935","NA","NA","NA","7993","NA","NA","NA","7994","1570827","1475752","1575513","5935","NA","5935","NA","NA","NA","16795","NA","5935","NA","NA","NA","8005","NA","1573963","1561098","1574468","1574973","1575513","1576266","1576771","1577381","1578201","1560347","Norway Session 6","102","464447","125","0","121","yes","","copula_look","1024","NA","Zer","","","250","tie","250","look","285","badejur","350","but","250","zer","250","mirror","355","not.","285","",""
"NA","NA","81.74603174603175","81.74603174603175","3687.6984126984125","3687.6984126984125","#242424","xpyriment","legacy","legacy","0","uniform","1","undefined","NA","NA","0","undefined","undefined","1","right_button","undefined","0","0","0","0","0","0","0","0","0","0","0","NA","NA","0","0","1","NA","NA","NA","NA","NA","NA","0","NA","0","121","121","121","121","NA","1","331","8","0","0","853","0","0","0","0","0","0","0","121","0","NA","NA","121","121","121","121","121","3","121","121","122","0","0","0","NA","1","NA","0","0","3","0","0","121","121","121","0","0","0","0","0","0","0","0","0","NA","NA","0","0","NA","121","43","121","121","121","121","121","121","121","43","undefined","360","-59","Thu Oct  3 17:47:30 2024","757","The main experiment item","yes","active","Norway_Session_6.osexp","1","C:\Users\Tromso\Desktop\LESS\Session 6","no","no","mono","no","18","no","white","no","Click to confirm or to begin from default part if nothing selected","NA","yes","","active","differential object marking","2","article location violation","103","768","legacy","Mini-English","NA","List 1: grammatical, DOM violation, article location violation","121","121","C:/Users/Tromso/Desktop/LESS/Session 6/subject-9.csv","1.2.3","xpyriment","","NA","singular","Lentiform Loewenfeld","3.3.14","0","3","NA","space","NA","NA","NA","NA","NA","NA","NA","NA","NA","space","c","NA","space","NA","space","3","203","NA","9282","NA","NA","NA","NA","NA","NA","NA","NA","NA","136591","90525","NA","10897","NA","110933","203","NA","8789","NA","space","2","legacy","Lily provided fi zestrawberry but not fi jekey.","246","Session 6","NA","Experiment","2024-10-03 17:47","1024","2","48000","-16","Session6","Norway","9","odd","word4","51","NA","no","NA","109138","NA","26086","NA","16799","16795","5935","16795","NA","NA","NA","NA","NA","NA","NA","NA","NA","NA","NA","NA","NA","NA","NA","5934","1476262","1576163","1583375","1583927","NA","1248901","1587019","26086","NA","NA","1585467","NA","116646","NA","116649","NA","127550","238523","1581191","238513","NA","NA","1581212","1581883","1587273","1587273","1581191","16795","1579027","1579027","1587477","NA","NA","5935","NA","NA","NA","7993","NA","NA","NA","7994","1579012","1475752","1583881","5935","NA","5935","NA","NA","NA","16795","NA","5935","NA","NA","NA","8005","NA","1582154","1561098","1582695","1583375","1583881","1584709","1585214","1585822","1586551","1560347","Norway Session 6","103","464650","126","0","122","yes","921","","1024","NA","Lily","","","285","provided","425","fi","250","zestrawberry","525","but","250","not","250","fi","250","jekey.","355","",""
"NA","NA","81.88976377952756","81.88976377952756","3697.9133858267714","3697.9133858267714","#242424","xpyriment","legacy","legacy","0","uniform","1","undefined","NA","NA","0","undefined","undefined","1","right_button","undefined","0","0","0","0","0","0","0","0","0","0","0","NA","NA","0","0","1","NA","NA","NA","NA","NA","NA","0","NA","0","122","122","122","122","NA","1","333","8","0","0","860","0","0","0","0","0","0","0","122","0","NA","NA","122","122","122","122","122","3","122","122","123","0","0","0","NA","1","NA","0","0","3","0","0","122","122","122","0","0","0","0","0","0","0","0","0","NA","NA","0","0","NA","122","43","122","122","122","122","122","122","122","43","undefined","366","-53","Thu Oct  3 17:47:30 2024","757","The main experiment item","yes","active","Norway_Session_6.osexp","1","C:\Users\Tromso\Desktop\LESS\Session 6","no","no","mono","no","18","no","white","no","Click to confirm or to begin from default part if nothing selected","NA","yes","neuter","active","gender agreement","1","gender violation","102","768","legacy","Mini-English","NA","List 1: grammatical, gender violation, number violation","122","122","C:/Users/Tromso/Desktop/LESS/Session 6/subject-9.csv","1.2.3","xpyriment","2411","NA","singular","Lentiform Loewenfeld","3.3.14","0","3","NA","space","NA","NA","NA","NA","NA","NA","NA","NA","NA","space","c","NA","space","NA","space","3","4985","NA","9282","NA","NA","NA","NA","NA","NA","NA","NA","NA","136591","90525","NA","10897","NA","110933","4985","NA","8789","NA","space","2","legacy","Ze mirror is safeju and ze candle too.","169","Session 6","NA","Experiment","2024-10-03 17:47","1024","2","48000","-16","Session6","Norway","9","odd","word4","44","NA","no","NA","109138","NA","26086","NA","16799","16795","5935","16795","NA","NA","NA","NA","NA","NA","NA","NA","NA","NA","NA","NA","NA","NA","NA","5934","1476262","1592991","1591871","1592423","NA","1248901","1595471","26086","NA","NA","1593887","NA","116646","NA","116649","NA","127550","238523","1589792","238513","NA","NA","1589815","1590485","1595723","1595723","1589792","16795","1587498","1587498","1600708","NA","NA","5935","NA","NA","NA","7993","NA","NA","NA","7994","1587485","1475752","1592377","5935","NA","5935","NA","NA","NA","16795","NA","5935","NA","NA","NA","8005","NA","1590755","1561098","1591261","1591871","1592377","1593129","1593634","1594253","1595069","1560347","Norway Session 6","104","469635","127","0","123","yes","","copula_be","1024","NA","Ze","","","250","mirror","355","is","250","safeju","315","and","250","ze","250","candle","355","too.","285","",""
"NA","NA","82.03125","82.03125","3713.8203125","3713.8203125","#242424","xpyriment","legacy","legacy","0","uniform","1","undefined","NA","NA","0","undefined","undefined","1","left_button","undefined","0","0","0","0","0","0","0","0","0","0","0","NA","NA","0","0","1","NA","NA","NA","NA","NA","NA","0","NA","0","123","123","123","123","NA","1","337","8","0","0","867","0","0","0","0","0","0","0","123","0","NA","NA","123","123","123","123","123","3","123","123","124","0","0","0","NA","1","NA","0","0","3","0","0","123","123","123","0","0","0","0","0","0","0","0","0","NA","NA","0","0","NA","123","44","123","123","123","123","123","123","123","44","undefined","368","-49","Thu Oct  3 17:47:30 2024","765","The main experiment item","yes","active","Norway_Session_6.osexp","1","C:\Users\Tromso\Desktop\LESS\Session 6","no","no","mono","no","18","no","white","no","Click to confirm or to begin from default part if nothing selected","NA","yes","","active","differential object marking","2","grammatical","101","768","legacy","Mini-English","NA","List 1: grammatical, DOM violation, article location violation","123","123","C:/Users/Tromso/Desktop/LESS/Session 6/subject-9.csv","1.2.3","xpyriment","","NA","singular","Lentiform Loewenfeld","3.3.14","0","1","NA","space","NA","NA","NA","NA","NA","NA","NA","NA","NA","space","c","NA","space","NA","space","1","5734","NA","9282","NA","NA","NA","NA","NA","NA","NA","NA","NA","136591","90525","NA","10897","NA","110933","5734","NA","8789","NA","space","2","legacy","Lily spoiled fi ze letter but not fi ze table.","157","Session 6","NA","Experiment","2024-10-03 17:47","1024","2","48000","-16","Session6","Norway","9","odd","word4","43","NA","no","NA","109138","NA","26086","NA","16799","16795","5935","16795","NA","NA","NA","NA","NA","NA","NA","NA","NA","NA","NA","NA","NA","NA","NA","5934","1476262","1606092","1605078","1605629","NA","1248901","1609969","26086","NA","NA","1607198","NA","116646","NA","116649","NA","127550","238523","1602926","238513","NA","NA","1602948","1603619","1610222","1610222","1602926","16795","1600730","1600730","1615958","NA","NA","5935","NA","NA","NA","7993","NA","NA","NA","7994","1600716","1475752","1605584","5935","NA","5935","NA","NA","NA","16795","NA","5935","NA","NA","NA","8005","NA","1603890","1609519","1604432","1605078","1605584","1606335","1606945","1607524","1608191","1608864","Norway Session 6","105","475369","128","0","124","yes","167","","1024","NA","Lily","table.","355","285","spoiled","390","fi","250","ze","210","letter","355","but","250","not","250","fi","250","ze","250"
"NA","NA","82.17054263565892","82.17054263565892","3688.7751937984494","3688.7751937984494","#242424","xpyriment","legacy","legacy","0","uniform","1","undefined","NA","NA","0","undefined","undefined","1","left_button","undefined","0","0","0","0","0","0","0","0","0","0","0","NA","NA","0","0","1","NA","NA","NA","NA","NA","NA","0","NA","0","124","124","124","124","NA","1","339","8","0","0","874","0","0","0","0","0","0","0","124","0","NA","NA","124","124","124","124","124","3","124","124","125","0","0","0","NA","1","NA","0","0","3","0","0","124","124","124","0","0","0","0","0","0","0","0","0","NA","NA","0","0","NA","124","44","124","124","124","124","124","124","124","44","undefined","368","-49","Thu Oct  3 17:47:30 2024","731","The main experiment item","yes","active","Norway_Session_6.osexp","1","C:\Users\Tromso\Desktop\LESS\Session 6","no","no","mono","no","18","no","white","no","Click to confirm or to begin from default part if nothing selected","NA","yes","neuter","active","gender agreement","1","grammatical","101","768","legacy","Mini-English","NA","List 1: grammatical, gender violation, number violation","124","124","C:/Users/Tromso/Desktop/LESS/Session 6/subject-9.csv","1.2.3","xpyriment","237","NA","singular","Lentiform Loewenfeld","3.3.14","0","1","NA","space","NA","NA","NA","NA","NA","NA","NA","NA","NA","space","c","NA","space","NA","space","1","483","NA","9282","NA","NA","NA","NA","NA","NA","NA","NA","NA","136591","90525","NA","10897","NA","110933","483","NA","8789","NA","space","2","legacy","Ze candle is lightezu and ze leaf too.","120","Session 6","NA","Experiment","2024-10-03 17:47","1024","2","48000","-16","Session6","Norway","9","odd","word4","40","NA","no","NA","109138","NA","26086","NA","16799","16795","5935","16795","NA","NA","NA","NA","NA","NA","NA","NA","NA","NA","NA","NA","NA","NA","NA","5934","1476262","1621407","1620219","1620769","NA","1248901","1623741","26086","NA","NA","1622234","NA","116646","NA","116649","NA","127550","238523","1618140","238513","NA","NA","1618163","1618834","1623993","1623993","1618140","16795","1615980","1615980","1624478","NA","NA","5935","NA","NA","NA","7993","NA","NA","NA","7994","1615965","1475752","1620722","5935","NA","5935","NA","NA","NA","16795","NA","5935","NA","NA","NA","8005","NA","1619104","1609519","1619609","1620219","1620722","1621475","1621981","1622591","1623349","1608864","Norway Session 6","106","475852","129","0","125","yes","","copula_be","1024","NA","Ze","","","250","candle","355","is","250","lightezu","385","and","250","ze","250","leaf","285","too.","285","",""
"NA","NA","82.3076923076923","82.3076923076923","3661.4153846153845","3661.4153846153845","#242424","xpyriment","legacy","legacy","0","uniform","1","undefined","NA","NA","0","undefined","undefined","1","right_button","undefined","0","0","0","0","0","0","0","0","0","0","0","NA","NA","0","0","1","NA","NA","NA","NA","NA","NA","0","NA","0","125","125","125","125","NA","1","341","8","0","0","881","0","0","0","0","0","0","0","125","0","NA","NA","125","125","125","125","125","3","125","125","126","0","0","0","NA","1","NA","0","0","3","0","0","125","125","125","0","0","0","0","0","0","0","0","0","NA","NA","0","0","NA","125","44","125","125","125","125","125","125","125","44","undefined","368","-49","Thu Oct  3 17:47:30 2024","726","The main experiment item","yes","active","Norway_Session_6.osexp","1","C:\Users\Tromso\Desktop\LESS\Session 6","no","no","mono","no","18","no","white","no","Click to confirm or to begin from default part if nothing selected","NA","yes","","active","differential object marking","2","article location violation","103","768","legacy","Mini-English","NA","List 1: grammatical, DOM violation, article location violation","125","125","C:/Users/Tromso/Desktop/LESS/Session 6/subject-9.csv","1.2.3","xpyriment","","NA","singular","Lentiform Loewenfeld","3.3.14","0","3","NA","space","NA","NA","NA","NA","NA","NA","NA","NA","NA","space","c","NA","space","NA","space","3","132","NA","9282","NA","NA","NA","NA","NA","NA","NA","NA","NA","136591","90525","NA","10897","NA","110933","132","NA","8789","NA","space","2","legacy","Amelia cleaned fi zetable but not fi jewall.","172","Session 6","NA","Experiment","2024-10-03 17:47","1024","2","48000","-16","Session6","Norway","9","odd","word4","45","NA","no","NA","109138","NA","26086","NA","16799","16795","5935","16795","NA","NA","NA","NA","NA","NA","NA","NA","NA","NA","NA","NA","NA","NA","NA","5934","1476262","1630087","1628933","1629484","NA","1248901","1632563","26086","NA","NA","1630948","NA","116646","NA","116649","NA","127550","238523","1626716","238513","NA","NA","1626738","1627408","1632816","1632816","1626716","16795","1624496","1624496","1632949","NA","NA","5935","NA","NA","NA","7993","NA","NA","NA","7994","1624482","1475752","1629438","5935","NA","5935","NA","NA","NA","16795","NA","5935","NA","NA","NA","8005","NA","1627678","1609519","1628288","1628933","1629438","1630190","1630696","1631305","1632043","1608864","Norway Session 6","107","475984","130","0","126","yes","79","","1024","NA","Amelia","","","355","cleaned","390","fi","250","zetable","350","but","250","not","250","fi","250","jewall.","390","",""
"NA","NA","82.44274809160305","82.44274809160305","3634.4274809160306","3634.4274809160306","#242424","xpyriment","legacy","legacy","0","uniform","1","undefined","NA","NA","0","undefined","undefined","1","right_button","undefined","0","0","0","0","0","0","0","0","0","0","0","NA","NA","0","0","1","NA","NA","NA","NA","NA","NA","0","NA","0","126","126","126","126","NA","1","343","8","0","0","888","0","0","0","0","0","0","0","126","0","NA","NA","126","126","126","126","126","3","126","126","127","0","0","0","NA","1","NA","0","0","3","0","0","126","126","126","0","0","0","0","0","0","0","0","0","NA","NA","0","0","NA","126","44","126","126","126","126","126","126","126","44","undefined","368","-49","Thu Oct  3 17:47:30 2024","763","The main experiment item","yes","active","Norway_Session_6.osexp","1","C:\Users\Tromso\Desktop\LESS\Session 6","no","no","mono","no","18","no","white","no","Click to confirm or to begin from default part if nothing selected","NA","yes","","active","verb-object agreement","3","article location violation","103","768","legacy","Mini-English","NA","List 1: grammatical, VOA violation, article location violation","126","126","C:/Users/Tromso/Desktop/LESS/Session 6/subject-9.csv","1.2.3","xpyriment","","NA","plural","Lentiform Loewenfeld","3.3.14","0","3","NA","space","NA","NA","NA","NA","NA","NA","NA","NA","NA","space","c","NA","space","NA","space","3","126","NA","9282","NA","NA","NA","NA","NA","NA","NA","NA","NA","136591","90525","NA","10897","NA","110933","126","NA","8789","NA","space","2","legacy","Olivia fixedevo fi jerwall and fi jertruck too.","144","Session 6","NA","Experiment","2024-10-03 17:47","1024","2","48000","-16","Session6","Norway","9","odd","word4","42","NA","no","NA","109138","NA","26086","NA","16799","16795","5935","16795","NA","NA","NA","NA","NA","NA","NA","NA","NA","NA","NA","NA","NA","NA","NA","5934","1476262","1638585","1637430","1637982","NA","1248901","1641136","26086","NA","NA","1639447","NA","116646","NA","116649","NA","127550","238523","1635174","238513","NA","NA","1635196","1635867","1641390","1641390","1635174","16795","1632971","1632971","1641517","NA","NA","5935","NA","NA","NA","7993","NA","NA","NA","7994","1632957","1475752","1637936","5935","NA","5935","NA","NA","NA","16795","NA","5935","NA","NA","NA","8005","NA","1636139","1609519","1636747","1637430","1637936","1638688","1639195","1639836","1640742","1608864","Norway Session 6","108","476110","131","0","127","yes","153","","1024","NA","Olivia","","","355","fixedevo","425","fi","250","jerwall","350","and","250","fi","250","jertruck","425","too.","285","",""
"NA","NA","82.57575757575758","82.57575757575758","3608.242424242424","3608.242424242424","#242424","xpyriment","legacy","legacy","0","uniform","1","undefined","NA","NA","0","undefined","undefined","1","right_button","undefined","0","0","0","0","0","0","0","0","0","0","0","NA","NA","0","0","1","NA","NA","NA","NA","NA","NA","0","NA","0","127","127","127","127","NA","1","345","8","0","0","895","0","0","0","0","0","0","0","127","0","NA","NA","127","127","127","127","127","3","127","127","128","0","0","0","NA","1","NA","0","0","3","0","0","127","127","127","0","0","0","0","0","0","0","0","0","NA","NA","0","0","NA","127","44","127","127","127","127","127","127","127","44","undefined","368","-49","Thu Oct  3 17:47:30 2024","758","The main experiment item","yes","active","Norway_Session_6.osexp","1","C:\Users\Tromso\Desktop\LESS\Session 6","no","no","mono","no","18","no","white","no","Click to confirm or to begin from default part if nothing selected","NA","yes","common","active","gender agreement","1","number violation","103","768","legacy","Mini-English","NA","List 1: grammatical, gender violation, number violation","127","127","C:/Users/Tromso/Desktop/LESS/Session 6/subject-9.csv","1.2.3","xpyriment","1415","NA","singular","Lentiform Loewenfeld","3.3.14","0","3","NA","space","NA","NA","NA","NA","NA","NA","NA","NA","NA","space","c","NA","space","NA","space","3","178","NA","9282","NA","NA","NA","NA","NA","NA","NA","NA","NA","136591","90525","NA","10897","NA","110933","178","NA","8789","NA","space","2","legacy","Je box is dryejur and je drum too.","207","Session 6","NA","Experiment","2024-10-03 17:47","1024","2","48000","-16","Session6","Norway","9","odd","word4","48","NA","no","NA","109138","NA","26086","NA","16799","16795","5935","16795","NA","NA","NA","NA","NA","NA","NA","NA","NA","NA","NA","NA","NA","NA","NA","5934","1476262","1646907","1645752","1646304","NA","1248901","1649305","26086","NA","NA","1647769","NA","116646","NA","116649","NA","127550","238523","1643778","238513","NA","NA","1643801","1644471","1649562","1649561","1643778","16795","1641539","1641539","1649741","NA","NA","5935","NA","NA","NA","7993","NA","NA","NA","7994","1641526","1475752","1646257","5935","NA","5935","NA","NA","NA","16795","NA","5935","NA","NA","NA","8005","NA","1644741","1609519","1645246","1645752","1646257","1647010","1647516","1648149","1648908","1608864","Norway Session 6","109","476288","132","0","128","yes","","copula_be","1024","NA","Je","","","250","box","250","is","250","dryejur","350","and","250","je","250","drum","285","too.","285","",""
"NA","NA","82.70676691729324","82.70676691729324","3584.6466165413535","3584.6466165413535","#242424","xpyriment","legacy","legacy","0","uniform","1","undefined","NA","NA","0","undefined","undefined","1","left_button","undefined","0","0","0","0","0","0","0","0","0","0","0","NA","NA","0","0","1","NA","NA","NA","NA","NA","NA","0","NA","0","128","128","128","128","NA","1","347","8","0","0","902","0","0","0","0","0","0","0","128","0","NA","NA","128","128","128","128","128","3","128","128","129","0","0","0","NA","1","NA","0","0","3","0","0","128","128","128","0","0","0","0","0","0","0","0","0","NA","NA","0","0","NA","128","44","128","128","128","128","128","128","128","44","undefined","368","-49","Thu Oct  3 17:47:30 2024","751","The main experiment item","yes","active","Norway_Session_6.osexp","1","C:\Users\Tromso\Desktop\LESS\Session 6","no","no","mono","no","18","no","white","no","Click to confirm or to begin from default part if nothing selected","NA","yes","neuter","active","gender agreement","1","grammatical","101","768","legacy","Mini-English","NA","List 1: grammatical, gender violation, number violation","128","128","C:/Users/Tromso/Desktop/LESS/Session 6/subject-9.csv","1.2.3","xpyriment","2310","NA","plural","Lentiform Loewenfeld","3.3.14","0","1","NA","space","NA","NA","NA","NA","NA","NA","NA","NA","NA","space","c","NA","space","NA","space","1","470","NA","9282","NA","NA","NA","NA","NA","NA","NA","NA","NA","136591","90525","NA","10897","NA","110933","470","NA","8789","NA","space","2","legacy","Zer candle look pinkezur but zer tie not.","156","Session 6","NA","Experiment","2024-10-03 17:47","1024","2","48000","-16","Session6","Norway","9","odd","word4","43","NA","no","NA","109138","NA","26086","NA","16799","16795","5935","16795","NA","NA","NA","NA","NA","NA","NA","NA","NA","NA","NA","NA","NA","NA","NA","5934","1476262","1655300","1654075","1654662","NA","1248901","1657616","26086","NA","NA","1656125","NA","116646","NA","116649","NA","127550","238523","1651995","238513","NA","NA","1652020","1652691","1657870","1657868","1651995","16795","1649763","1649763","1658341","NA","NA","5935","NA","NA","NA","7993","NA","NA","NA","7994","1649749","1475752","1654615","5935","NA","5935","NA","NA","NA","16795","NA","5935","NA","NA","NA","8005","NA","1652960","1609519","1653464","1654075","1654615","1655368","1655873","1656488","1657221","1608864","Norway Session 6","110","476758","133","0","129","yes","","copula_look","1024","NA","Zer","","","250","candle","355","look","285","pinkezur","385","but","250","zer","250","tie","250","not.","285","",""
"NA","NA","82.83582089552239","82.83582089552239","3559.5597014925374","3559.5597014925374","#242424","xpyriment","legacy","legacy","0","uniform","1","undefined","NA","NA","0","undefined","undefined","1","right_button","undefined","0","0","0","0","0","0","0","0","0","0","0","NA","NA","0","0","1","NA","NA","NA","NA","NA","NA","0","NA","0","129","129","129","129","NA","1","349","8","0","0","909","0","0","0","0","0","0","0","129","0","NA","NA","129","129","129","129","129","3","129","129","130","0","0","0","NA","1","NA","0","0","3","0","0","129","129","129","0","0","0","0","0","0","0","0","0","NA","NA","0","0","NA","129","44","129","129","129","129","129","129","129","44","undefined","368","-49","Thu Oct  3 17:47:30 2024","758","The main experiment item","yes","active","Norway_Session_6.osexp","1","C:\Users\Tromso\Desktop\LESS\Session 6","no","no","mono","no","18","no","white","no","Click to confirm or to begin from default part if nothing selected","NA","yes","","active","differential object marking","2","article location violation","103","768","legacy","Mini-English","NA","List 1: grammatical, DOM violation, article location violation","129","129","C:/Users/Tromso/Desktop/LESS/Session 6/subject-9.csv","1.2.3","xpyriment","","NA","singular","Lentiform Loewenfeld","3.3.14","0","3","NA","space","NA","NA","NA","NA","NA","NA","NA","NA","NA","space","c","NA","space","NA","space","3","223","NA","9282","NA","NA","NA","NA","NA","NA","NA","NA","NA","136591","90525","NA","10897","NA","110933","223","NA","8789","NA","space","2","legacy","Jacob wetted fi zestrawberry but not fi zemug.","251","Session 6","NA","Experiment","2024-10-03 17:47","1024","2","48000","-16","Session6","Norway","9","odd","word4","51","NA","no","NA","109138","NA","26086","NA","16799","16795","5935","16795","NA","NA","NA","NA","NA","NA","NA","NA","NA","NA","NA","NA","NA","NA","NA","5934","1476262","1655300","1662787","1663341","NA","1248901","1666415","26086","NA","NA","1664881","NA","116646","NA","116649","NA","127550","238523","1660639","238513","NA","NA","1660661","1661331","1666669","1666668","1660639","16795","1658365","1658365","1666894","NA","NA","5935","NA","NA","NA","7993","NA","NA","NA","7994","1658348","1475752","1663292","5935","NA","5935","NA","NA","NA","16795","NA","5935","NA","NA","NA","8005","NA","1661601","1609519","1662177","1662787","1663292","1664122","1664628","1665251","1665968","1608864","Norway Session 6","111","476981","134","0","130","yes","1421","","1024","NA","Jacob","","","320","wetted","355","fi","250","zestrawberry","525","but","250","not","250","fi","250","zemug.","355","",""
"NA","NA","82.96296296296296","82.96296296296296","3539.4296296296297","3539.4296296296297","#242424","xpyriment","legacy","legacy","0","uniform","1","undefined","NA","NA","0","undefined","undefined","1","left_button","undefined","0","0","0","0","0","0","0","0","0","0","0","NA","NA","0","0","1","NA","NA","NA","NA","NA","NA","0","NA","0","130","130","130","130","NA","1","351","8","0","0","916","0","0","0","0","0","0","0","130","0","NA","NA","130","130","130","130","130","3","130","130","131","0","0","0","NA","1","NA","0","0","3","0","0","130","130","130","0","0","0","0","0","0","0","0","0","NA","NA","0","0","NA","130","44","130","130","130","130","130","130","130","44","undefined","368","-49","Thu Oct  3 17:47:30 2024","737","The main experiment item","yes","active","Norway_Session_6.osexp","1","C:\Users\Tromso\Desktop\LESS\Session 6","no","no","mono","no","18","no","white","no","Click to confirm or to begin from default part if nothing selected","NA","yes","neuter","active","gender agreement","1","grammatical","101","768","legacy","Mini-English","NA","List 1: grammatical, gender violation, number violation","130","130","C:/Users/Tromso/Desktop/LESS/Session 6/subject-9.csv","1.2.3","xpyriment","217","NA","singular","Lentiform Loewenfeld","3.3.14","0","1","NA","space","NA","NA","NA","NA","NA","NA","NA","NA","NA","space","c","NA","space","NA","space","1","842","NA","9282","NA","NA","NA","NA","NA","NA","NA","NA","NA","136591","90525","NA","10897","NA","110933","842","NA","8789","NA","space","2","legacy","Ze strawberry is lightezu and ze mirror too.","118","Session 6","NA","Experiment","2024-10-03 17:47","1024","2","48000","-16","Session6","Norway","9","odd","word4","40","NA","no","NA","109138","NA","26086","NA","16799","16795","5935","16795","NA","NA","NA","NA","NA","NA","NA","NA","NA","NA","NA","NA","NA","NA","NA","5934","1476262","1672561","1671373","1671922","NA","1248901","1674965","26086","NA","NA","1673386","NA","116646","NA","116649","NA","127550","238523","1669153","238513","NA","NA","1669176","1669846","1675218","1675218","1669153","16795","1666917","1666917","1676061","NA","NA","5935","NA","NA","NA","7993","NA","NA","NA","7994","1666902","1475752","1671877","5935","NA","5935","NA","NA","NA","16795","NA","5935","NA","NA","NA","8005","NA","1670116","1609519","1670622","1671373","1671877","1672628","1673133","1673745","1674571","1608864","Norway Session 6","112","477823","135","0","131","yes","","copula_be","1024","NA","Ze","","","250","strawberry","495","is","250","lightezu","385","and","250","ze","250","mirror","355","too.","285","",""
"NA","NA","82.3529411764706","82.3529411764706","3514.0367647058824","3514.0367647058824","#242424","xpyriment","legacy","legacy","0","uniform","0","undefined","NA","NA","0","undefined","undefined","0","right_button","undefined","0","0","0","0","0","0","0","0","0","0","0","NA","NA","0","0","1","NA","NA","NA","NA","NA","NA","0","NA","0","131","131","131","131","NA","1","353","8","0","0","923","0","0","0","0","0","0","0","131","0","NA","NA","131","131","131","131","131","3","131","131","132","0","0","0","NA","1","NA","0","0","3","0","0","131","131","131","0","0","0","0","0","0","0","0","0","NA","NA","0","0","NA","131","44","131","131","131","131","131","131","131","44","undefined","368","-48","Thu Oct  3 17:47:30 2024","750","The main experiment item","yes","active","Norway_Session_6.osexp","1","C:\Users\Tromso\Desktop\LESS\Session 6","no","no","mono","no","18","no","white","no","Click to confirm or to begin from default part if nothing selected","NA","yes","","active","differential object marking","2","DOM violation","102","768","legacy","Mini-English","NA","List 1: grammatical, DOM violation, article location violation","131","131","C:/Users/Tromso/Desktop/LESS/Session 6/subject-9.csv","1.2.3","xpyriment","","NA","singular","Lentiform Loewenfeld","3.3.14","0","1","NA","space","NA","NA","NA","NA","NA","NA","NA","NA","NA","space","c","NA","space","NA","space","1","86","NA","9282","NA","NA","NA","NA","NA","NA","NA","NA","NA","136591","90525","NA","10897","NA","110933","86","NA","8789","NA","space","2","legacy","Emily forgot je key but not ze strawberry.","123","Session 6","NA","Experiment","2024-10-03 17:47","1024","2","48000","-16","Session6","Norway","9","odd","word3","41","NA","no","NA","109138","NA","26086","NA","16799","16795","5935","16795","NA","NA","NA","NA","NA","NA","NA","NA","NA","NA","NA","NA","NA","NA","NA","5934","1680862","1672561","1680398","1681105","NA","1248901","1684121","26086","NA","NA","1682369","NA","116646","NA","116649","NA","127550","238523","1678203","238513","NA","NA","1678225","1678896","1684374","1684374","1678203","16795","1676085","1676086","1684462","NA","NA","5935","NA","NA","NA","7993","NA","NA","NA","7994","1676068","1680351","1671877","5935","NA","5935","NA","NA","NA","16795","NA","5935","NA","NA","NA","8005","NA","1679165","1609519","1679740","1680351","1681105","1681612","1682116","1682747","1683472","1608864","Norway Session 6","112","477909","136","0","132","yes","62","","1024","NA","Emily","","","320","forgot","355","je","210","key","250","but","250","not","250","ze","250","strawberry.","530","",""
"NA","NA","82.48175182481752","82.48175182481752","3489.6204379562046","3489.6204379562046","#242424","xpyriment","legacy","legacy","0","uniform","1","undefined","NA","NA","0","undefined","undefined","1","right_button","undefined","0","0","0","0","0","0","0","0","0","0","0","NA","NA","0","0","1","NA","NA","NA","NA","NA","NA","0","NA","0","132","132","132","132","NA","1","355","8","0","0","930","0","0","0","0","0","0","0","132","0","NA","NA","132","132","132","132","132","3","132","132","133","0","0","0","NA","1","NA","0","0","3","0","0","132","132","132","0","0","0","0","0","0","0","0","0","NA","NA","0","0","NA","132","44","132","132","132","132","132","132","132","44","undefined","368","-48","Thu Oct  3 17:47:30 2024","730","The main experiment item","yes","active","Norway_Session_6.osexp","1","C:\Users\Tromso\Desktop\LESS\Session 6","no","no","mono","no","18","no","white","no","Click to confirm or to begin from default part if nothing selected","NA","yes","common","active","gender agreement","1","gender violation","102","768","legacy","Mini-English","NA","List 1: grammatical, gender violation, number violation","132","132","C:/Users/Tromso/Desktop/LESS/Session 6/subject-9.csv","1.2.3","xpyriment","1317","NA","singular","Lentiform Loewenfeld","3.3.14","0","3","NA","space","NA","NA","NA","NA","NA","NA","NA","NA","NA","space","c","NA","space","NA","space","3","169","NA","9282","NA","NA","NA","NA","NA","NA","NA","NA","NA","136591","90525","NA","10897","NA","110933","169","NA","8789","NA","space","2","legacy","Je drum is yellowezu and je dress too.","230","Session 6","NA","Experiment","2024-10-03 17:47","1024","2","48000","-16","Session6","Norway","9","odd","word4","50","NA","no","NA","109138","NA","26086","NA","16799","16795","5935","16795","NA","NA","NA","NA","NA","NA","NA","NA","NA","NA","NA","NA","NA","NA","NA","5934","1680862","1689805","1688581","1689132","NA","1248901","1692118","26086","NA","NA","1690594","NA","116646","NA","116649","NA","127550","238523","1686572","238513","NA","NA","1686595","1687265","1692371","1692370","1686573","16795","1684482","1684482","1692541","NA","NA","5935","NA","NA","NA","7993","NA","NA","NA","7994","1684469","1680351","1689086","5935","NA","5935","NA","NA","NA","16795","NA","5935","NA","NA","NA","8005","NA","1687534","1609519","1688040","1688581","1689086","1689838","1690343","1690951","1691742","1608864","Norway Session 6","113","478078","137","0","133","yes","","copula_be","1024","NA","Je","","","250","drum","285","is","250","yellowezu","420","and","250","je","250","dress","320","too.","285","",""
"NA","NA","82.6086956521739","82.6086956521739","3503.710144927536","3503.710144927536","#242424","xpyriment","legacy","legacy","0","uniform","1","undefined","NA","NA","0","undefined","undefined","1","right_button","undefined","0","0","0","0","0","0","0","0","0","0","0","NA","NA","0","0","1","NA","NA","NA","NA","NA","NA","0","NA","0","133","133","133","133","NA","1","357","8","0","0","937","0","0","0","0","0","0","0","133","0","NA","NA","133","133","133","133","133","3","133","133","134","0","0","0","NA","1","NA","0","0","3","0","0","133","133","133","0","0","0","0","0","0","0","0","0","NA","NA","0","0","NA","133","44","133","133","133","133","133","133","133","44","undefined","367","-43","Thu Oct  3 17:47:30 2024","764","The main experiment item","yes","active","Norway_Session_6.osexp","1","C:\Users\Tromso\Desktop\LESS\Session 6","no","no","mono","no","18","no","white","no","Click to confirm or to begin from default part if nothing selected","NA","yes","neuter","active","gender agreement","1","number violation","103","768","legacy","Mini-English","NA","List 1: grammatical, gender violation, number violation","133","133","C:/Users/Tromso/Desktop/LESS/Session 6/subject-9.csv","1.2.3","xpyriment","2318","NA","plural","Lentiform Loewenfeld","3.3.14","0","3","NA","space","NA","NA","NA","NA","NA","NA","NA","NA","NA","space","c","NA","space","NA","space","3","5434","NA","9282","NA","NA","NA","NA","NA","NA","NA","NA","NA","136591","90525","NA","10897","NA","110933","5434","NA","8789","NA","space","2","legacy","Zer candle look purplezu but zer tie not.","252","Session 6","NA","Experiment","2024-10-03 17:47","1024","2","48000","-16","Session6","Norway","9","odd","word4","51","NA","no","NA","109138","NA","26086","NA","16799","16795","5935","16795","NA","NA","NA","NA","NA","NA","NA","NA","NA","NA","NA","NA","NA","NA","NA","5934","1680862","1697988","1696763","1697350","NA","1248901","1700262","26086","NA","NA","1698813","NA","116646","NA","116649","NA","127550","238523","1694683","238513","NA","NA","1694706","1695376","1700514","1700514","1694684","16795","1692564","1692564","1705950","NA","NA","5935","NA","NA","NA","7993","NA","NA","NA","7994","1692549","1680351","1697304","5935","NA","5935","NA","NA","NA","16795","NA","5935","NA","NA","NA","8005","NA","1695645","1609519","1696151","1696763","1697304","1698055","1698561","1699161","1699871","1608864","Norway Session 6","114","483512","138","0","134","yes","","copula_look","1024","NA","Zer","","","250","candle","355","look","285","purplezu","385","but","250","zer","250","tie","250","not.","285","",""
"NA","NA","82.73381294964028","82.73381294964028","3481.6762589928057","3481.6762589928057","#242424","xpyriment","legacy","legacy","0","uniform","1","undefined","NA","NA","0","undefined","undefined","1","right_button","undefined","0","0","0","0","0","0","0","0","0","0","0","NA","NA","0","0","1","NA","NA","NA","NA","NA","NA","0","NA","0","134","134","134","134","NA","1","361","8","0","0","944","0","0","0","0","0","0","0","134","0","NA","NA","134","134","134","134","134","3","134","134","135","0","0","0","NA","1","NA","0","0","3","0","0","134","134","134","0","0","0","0","0","0","0","0","0","NA","NA","0","0","NA","134","45","134","134","134","134","134","134","134","45","undefined","365","-38","Thu Oct  3 17:47:30 2024","760","The main experiment item","yes","active","Norway_Session_6.osexp","1","C:\Users\Tromso\Desktop\LESS\Session 6","no","no","mono","no","18","no","white","no","Click to confirm or to begin from default part if nothing selected","NA","yes","","active","verb-object agreement","3","VOA violation","102","768","legacy","Mini-English","NA","List 1: grammatical, VOA violation, article location violation","134","134","C:/Users/Tromso/Desktop/LESS/Session 6/subject-9.csv","1.2.3","xpyriment","","NA","singular","Lentiform Loewenfeld","3.3.14","0","3","NA","space","NA","NA","NA","NA","NA","NA","NA","NA","NA","space","c","NA","space","NA","space","3","441","NA","9282","NA","NA","NA","NA","NA","NA","NA","NA","NA","136591","90525","NA","10897","NA","110933","441","NA","8789","NA","space","2","legacy","Charlie dirtiedevo fi ze mug but not fi je backpack.","197","Session 6","NA","Experiment","2024-10-03 17:47","1024","2","48000","-16","Session6","Norway","9","odd","word4","47","NA","no","NA","109138","NA","26086","NA","16799","16795","5935","16795","NA","NA","NA","NA","NA","NA","NA","NA","NA","NA","NA","NA","NA","NA","NA","5934","1680862","1711509","1710493","1711045","NA","1248901","1715622","26086","NA","NA","1712512","NA","116646","NA","116649","NA","127550","238523","1708135","238513","NA","NA","1708157","1708828","1715875","1715875","1708135","16795","1705970","1705971","1716318","NA","NA","5935","NA","NA","NA","7993","NA","NA","NA","7994","1705957","1680351","1710999","5935","NA","5935","NA","NA","NA","16795","NA","5935","NA","NA","NA","8005","NA","1709098","1715045","1709743","1710493","1710999","1711753","1712260","1712875","1713609","1714339","Norway Session 6","115","483953","139","0","135","yes","88","","1024","NA","Charlie","backpack.","460","390","dirtiedevo","495","fi","250","ze","210","mug","250","but","250","not","250","fi","250","je","250"
"NA","NA","82.85714285714286","82.85714285714286","3465.114285714286","3465.114285714286","#242424","xpyriment","legacy","legacy","0","uniform","1","undefined","NA","NA","0","undefined","undefined","1","right_button","undefined","0","0","0","0","0","0","0","0","0","0","0","NA","NA","0","0","1","NA","NA","NA","NA","NA","NA","0","NA","0","135","135","135","135","NA","1","363","8","0","0","951","0","0","0","0","0","0","0","135","0","NA","NA","135","135","135","135","135","3","135","135","136","0","0","0","NA","1","NA","0","0","3","0","0","135","135","135","0","0","0","0","0","0","0","0","0","NA","NA","0","0","NA","135","45","135","135","135","135","135","135","135","45","undefined","363","-33","Thu Oct  3 17:47:30 2024","737","The main experiment item","yes","active","Norway_Session_6.osexp","1","C:\Users\Tromso\Desktop\LESS\Session 6","no","no","mono","no","18","no","white","no","Click to confirm or to begin from default part if nothing selected","NA","yes","","active","differential object marking","2","article location violation","103","768","legacy","Mini-English","NA","List 1: grammatical, DOM violation, article location violation","135","135","C:/Users/Tromso/Desktop/LESS/Session 6/subject-9.csv","1.2.3","xpyriment","","NA","singular","Lentiform Loewenfeld","3.3.14","0","3","NA","space","NA","NA","NA","NA","NA","NA","NA","NA","NA","space","c","NA","space","NA","space","3","1163","NA","9282","NA","NA","NA","NA","NA","NA","NA","NA","NA","136591","90525","NA","10897","NA","110933","1163","NA","8789","NA","space","2","legacy","Ava dirtied fi zestrawberry but not fi zetray.","245","Session 6","NA","Experiment","2024-10-03 17:47","1024","2","48000","-16","Session6","Norway","9","odd","word4","51","NA","no","NA","109138","NA","26086","NA","16799","16795","5935","16795","NA","NA","NA","NA","NA","NA","NA","NA","NA","NA","NA","NA","NA","NA","NA","5934","1680862","1711509","1720648","1721200","NA","1248901","1724339","26086","NA","NA","1722737","NA","116646","NA","116649","NA","127550","238523","1718532","238513","NA","NA","1718554","1719224","1724593","1724592","1718532","16795","1716336","1716336","1725758","NA","NA","5935","NA","NA","NA","7993","NA","NA","NA","7994","1716323","1680351","1721154","5935","NA","5935","NA","NA","NA","16795","NA","5935","NA","NA","NA","8005","NA","1719496","1715045","1720002","1720648","1721154","1721980","1722485","1723101","1723833","1714339","Norway Session 6","116","485116","140","0","136","yes","821","","1024","NA","Ava","","","250","dirtied","390","fi","250","zestrawberry","525","but","250","not","250","fi","250","zetray.","390","",""
"NA","NA","82.97872340425532","82.97872340425532","3442.198581560284","3442.198581560284","#242424","xpyriment","legacy","legacy","0","uniform","1","undefined","NA","NA","0","undefined","undefined","1","right_button","undefined","0","0","0","0","0","0","0","0","0","0","0","NA","NA","0","0","1","NA","NA","NA","NA","NA","NA","0","NA","0","136","136","136","136","NA","1","365","8","0","0","958","0","0","0","0","0","0","0","136","0","NA","NA","136","136","136","136","136","3","136","136","137","0","0","0","NA","1","NA","0","0","3","0","0","136","136","136","0","0","0","0","0","0","0","0","0","NA","NA","0","0","NA","136","45","136","136","136","136","136","136","136","45","undefined","362","-31","Thu Oct  3 17:47:30 2024","761","The main experiment item","yes","active","Norway_Session_6.osexp","1","C:\Users\Tromso\Desktop\LESS\Session 6","no","no","mono","no","18","no","white","no","Click to confirm or to begin from default part if nothing selected","NA","yes","common","active","gender agreement","1","number violation","103","768","legacy","Mini-English","NA","List 1: grammatical, gender violation, number violation","136","136","C:/Users/Tromso/Desktop/LESS/Session 6/subject-9.csv","1.2.3","xpyriment","1815","NA","singular","Lentiform Loewenfeld","3.3.14","0","3","NA","space","NA","NA","NA","NA","NA","NA","NA","NA","NA","space","c","NA","space","NA","space","3","234","NA","9282","NA","NA","NA","NA","NA","NA","NA","NA","NA","136591","90525","NA","10897","NA","110933","234","NA","8789","NA","space","2","legacy","Je dress is dryejur and je saucepan too.","211","Session 6","NA","Experiment","2024-10-03 17:47","1024","2","48000","-16","Session6","Norway","9","odd","word4","48","NA","no","NA","109138","NA","26086","NA","16799","16795","5935","16795","NA","NA","NA","NA","NA","NA","NA","NA","NA","NA","NA","NA","NA","NA","NA","5934","1680862","1731065","1729912","1730462","NA","1248901","1733582","26086","NA","NA","1731926","NA","116646","NA","116649","NA","127550","238523","1727870","238513","NA","NA","1727892","1728562","1733835","1733835","1727871","16795","1725777","1725777","1734070","NA","NA","5935","NA","NA","NA","7993","NA","NA","NA","7994","1725763","1680351","1730418","5935","NA","5935","NA","NA","NA","16795","NA","5935","NA","NA","NA","8005","NA","1728831","1715045","1729336","1729912","1730417","1731169","1731673","1732293","1733185","1714339","Norway Session 6","117","485350","141","0","137","yes","","copula_be","1024","NA","Je","","","250","dress","320","is","250","dryejur","350","and","250","je","250","saucepan","425","too.","285","",""
"NA","NA","83.09859154929578","83.09859154929578","3419.5845070422533","3419.5845070422533","#242424","xpyriment","legacy","legacy","0","uniform","1","undefined","NA","NA","0","undefined","undefined","1","left_button","undefined","0","0","0","0","0","0","0","0","0","0","0","NA","NA","0","0","1","NA","NA","NA","NA","NA","NA","0","NA","0","137","137","137","137","NA","1","369","8","0","0","965","0","0","0","0","0","0","0","137","0","NA","NA","137","137","137","137","137","3","137","137","138","0","0","0","NA","1","NA","0","0","3","0","0","137","137","137","0","0","0","0","0","0","0","0","0","NA","NA","0","0","NA","137","46","137","137","137","137","137","137","137","46","undefined","360","-27","Thu Oct  3 17:47:30 2024","765","The main experiment item","yes","active","Norway_Session_6.osexp","1","C:\Users\Tromso\Desktop\LESS\Session 6","no","no","mono","no","18","no","white","no","Click to confirm or to begin from default part if nothing selected","NA","yes","","active","differential object marking","2","grammatical","101","768","legacy","Mini-English","NA","List 1: grammatical, DOM violation, article location violation","137","137","C:/Users/Tromso/Desktop/LESS/Session 6/subject-9.csv","1.2.3","xpyriment","","NA","singular","Lentiform Loewenfeld","3.3.14","0","1","NA","space","NA","NA","NA","NA","NA","NA","NA","NA","NA","space","c","NA","space","NA","space","1","231","NA","9282","NA","NA","NA","NA","NA","NA","NA","NA","NA","136591","90525","NA","10897","NA","110933","231","NA","8789","NA","space","2","legacy","Amelia ordered fi je drum and fi ze strawberry too.","187","Session 6","NA","Experiment","2024-10-03 17:47","1024","2","48000","-16","Session6","Norway","9","odd","word4","46","NA","no","NA","109138","NA","26086","NA","16799","16795","5935","16795","NA","NA","NA","NA","NA","NA","NA","NA","NA","NA","NA","NA","NA","NA","NA","5934","1680862","1739504","1738489","1739040","NA","1248901","1743712","26086","NA","NA","1740539","NA","116646","NA","116649","NA","127550","238523","1736268","238513","NA","NA","1736290","1736960","1743965","1743965","1736268","16795","1734092","1734092","1744198","NA","NA","5935","NA","NA","NA","7993","NA","NA","NA","7994","1734078","1680351","1738994","5935","NA","5935","NA","NA","NA","16795","NA","5935","NA","NA","NA","8005","NA","1737230","1743317","1737843","1738489","1738994","1739747","1740287","1740897","1741619","1742344","Norway Session 6","118","485581","142","0","138","yes","1013","","1024","NA","Amelia","too.","285","355","ordered","390","fi","250","je","210","drum","285","and","250","fi","250","ze","250","strawberry","495"
"NA","NA","83.21678321678321","83.21678321678321","3396.6433566433566","3396.6433566433566","#242424","xpyriment","legacy","legacy","0","uniform","1","undefined","NA","NA","0","undefined","undefined","1","right_button","undefined","0","0","0","0","0","0","0","0","0","0","0","NA","NA","0","0","1","NA","NA","NA","NA","NA","NA","0","NA","0","138","138","138","138","NA","1","371","8","0","0","972","0","0","0","0","0","0","0","138","0","NA","NA","138","138","138","138","138","3","138","138","139","0","0","0","NA","1","NA","0","0","3","0","0","138","138","138","0","0","0","0","0","0","0","0","0","NA","NA","0","0","NA","138","46","138","138","138","138","138","138","138","46","undefined","359","-24","Thu Oct  3 17:47:30 2024","730","The main experiment item","yes","active","Norway_Session_6.osexp","1","C:\Users\Tromso\Desktop\LESS\Session 6","no","no","mono","no","18","no","white","no","Click to confirm or to begin from default part if nothing selected","NA","yes","common","active","gender agreement","1","number violation","103","768","legacy","Mini-English","NA","List 1: grammatical, gender violation, number violation","138","138","C:/Users/Tromso/Desktop/LESS/Session 6/subject-9.csv","1.2.3","xpyriment","139","NA","singular","Lentiform Loewenfeld","3.3.14","0","3","NA","space","NA","NA","NA","NA","NA","NA","NA","NA","NA","space","c","NA","space","NA","space","3","139","NA","9282","NA","NA","NA","NA","NA","NA","NA","NA","NA","136591","90525","NA","10897","NA","110933","139","NA","8789","NA","space","2","legacy","Je drum is blackejur and je fork too.","134","Session 6","NA","Experiment","2024-10-03 17:47","1024","2","48000","-16","Session6","Norway","9","odd","word4","42","NA","no","NA","109138","NA","26086","NA","16799","16795","5935","16795","NA","NA","NA","NA","NA","NA","NA","NA","NA","NA","NA","NA","NA","NA","NA","5934","1680862","1749633","1748408","1748959","NA","1248901","1751924","26086","NA","NA","1750423","NA","116646","NA","116649","NA","127550","238523","1746402","238513","NA","NA","1746424","1747094","1752177","1752177","1746402","16795","1744219","1744219","1752318","NA","NA","5935","NA","NA","NA","7993","NA","NA","NA","7994","1744205","1680351","1748913","5935","NA","5935","NA","NA","NA","16795","NA","5935","NA","NA","NA","8005","NA","1747363","1743317","1747868","1748408","1748913","1749665","1750171","1750784","1751530","1742344","Norway Session 6","119","485720","143","0","139","yes","","copula_be","1024","NA","Je","","","250","drum","285","is","250","blackejur","420","and","250","je","250","fork","285","too.","285","",""
"NA","NA","83.33333333333333","83.33333333333333","3374.347222222222","3374.347222222222","#242424","xpyriment","legacy","legacy","0","uniform","1","undefined","NA","NA","0","undefined","undefined","1","right_button","undefined","0","0","0","0","0","0","0","0","0","0","0","NA","NA","0","0","1","NA","NA","NA","NA","NA","NA","0","NA","0","139","139","139","139","NA","1","375","8","0","0","979","0","0","0","0","0","0","0","139","0","NA","NA","139","139","139","139","139","3","139","139","140","0","0","0","NA","1","NA","0","0","3","0","0","139","139","139","0","0","0","0","0","0","0","0","0","NA","NA","0","0","NA","139","47","139","139","139","139","139","139","139","47","undefined","357","-20","Thu Oct  3 17:47:30 2024","754","The main experiment item","yes","active","Norway_Session_6.osexp","1","C:\Users\Tromso\Desktop\LESS\Session 6","no","no","mono","no","18","no","white","no","Click to confirm or to begin from default part if nothing selected","NA","yes","","active","verb-object agreement","3","VOA violation","102","768","legacy","Mini-English","NA","List 1: grammatical, VOA violation, article location violation","139","139","C:/Users/Tromso/Desktop/LESS/Session 6/subject-9.csv","1.2.3","xpyriment","","NA","singular","Lentiform Loewenfeld","3.3.14","0","3","NA","space","NA","NA","NA","NA","NA","NA","NA","NA","NA","space","c","NA","space","NA","space","3","186","NA","9282","NA","NA","NA","NA","NA","NA","NA","NA","NA","136591","90525","NA","10897","NA","110933","186","NA","8789","NA","space","2","legacy","Emily forgotevo fi je key but not fi ze pool.","123","Session 6","NA","Experiment","2024-10-03 17:47","1024","2","48000","-16","Session6","Norway","9","odd","word4","41","NA","no","NA","109138","NA","26086","NA","16799","16795","5935","16795","NA","NA","NA","NA","NA","NA","NA","NA","NA","NA","NA","NA","NA","NA","NA","5934","1680862","1757778","1756765","1757316","NA","1248901","1761717","26086","NA","NA","1758779","NA","116646","NA","116649","NA","127550","238523","1754516","238513","NA","NA","1754537","1755208","1761970","1761970","1754516","16795","1752339","1752339","1762158","NA","NA","5935","NA","NA","NA","7993","NA","NA","NA","7994","1752324","1680351","1757270","5935","NA","5935","NA","NA","NA","16795","NA","5935","NA","NA","NA","8005","NA","1755475","1761281","1756050","1756765","1757270","1758021","1758526","1759141","1759857","1760559","Norway Session 6","120","485906","144","0","140","yes","62","","1024","NA","Emily","pool.","320","320","forgotevo","460","fi","250","je","210","key","250","but","250","not","250","fi","250","ze","250"
"NA","NA","83.44827586206897","83.44827586206897","3353.3172413793104","3353.3172413793104","#242424","xpyriment","legacy","legacy","0","uniform","1","undefined","NA","NA","0","undefined","undefined","1","right_button","undefined","0","0","0","0","0","0","0","0","0","0","0","NA","NA","0","0","1","NA","NA","NA","NA","NA","NA","0","NA","0","140","140","140","140","NA","1","377","8","0","0","986","0","0","0","0","0","0","0","140","0","NA","NA","140","140","140","140","140","3","140","140","141","0","0","0","NA","1","NA","0","0","3","0","0","140","140","140","0","0","0","0","0","0","0","0","0","NA","NA","0","0","NA","140","47","140","140","140","140","140","140","140","47","undefined","356","-18","Thu Oct  3 17:47:30 2024","760","The main experiment item","yes","active","Norway_Session_6.osexp","1","C:\Users\Tromso\Desktop\LESS\Session 6","no","no","mono","no","18","no","white","no","Click to confirm or to begin from default part if nothing selected","NA","yes","","active","differential object marking","2","article location violation","103","768","legacy","Mini-English","NA","List 1: grammatical, DOM violation, article location violation","140","140","C:/Users/Tromso/Desktop/LESS/Session 6/subject-9.csv","1.2.3","xpyriment","","NA","singular","Lentiform Loewenfeld","3.3.14","0","3","NA","space","NA","NA","NA","NA","NA","NA","NA","NA","NA","space","c","NA","space","NA","space","3","325","NA","9282","NA","NA","NA","NA","NA","NA","NA","NA","NA","136591","90525","NA","10897","NA","110933","325","NA","8789","NA","space","2","legacy","Jacob dried fi zestrawberry but not fi jebox.","250","Session 6","NA","Experiment","2024-10-03 17:47","1024","2","48000","-16","Session6","Norway","9","odd","word4","51","NA","no","NA","109138","NA","26086","NA","16799","16795","5935","16795","NA","NA","NA","NA","NA","NA","NA","NA","NA","NA","NA","NA","NA","NA","NA","5934","1680862","1757778","1766527","1767077","NA","1248901","1770179","26086","NA","NA","1768616","NA","116646","NA","116649","NA","127550","238523","1764416","238513","NA","NA","1764438","1765109","1770432","1770432","1764417","16795","1762179","1762179","1770758","NA","NA","5935","NA","NA","NA","7993","NA","NA","NA","7994","1762165","1680351","1767032","5935","NA","5935","NA","NA","NA","16795","NA","5935","NA","NA","NA","8005","NA","1765378","1761281","1765952","1766527","1767031","1767858","1768364","1768981","1769711","1760559","Norway Session 6","121","486231","145","0","141","yes","1321","","1024","NA","Jacob","","","320","dried","320","fi","250","zestrawberry","525","but","250","not","250","fi","250","jebox.","355","",""
"NA","NA","83.56164383561644","83.56164383561644","3331.2671232876714","3331.2671232876714","#242424","xpyriment","legacy","legacy","0","uniform","1","undefined","NA","NA","0","undefined","undefined","1","right_button","undefined","0","0","0","0","0","0","0","0","0","0","0","NA","NA","0","0","1","NA","NA","NA","NA","NA","NA","0","NA","0","141","141","141","141","NA","1","379","8","0","0","993","0","0","0","0","0","0","0","141","0","NA","NA","141","141","141","141","141","3","141","141","142","0","0","0","NA","1","NA","0","0","3","0","0","141","141","141","0","0","0","0","0","0","0","0","0","NA","NA","0","0","NA","141","47","141","141","141","141","141","141","141","47","undefined","353","-13","Thu Oct  3 17:47:30 2024","746","The main experiment item","yes","active","Norway_Session_6.osexp","1","C:\Users\Tromso\Desktop\LESS\Session 6","no","no","mono","no","18","no","white","no","Click to confirm or to begin from default part if nothing selected","NA","yes","common","active","gender agreement","1","gender violation","102","768","legacy","Mini-English","NA","List 1: grammatical, gender violation, number violation","141","141","C:/Users/Tromso/Desktop/LESS/Session 6/subject-9.csv","1.2.3","xpyriment","188","NA","plural","Lentiform Loewenfeld","3.3.14","0","3","NA","space","NA","NA","NA","NA","NA","NA","NA","NA","NA","space","c","NA","space","NA","space","3","134","NA","9282","NA","NA","NA","NA","NA","NA","NA","NA","NA","136591","90525","NA","10897","NA","110933","134","NA","8789","NA","space","2","legacy","Jer dress look darkezur but jer fork not.","127","Session 6","NA","Experiment","2024-10-03 17:47","1024","2","48000","-16","Session6","Norway","9","odd","word4","41","NA","no","NA","109138","NA","26086","NA","16799","16795","5935","16795","NA","NA","NA","NA","NA","NA","NA","NA","NA","NA","NA","NA","NA","NA","NA","5934","1680862","1776230","1775005","1775592","NA","1248901","1778545","26086","NA","NA","1777054","NA","116646","NA","116649","NA","127550","238523","1772963","238513","NA","NA","1772985","1773655","1778798","1778798","1772963","16795","1770778","1770778","1778934","NA","NA","5935","NA","NA","NA","7993","NA","NA","NA","7994","1770762","1680351","1775547","5935","NA","5935","NA","NA","NA","16795","NA","5935","NA","NA","NA","8005","NA","1773924","1761281","1774429","1775005","1775547","1776297","1776802","1777413","1778154","1760559","Norway Session 6","122","486365","146","0","142","yes","","copula_look","1024","NA","Jer","","","250","dress","320","look","285","darkezur","385","but","250","jer","250","fork","285","not.","285","",""
"NA","NA","82.99319727891157","82.99319727891157","3309.299319727891","3309.299319727891","#242424","xpyriment","legacy","legacy","0","uniform","0","undefined","NA","NA","0","undefined","undefined","0","right_button","undefined","0","0","0","0","0","0","0","0","0","0","0","NA","NA","0","0","1","NA","NA","NA","NA","NA","NA","0","NA","0","142","142","142","142","NA","1","381","8","0","0","1000","0","0","0","0","0","0","0","142","0","NA","NA","142","142","142","142","142","3","142","142","143","0","0","0","NA","1","NA","0","0","3","0","0","142","142","142","0","0","0","0","0","0","0","0","0","NA","NA","0","0","NA","142","47","142","142","142","142","142","142","142","47","undefined","352","-8","Thu Oct  3 17:47:30 2024","756","The main experiment item","yes","active","Norway_Session_6.osexp","1","C:\Users\Tromso\Desktop\LESS\Session 6","no","no","mono","no","18","no","white","no","Click to confirm or to begin from default part if nothing selected","NA","yes","","active","differential object marking","2","DOM violation","102","768","legacy","Mini-English","NA","List 1: grammatical, DOM violation, article location violation","142","142","C:/Users/Tromso/Desktop/LESS/Session 6/subject-9.csv","1.2.3","xpyriment","","NA","singular","Lentiform Loewenfeld","3.3.14","0","1","NA","space","NA","NA","NA","NA","NA","NA","NA","NA","NA","space","c","NA","space","NA","space","1","102","NA","9282","NA","NA","NA","NA","NA","NA","NA","NA","NA","136591","90525","NA","10897","NA","110933","102","NA","8789","NA","space","2","legacy","Emily chose je box but not ze table.","200","Session 6","NA","Experiment","2024-10-03 17:47","1024","2","48000","-16","Session6","Norway","9","odd","word3","47","NA","no","NA","109138","NA","26086","NA","16799","16795","5935","16795","NA","NA","NA","NA","NA","NA","NA","NA","NA","NA","NA","NA","NA","NA","NA","5934","1783838","1776230","1783374","1784081","NA","1248901","1786896","26086","NA","NA","1785346","NA","116646","NA","116649","NA","127550","238523","1781218","238513","NA","NA","1781240","1781910","1787150","1787149","1781218","16795","1778955","1778955","1787255","NA","NA","5935","NA","NA","NA","7993","NA","NA","NA","7994","1778941","1783329","1775547","5935","NA","5935","NA","NA","NA","16795","NA","5935","NA","NA","NA","8005","NA","1782177","1761281","1782753","1783329","1784081","1784586","1785093","1785714","1786444","1760559","Norway Session 6","122","486467","147","0","143","yes","1114","","1024","NA","Emily","","","320","chose","320","je","210","box","250","but","250","not","250","ze","250","table.","355","",""
"NA","NA","82.43243243243244","82.43243243243244","3289.087837837838","3289.087837837838","#242424","xpyriment","legacy","legacy","0","uniform","0","undefined","NA","NA","0","undefined","undefined","0","right_button","undefined","0","0","0","0","0","0","0","0","0","0","0","NA","NA","0","0","1","NA","NA","NA","NA","NA","NA","0","NA","0","143","143","143","143","NA","1","385","8","0","0","1007","0","0","0","0","0","0","0","143","0","NA","NA","143","143","143","143","143","3","143","143","144","0","0","0","NA","1","NA","0","0","3","0","0","143","143","143","0","0","0","0","0","0","0","0","0","NA","NA","0","0","NA","143","48","143","143","143","143","143","143","143","48","undefined","350","-3","Thu Oct  3 17:47:30 2024","736","The main experiment item","yes","active","Norway_Session_6.osexp","1","C:\Users\Tromso\Desktop\LESS\Session 6","no","no","mono","no","18","no","white","no","Click to confirm or to begin from default part if nothing selected","NA","yes","","active","verb-object agreement","3","VOA violation","102","768","legacy","Mini-English","NA","List 1: grammatical, VOA violation, article location violation","143","143","C:/Users/Tromso/Desktop/LESS/Session 6/subject-9.csv","1.2.3","xpyriment","","NA","plural","Lentiform Loewenfeld","3.3.14","0","1","NA","space","NA","NA","NA","NA","NA","NA","NA","NA","NA","space","c","NA","space","NA","space","1","318","NA","9282","NA","NA","NA","NA","NA","NA","NA","NA","NA","136591","90525","NA","10897","NA","110933","318","NA","8789","NA","space","2","legacy","Emily fixed fi zer roof and fi jer street too.","240","Session 6","NA","Experiment","2024-10-03 17:47","1024","2","48000","-16","Session6","Norway","9","odd","word4","50","NA","no","NA","109138","NA","26086","NA","16799","16795","5935","16795","NA","NA","NA","NA","NA","NA","NA","NA","NA","NA","NA","NA","NA","NA","NA","5934","1783838","1792633","1791616","1792169","NA","1248901","1796762","26086","NA","NA","1793671","NA","116646","NA","116649","NA","127550","238523","1789502","238513","NA","NA","1789524","1790195","1797014","1797014","1789502","16795","1787280","1787280","1797334","NA","NA","5935","NA","NA","NA","7993","NA","NA","NA","7994","1787263","1783329","1792122","5935","NA","5935","NA","NA","NA","16795","NA","5935","NA","NA","NA","8005","NA","1790465","1796371","1791041","1791616","1792122","1792876","1793418","1794031","1794772","1795519","Norway Session 6","122","486785","148","0","144","yes","1511","","1024","NA","Emily","too.","285","320","fixed","320","fi","250","zer","210","roof","285","and","250","fi","250","jer","250","street","355"
"NA","NA","82.5503355704698","82.5503355704698","3269.2751677852348","3269.2751677852348","#242424","xpyriment","legacy","legacy","0","uniform","1","undefined","NA","NA","0","undefined","undefined","1","right_button","undefined","0","0","0","0","0","0","0","0","0","0","0","NA","NA","0","0","1","NA","NA","NA","NA","NA","NA","0","NA","0","144","144","144","144","NA","1","387","8","0","0","1014","0","0","0","0","0","0","0","144","0","NA","NA","144","144","144","144","144","3","144","144","145","0","0","0","NA","1","NA","0","0","3","0","0","144","144","144","0","0","0","0","0","0","0","0","0","NA","NA","0","0","NA","144","48","144","144","144","144","144","144","144","48","undefined","349","-1","Thu Oct  3 17:47:30 2024","745","The main experiment item","yes","active","Norway_Session_6.osexp","1","C:\Users\Tromso\Desktop\LESS\Session 6","no","no","mono","no","18","no","white","no","Click to confirm or to begin from default part if nothing selected","NA","yes","common","active","gender agreement","1","gender violation","102","768","legacy","Mini-English","NA","List 1: grammatical, gender violation, number violation","144","144","C:/Users/Tromso/Desktop/LESS/Session 6/subject-9.csv","1.2.3","xpyriment","1514","NA","plural","Lentiform Loewenfeld","3.3.14","0","3","NA","space","NA","NA","NA","NA","NA","NA","NA","NA","NA","space","c","NA","space","NA","space","3","337","NA","9282","NA","NA","NA","NA","NA","NA","NA","NA","NA","136591","90525","NA","10897","NA","110933","337","NA","8789","NA","space","2","legacy","Jer saucepan look badezur but jer drum not.","196","Session 6","NA","Experiment","2024-10-03 17:47","1024","2","48000","-16","Session6","Norway","9","odd","word4","47","NA","no","NA","109138","NA","26086","NA","16799","16795","5935","16795","NA","NA","NA","NA","NA","NA","NA","NA","NA","NA","NA","NA","NA","NA","NA","5934","1783838","1802858","1801667","1802255","NA","1248901","1805254","26086","NA","NA","1803719","NA","116646","NA","116649","NA","127550","238523","1799518","238513","NA","NA","1799540","1800210","1805507","1805507","1799518","16795","1797354","1797354","1805845","NA","NA","5935","NA","NA","NA","7993","NA","NA","NA","7994","1797341","1783329","1802208","5935","NA","5935","NA","NA","NA","16795","NA","5935","NA","NA","NA","8005","NA","1800481","1796371","1800987","1801667","1802208","1802961","1803466","1804082","1804856","1795519","Norway Session 6","123","487122","149","0","145","yes","","copula_look","1024","NA","Jer","","","250","saucepan","425","look","285","badezur","350","but","250","jer","250","drum","285","not.","285","",""
"NA","NA","82.66666666666667","82.66666666666667","3248.233333333333","3248.233333333333","#242424","xpyriment","legacy","legacy","0","uniform","1","undefined","NA","NA","0","undefined","undefined","1","right_button","undefined","0","0","0","0","0","0","0","0","0","0","0","NA","NA","0","0","1","NA","NA","NA","NA","NA","NA","0","NA","0","145","145","145","145","NA","1","389","8","0","0","1021","0","0","0","0","0","0","0","145","0","NA","NA","145","145","145","145","145","3","145","145","146","0","0","0","NA","1","NA","0","0","3","0","0","145","145","145","0","0","0","0","0","0","0","0","0","NA","NA","0","0","NA","145","48","145","145","145","145","145","145","145","48","undefined","347","5","Thu Oct  3 17:47:30 2024","770","The main experiment item","yes","active","Norway_Session_6.osexp","1","C:\Users\Tromso\Desktop\LESS\Session 6","no","no","mono","no","18","no","white","no","Click to confirm or to begin from default part if nothing selected","NA","yes","common","active","gender agreement","1","gender violation","102","768","legacy","Mini-English","NA","List 1: grammatical, gender violation, number violation","145","145","C:/Users/Tromso/Desktop/LESS/Session 6/subject-9.csv","1.2.3","xpyriment","1714","NA","plural","Lentiform Loewenfeld","3.3.14","0","3","NA","space","NA","NA","NA","NA","NA","NA","NA","NA","NA","space","c","NA","space","NA","space","3","113","NA","9282","NA","NA","NA","NA","NA","NA","NA","NA","NA","136591","90525","NA","10897","NA","110933","113","NA","8789","NA","space","2","legacy","Jer fork look badezur but jer saucepan not.","198","Session 6","NA","Experiment","2024-10-03 17:47","1024","2","48000","-16","Session6","Norway","9","odd","word4","47","NA","no","NA","109138","NA","26086","NA","16799","16795","5935","16795","NA","NA","NA","NA","NA","NA","NA","NA","NA","NA","NA","NA","NA","NA","NA","5934","1783838","1811232","1810042","1810629","NA","1248901","1813758","26086","NA","NA","1812094","NA","116646","NA","116649","NA","127550","238523","1808027","238513","NA","NA","1808054","1808724","1814011","1814011","1808028","16795","1805864","1805864","1814127","NA","NA","5935","NA","NA","NA","7993","NA","NA","NA","7994","1805850","1783329","1810582","5935","NA","5935","NA","NA","NA","16795","NA","5935","NA","NA","NA","8005","NA","1808994","1796371","1809500","1810042","1810582","1811334","1811840","1812452","1813359","1795519","Norway Session 6","124","487235","150","0","146","yes","","copula_look","1024","NA","Jer","","","250","fork","285","look","285","badezur","350","but","250","jer","250","saucepan","425","not.","285","",""
"NA","NA","82.78145695364239","82.78145695364239","3227.364238410596","3227.364238410596","#242424","xpyriment","legacy","legacy","0","uniform","1","undefined","NA","NA","0","undefined","undefined","1","right_button","undefined","0","0","0","0","0","0","0","0","0","0","0","NA","NA","0","0","1","NA","NA","NA","NA","NA","NA","0","NA","0","146","146","146","146","NA","1","393","8","0","0","1028","0","0","0","0","0","0","0","146","0","NA","NA","146","146","146","146","146","3","146","146","147","0","0","0","NA","1","NA","0","0","3","0","0","146","146","146","0","0","0","0","0","0","0","0","0","NA","NA","0","0","NA","146","49","146","146","146","146","146","146","146","49","undefined","335","40","Thu Oct  3 17:47:30 2024","754","The main experiment item","yes","active","Norway_Session_6.osexp","1","C:\Users\Tromso\Desktop\LESS\Session 6","no","no","mono","no","18","no","white","no","Click to confirm or to begin from default part if nothing selected","NA","yes","","active","verb-object agreement","3","VOA violation","102","768","legacy","Mini-English","NA","List 1: grammatical, VOA violation, article location violation","146","146","C:/Users/Tromso/Desktop/LESS/Session 6/subject-9.csv","1.2.3","xpyriment","","NA","singular","Lentiform Loewenfeld","3.3.14","0","3","NA","space","NA","NA","NA","NA","NA","NA","NA","NA","NA","space","c","NA","space","NA","space","3","97","NA","9282","NA","NA","NA","NA","NA","NA","NA","NA","NA","136591","90525","NA","10897","NA","110933","97","NA","8789","NA","space","2","legacy","Harry orderedevo fi ze mug but not fi je key.","199","Session 6","NA","Experiment","2024-10-03 17:47","1024","2","48000","-16","Session6","Norway","9","odd","word4","47","NA","no","NA","109138","NA","26086","NA","16799","16795","5935","16795","NA","NA","NA","NA","NA","NA","NA","NA","NA","NA","NA","NA","NA","NA","NA","5934","1783838","1819742","1818726","1819278","NA","1248901","1823679","26086","NA","NA","1820743","NA","116646","NA","116649","NA","127550","238523","1816436","238513","NA","NA","1816459","1817129","1823931","1823931","1816436","16795","1814148","1814148","1824032","NA","NA","5935","NA","NA","NA","7993","NA","NA","NA","7994","1814134","1783329","1819233","5935","NA","5935","NA","NA","NA","16795","NA","5935","NA","NA","NA","8005","NA","1817400","1823283","1817975","1818726","1819233","1819984","1820490","1821106","1821829","1822547","Norway Session 6","125","487332","151","0","147","yes","108","","1024","NA","Harry","key.","285","320","orderedevo","495","fi","250","ze","210","mug","250","but","250","not","250","fi","250","je","250"
"NA","NA","82.23684210526316","82.23684210526316","3207.5394736842104","3207.5394736842104","#242424","xpyriment","legacy","legacy","0","uniform","0","undefined","NA","NA","0","undefined","undefined","0","right_button","undefined","0","0","0","0","0","0","0","0","0","0","0","NA","NA","0","0","1","NA","NA","NA","NA","NA","NA","0","NA","0","147","147","147","147","NA","1","395","8","0","0","1035","0","0","0","0","0","0","0","147","0","NA","NA","147","147","147","147","147","3","147","147","148","0","0","0","NA","1","NA","0","0","3","0","0","147","147","147","0","0","0","0","0","0","0","0","0","NA","NA","0","0","NA","147","49","147","147","147","147","147","147","147","49","undefined","334","45","Thu Oct  3 17:47:30 2024","733","The main experiment item","yes","active","Norway_Session_6.osexp","1","C:\Users\Tromso\Desktop\LESS\Session 6","no","no","mono","no","18","no","white","no","Click to confirm or to begin from default part if nothing selected","NA","yes","","active","differential object marking","2","DOM violation","102","768","legacy","Mini-English","NA","List 1: grammatical, DOM violation, article location violation","147","147","C:/Users/Tromso/Desktop/LESS/Session 6/subject-9.csv","1.2.3","xpyriment","","NA","singular","Lentiform Loewenfeld","3.3.14","0","1","NA","space","NA","NA","NA","NA","NA","NA","NA","NA","NA","space","c","NA","space","NA","space","1","214","NA","9282","NA","NA","NA","NA","NA","NA","NA","NA","NA","136591","90525","NA","10897","NA","110933","214","NA","8789","NA","space","2","legacy","Jessica dirtied je key but not ze strawberry.","125","Session 6","NA","Experiment","2024-10-03 17:47","1024","2","48000","-16","Session6","Norway","9","odd","word3","41","NA","no","NA","109138","NA","26086","NA","16799","16795","5935","16795","NA","NA","NA","NA","NA","NA","NA","NA","NA","NA","NA","NA","NA","NA","NA","5934","1829056","1819742","1828592","1829300","NA","1248901","1832257","26086","NA","NA","1830563","NA","116646","NA","116649","NA","127550","238523","1826294","238513","NA","NA","1826316","1826986","1832511","1832511","1826295","16795","1824053","1824053","1832726","NA","NA","5935","NA","NA","NA","7993","NA","NA","NA","7994","1824038","1828545","1819233","5935","NA","5935","NA","NA","NA","16795","NA","5935","NA","NA","NA","8005","NA","1827255","1823283","1827900","1828545","1829300","1829806","1830311","1830919","1831616","1822547","Norway Session 6","125","487546","152","0","148","yes","82","","1024","NA","Jessica","","","390","dirtied","390","je","210","key","250","but","250","not","250","ze","250","strawberry.","530","",""
"NA","NA","82.3529411764706","82.3529411764706","3188.346405228758","3188.346405228758","#242424","xpyriment","legacy","legacy","0","uniform","1","undefined","NA","NA","0","undefined","undefined","1","left_button","undefined","0","0","0","0","0","0","0","0","0","0","0","NA","NA","0","0","1","NA","NA","NA","NA","NA","NA","0","NA","0","148","148","148","148","NA","1","399","8","0","0","1042","0","0","0","0","0","0","0","148","0","NA","NA","148","148","148","148","148","3","148","148","149","0","0","0","NA","1","NA","0","0","3","0","0","148","148","148","0","0","0","0","0","0","0","0","0","NA","NA","0","0","NA","148","50","148","148","148","148","148","148","148","50","undefined","334","48","Thu Oct  3 17:47:30 2024","719","The main experiment item","yes","active","Norway_Session_6.osexp","1","C:\Users\Tromso\Desktop\LESS\Session 6","no","no","mono","no","18","no","white","no","Click to confirm or to begin from default part if nothing selected","NA","yes","","active","verb-object agreement","3","grammatical","101","768","legacy","Mini-English","NA","List 1: grammatical, VOA violation, article location violation","148","148","C:/Users/Tromso/Desktop/LESS/Session 6/subject-9.csv","1.2.3","xpyriment","","NA","singular","Lentiform Loewenfeld","3.3.14","0","1","NA","space","NA","NA","NA","NA","NA","NA","NA","NA","NA","space","c","NA","space","NA","space","1","271","NA","9282","NA","NA","NA","NA","NA","NA","NA","NA","NA","136591","90525","NA","10897","NA","110933","271","NA","8789","NA","space","2","legacy","Jack dirtied fi je street and fi ze closet too.","113","Session 6","NA","Experiment","2024-10-03 17:47","1024","2","48000","-16","Session6","Norway","9","odd","word4","40","NA","no","NA","109138","NA","26086","NA","16799","16795","5935","16795","NA","NA","NA","NA","NA","NA","NA","NA","NA","NA","NA","NA","NA","NA","NA","5934","1829056","1838138","1837123","1837675","NA","1248901","1842264","26086","NA","NA","1839243","NA","116646","NA","116649","NA","127550","238523","1834972","238513","NA","NA","1834994","1835665","1842517","1842517","1834972","16795","1832747","1832747","1842791","NA","NA","5935","NA","NA","NA","7993","NA","NA","NA","7994","1832730","1828545","1837629","5935","NA","5935","NA","NA","NA","16795","NA","5935","NA","NA","NA","8005","NA","1835935","1841886","1836477","1837123","1837629","1838381","1838991","1839605","1840340","1841059","Norway Session 6","126","487817","153","0","149","yes","81","","1024","NA","Jack","too.","285","285","dirtied","390","fi","250","je","210","street","355","and","250","fi","250","ze","250","closet","355"
"NA","NA","81.81818181818181","81.81818181818181","3171.87012987013","3171.87012987013","#242424","xpyriment","legacy","legacy","0","uniform","0","undefined","NA","NA","0","undefined","undefined","0","right_button","undefined","0","0","0","0","0","0","0","0","0","0","0","NA","NA","0","0","1","NA","NA","NA","NA","NA","NA","0","NA","0","149","149","149","149","NA","1","401","8","0","0","1049","0","0","0","0","0","0","0","149","0","NA","NA","149","149","149","149","149","3","149","149","150","0","0","0","NA","1","NA","0","0","3","0","0","149","149","149","0","0","0","0","0","0","0","0","0","NA","NA","0","0","NA","149","50","149","149","149","149","149","149","149","50","undefined","334","50","Thu Oct  3 17:47:30 2024","763","The main experiment item","yes","active","Norway_Session_6.osexp","1","C:\Users\Tromso\Desktop\LESS\Session 6","no","no","mono","no","18","no","white","no","Click to confirm or to begin from default part if nothing selected","NA","yes","","active","differential object marking","2","DOM violation","102","768","legacy","Mini-English","NA","List 1: grammatical, DOM violation, article location violation","149","149","C:/Users/Tromso/Desktop/LESS/Session 6/subject-9.csv","1.2.3","xpyriment","","NA","singular","Lentiform Loewenfeld","3.3.14","0","1","NA","space","NA","NA","NA","NA","NA","NA","NA","NA","NA","space","c","NA","space","NA","space","1","651","NA","9282","NA","NA","NA","NA","NA","NA","NA","NA","NA","136591","90525","NA","10897","NA","110933","651","NA","8789","NA","space","2","legacy","Emily cleaned ze mug and ze tray too.","160","Session 6","NA","Experiment","2024-10-03 17:47","1024","2","48000","-16","Session6","Norway","9","odd","word3","44","NA","no","NA","109138","NA","26086","NA","16799","16795","5935","16795","NA","NA","NA","NA","NA","NA","NA","NA","NA","NA","NA","NA","NA","NA","NA","5934","1847632","1838138","1847170","1847875","NA","1248901","1850667","26086","NA","NA","1849139","NA","116646","NA","116649","NA","127550","238523","1844942","238513","NA","NA","1844964","1845634","1850922","1850921","1844942","16795","1842810","1842810","1851575","NA","NA","5935","NA","NA","NA","7993","NA","NA","NA","7994","1842796","1847123","1837629","5935","NA","5935","NA","NA","NA","16795","NA","5935","NA","NA","NA","8005","NA","1845904","1841886","1846478","1847123","1847875","1848381","1848887","1849500","1850263","1841059","Norway Session 6","126","488468","154","0","150","yes","78","","1024","NA","Emily","","","320","cleaned","390","ze","210","mug","250","and","250","ze","250","tray","285","too.","285","",""
"NA","NA","81.93548387096774","81.93548387096774","3152.696774193548","3152.696774193548","#242424","xpyriment","legacy","legacy","0","uniform","1","undefined","NA","NA","0","undefined","undefined","1","left_button","undefined","0","0","0","0","0","0","0","0","0","0","0","NA","NA","0","0","1","NA","NA","NA","NA","NA","NA","0","NA","0","150","150","150","150","NA","2","405","8","0","0","1056","0","0","0","0","0","0","0","150","0","NA","NA","150","150","150","150","150","3","150","150","151","0","0","0","NA","1","NA","0","0","3","0","0","150","150","150","0","0","0","0","0","0","0","0","0","NA","NA","0","0","NA","150","51","150","150","150","150","150","150","150","51","undefined","408","-411","Thu Oct  3 17:47:30 2024","748","The main experiment item","yes","active","Norway_Session_6.osexp","1","C:\Users\Tromso\Desktop\LESS\Session 6","no","no","mono","no","18","no","white","no","Click to confirm or to begin from default part if nothing selected","NA","yes","","active","differential object marking","2","grammatical","101","768","legacy","Mini-English","NA","List 1: grammatical, DOM violation, article location violation","150","150","C:/Users/Tromso/Desktop/LESS/Session 6/subject-9.csv","1.2.3","xpyriment","","NA","singular","Lentiform Loewenfeld","3.3.14","0","1","NA","space","NA","NA","NA","NA","NA","NA","NA","NA","NA","space","c","NA","space","NA","space","1","200","NA","9282","NA","NA","NA","NA","NA","NA","NA","NA","NA","34040","90525","NA","10897","NA","110933","200","NA","8789","NA","space","2","legacy","Lily dried fi je drum and fi je saucepan too.","190","Session 6","NA","Experiment","2024-10-03 17:47","1024","2","48000","-16","Session6","Norway","9","odd","word4","46","NA","no","NA","109138","NA","26086","NA","16799","16795","5935","16795","NA","NA","NA","NA","NA","NA","NA","NA","NA","NA","NA","NA","NA","NA","NA","5934","1847632","1891020","1890009","1890558","NA","1851739","1895136","26086","NA","NA","1892056","NA","116646","NA","116649","NA","127550","238523","1887933","238513","NA","NA","1887955","1888625","1895389","1895389","1887933","16795","1885786","1885786","1895589","NA","NA","5935","NA","NA","NA","7993","NA","NA","NA","7994","1851579","1847123","1890513","5935","NA","5935","NA","NA","NA","16795","NA","5935","NA","NA","NA","8005","NA","1888895","1894755","1889433","1890009","1890513","1891262","1891804","1892417","1893136","1893846","Norway Session 6","127","488668","155","0","151","yes","1313","","1024","NA","Lily","too.","285","285","dried","320","fi","250","je","210","drum","285","and","250","fi","250","je","250","saucepan","425"
"NA","NA","82.05128205128206","82.05128205128206","3133.2051282051284","3133.2051282051284","#242424","xpyriment","legacy","legacy","0","uniform","1","undefined","NA","NA","0","undefined","undefined","1","right_button","undefined","0","0","0","0","0","0","0","0","0","0","0","NA","NA","0","0","1","NA","NA","NA","NA","NA","NA","0","NA","0","151","151","151","151","NA","2","407","8","0","0","1063","0","0","0","0","0","0","0","151","0","NA","NA","151","151","151","151","151","3","151","151","152","0","0","0","NA","1","NA","0","0","3","0","0","151","151","151","0","0","0","0","0","0","0","0","0","NA","NA","0","0","NA","151","51","151","151","151","151","151","151","151","51","undefined","408","-411","Thu Oct  3 17:47:30 2024","752","The main experiment item","yes","active","Norway_Session_6.osexp","1","C:\Users\Tromso\Desktop\LESS\Session 6","no","no","mono","no","18","no","white","no","Click to confirm or to begin from default part if nothing selected","NA","yes","common","active","gender agreement","1","number violation","103","768","legacy","Mini-English","NA","List 1: grammatical, gender violation, number violation","151","151","C:/Users/Tromso/Desktop/LESS/Session 6/subject-9.csv","1.2.3","xpyriment","1618","NA","plural","Lentiform Loewenfeld","3.3.14","0","3","NA","space","NA","NA","NA","NA","NA","NA","NA","NA","NA","space","c","NA","space","NA","space","3","112","NA","9282","NA","NA","NA","NA","NA","NA","NA","NA","NA","34040","90525","NA","10897","NA","110933","112","NA","8789","NA","space","2","legacy","Jer suitcase look purpleju but jer dress not.","245","Session 6","NA","Experiment","2024-10-03 17:47","1024","2","48000","-16","Session6","Norway","9","odd","word4","51","NA","no","NA","109138","NA","26086","NA","16799","16795","5935","16795","NA","NA","NA","NA","NA","NA","NA","NA","NA","NA","NA","NA","NA","NA","NA","5934","1847632","1901116","1899891","1900478","NA","1851739","1903495","26086","NA","NA","1901941","NA","116646","NA","116649","NA","127550","238523","1897743","238513","NA","NA","1897765","1898435","1903748","1903748","1897743","16795","1895611","1895611","1903862","NA","NA","5935","NA","NA","NA","7993","NA","NA","NA","7994","1895594","1847123","1900431","5935","NA","5935","NA","NA","NA","16795","NA","5935","NA","NA","NA","8005","NA","1898705","1894755","1899210","1899890","1900431","1901184","1901688","1902310","1903115","1893846","Norway Session 6","128","488780","156","0","152","yes","","copula_look","1024","NA","Jer","","","250","suitcase","425","look","285","purpleju","385","but","250","jer","250","dress","320","not.","285","",""
"NA","NA","82.1656050955414","82.1656050955414","3114.1019108280257","3114.1019108280257","#242424","xpyriment","legacy","legacy","0","uniform","1","undefined","NA","NA","0","undefined","undefined","1","right_button","undefined","0","0","0","0","0","0","0","0","0","0","0","NA","NA","0","0","1","NA","NA","NA","NA","NA","NA","0","NA","0","152","152","152","152","NA","2","409","8","0","0","1070","0","0","0","0","0","0","0","152","0","NA","NA","152","152","152","152","152","3","152","152","153","0","0","0","NA","1","NA","0","0","3","0","0","152","152","152","0","0","0","0","0","0","0","0","0","NA","NA","0","0","NA","152","51","152","152","152","152","152","152","152","51","undefined","408","-411","Thu Oct  3 17:47:30 2024","755","The main experiment item","yes","active","Norway_Session_6.osexp","1","C:\Users\Tromso\Desktop\LESS\Session 6","no","no","mono","no","18","no","white","no","Click to confirm or to begin from default part if nothing selected","NA","yes","","active","differential object marking","2","article location violation","103","768","legacy","Mini-English","NA","List 1: grammatical, DOM violation, article location violation","152","152","C:/Users/Tromso/Desktop/LESS/Session 6/subject-9.csv","1.2.3","xpyriment","","NA","singular","Lentiform Loewenfeld","3.3.14","0","3","NA","space","NA","NA","NA","NA","NA","NA","NA","NA","NA","space","c","NA","space","NA","space","3","134","NA","9282","NA","NA","NA","NA","NA","NA","NA","NA","NA","34040","90525","NA","10897","NA","110933","134","NA","8789","NA","space","2","legacy","Oliver dirtied fi jesaucepan and fi zestrawberry too.","209","Session 6","NA","Experiment","2024-10-03 17:47","1024","2","48000","-16","Session6","Norway","9","odd","word4","48","NA","no","NA","109138","NA","26086","NA","16799","16795","5935","16795","NA","NA","NA","NA","NA","NA","NA","NA","NA","NA","NA","NA","NA","NA","NA","5934","1847632","1901116","1908295","1908845","NA","1851739","1912105","26086","NA","NA","1910315","NA","116646","NA","116649","NA","127550","238523","1906074","238513","NA","NA","1906099","1906770","1912358","1912358","1906074","16795","1903885","1903885","1912494","NA","NA","5935","NA","NA","NA","7993","NA","NA","NA","7994","1903872","1847123","1908800","5935","NA","5935","NA","NA","NA","16795","NA","5935","NA","NA","NA","8005","NA","1907039","1894755","1907649","1908295","1908800","1909557","1910062","1910675","1911710","1893846","Norway Session 6","129","488914","157","0","153","yes","815","","1024","NA","Oliver","","","355","dirtied","390","fi","250","jesaucepan","455","and","250","fi","250","zestrawberry","565","too.","285","",""
"NA","NA","81.64556962025317","81.64556962025317","3094.981012658228","3094.981012658228","#242424","xpyriment","legacy","legacy","0","uniform","0","undefined","NA","NA","0","undefined","undefined","0","right_button","undefined","0","0","0","0","0","0","0","0","0","0","0","NA","NA","0","0","1","NA","NA","NA","NA","NA","NA","0","NA","0","153","153","153","153","NA","2","413","8","0","0","1077","0","0","0","0","0","0","0","153","0","NA","NA","153","153","153","153","153","3","153","153","154","0","0","0","NA","1","NA","0","0","3","0","0","153","153","153","0","0","0","0","0","0","0","0","0","NA","NA","0","0","NA","153","52","153","153","153","153","153","153","153","52","undefined","408","-411","Thu Oct  3 17:47:30 2024","736","The main experiment item","yes","active","Norway_Session_6.osexp","1","C:\Users\Tromso\Desktop\LESS\Session 6","no","no","mono","no","18","no","white","no","Click to confirm or to begin from default part if nothing selected","NA","yes","","active","verb-object agreement","3","VOA violation","102","768","legacy","Mini-English","NA","List 1: grammatical, VOA violation, article location violation","153","153","C:/Users/Tromso/Desktop/LESS/Session 6/subject-9.csv","1.2.3","xpyriment","","NA","plural","Lentiform Loewenfeld","3.3.14","0","1","NA","space","NA","NA","NA","NA","NA","NA","NA","NA","NA","space","c","NA","space","NA","space","1","93","NA","9282","NA","NA","NA","NA","NA","NA","NA","NA","NA","34040","90525","NA","10897","NA","110933","93","NA","8789","NA","space","2","legacy","Thomas remembered fi jer truck and fi jer backpack too.","158","Session 6","NA","Experiment","2024-10-03 17:47","1024","2","48000","-16","Session6","Norway","9","odd","word4","44","NA","no","NA","109138","NA","26086","NA","16799","16795","5935","16795","NA","NA","NA","NA","NA","NA","NA","NA","NA","NA","NA","NA","NA","NA","NA","5934","1847632","1918021","1917005","1917557","NA","1851739","1922153","26086","NA","NA","1919092","NA","116646","NA","116649","NA","127550","238523","1914683","238513","NA","NA","1914705","1915375","1922407","1922406","1914683","16795","1912513","1912513","1922502","NA","NA","5935","NA","NA","NA","7993","NA","NA","NA","7994","1912499","1847123","1917511","5935","NA","5935","NA","NA","NA","16795","NA","5935","NA","NA","NA","8005","NA","1915644","1921767","1916255","1917005","1917511","1918264","1918839","1919444","1920170","1920908","Norway Session 6","129","489007","158","0","154","yes","55","","1024","NA","Thomas","too.","285","355","remembered","495","fi","250","jer","210","truck","320","and","250","fi","250","jer","250","backpack","425"
"NA","NA","81.76100628930817","81.76100628930817","3078.5471698113206","3078.5471698113206","#242424","xpyriment","legacy","legacy","0","uniform","1","undefined","NA","NA","0","undefined","undefined","1","left_button","undefined","0","0","0","0","0","0","0","0","0","0","0","NA","NA","0","0","1","NA","NA","NA","NA","NA","NA","0","NA","0","154","154","154","154","NA","2","417","8","0","0","1084","0","0","0","0","0","0","0","154","0","NA","NA","154","154","154","154","154","3","154","154","155","0","0","0","NA","1","NA","0","0","3","0","0","154","154","154","0","0","0","0","0","0","0","0","0","NA","NA","0","0","NA","154","53","154","154","154","154","154","154","154","53","undefined","408","-411","Thu Oct  3 17:47:30 2024","734","The main experiment item","yes","active","Norway_Session_6.osexp","1","C:\Users\Tromso\Desktop\LESS\Session 6","no","no","mono","no","18","no","white","no","Click to confirm or to begin from default part if nothing selected","NA","yes","","active","differential object marking","2","grammatical","101","768","legacy","Mini-English","NA","List 1: grammatical, DOM violation, article location violation","154","154","C:/Users/Tromso/Desktop/LESS/Session 6/subject-9.csv","1.2.3","xpyriment","","NA","singular","Lentiform Loewenfeld","3.3.14","0","1","NA","space","NA","NA","NA","NA","NA","NA","NA","NA","NA","space","c","NA","space","NA","space","1","482","NA","9282","NA","NA","NA","NA","NA","NA","NA","NA","NA","34040","90525","NA","10897","NA","110933","482","NA","8789","NA","space","2","legacy","Amelia refused fi ze tray but not fi je street.","225","Session 6","NA","Experiment","2024-10-03 17:47","1024","2","48000","-16","Session6","Norway","9","odd","word4","49","NA","no","NA","109138","NA","26086","NA","16799","16795","5935","16795","NA","NA","NA","NA","NA","NA","NA","NA","NA","NA","NA","NA","NA","NA","NA","5934","1847632","1927960","1926947","1927497","NA","1851739","1932022","26086","NA","NA","1928996","NA","116646","NA","116649","NA","127550","238523","1924728","238513","NA","NA","1924750","1925420","1932275","1932275","1924728","16795","1922522","1922522","1932757","NA","NA","5935","NA","NA","NA","7993","NA","NA","NA","7994","1922509","1847123","1927451","5935","NA","5935","NA","NA","NA","16795","NA","5935","NA","NA","NA","8005","NA","1925691","1931528","1926301","1926947","1927451","1928203","1928744","1929368","1930101","1930842","Norway Session 6","130","489489","159","0","155","yes","1219","","1024","NA","Amelia","street.","390","355","refused","390","fi","250","ze","210","tray","285","but","250","not","250","fi","250","je","250"
"NA","NA","81.875","81.875","3059.78125","3059.78125","#242424","xpyriment","legacy","legacy","0","uniform","1","undefined","NA","NA","0","undefined","undefined","1","right_button","undefined","0","0","0","0","0","0","0","0","0","0","0","NA","NA","0","0","1","NA","NA","NA","NA","NA","NA","0","NA","0","155","155","155","155","NA","2","419","8","0","0","1091","0","0","0","0","0","0","0","155","0","NA","NA","155","155","155","155","155","3","155","155","156","0","0","0","NA","1","NA","0","0","3","0","0","155","155","155","0","0","0","0","0","0","0","0","0","NA","NA","0","0","NA","155","53","155","155","155","155","155","155","155","53","undefined","408","-411","Thu Oct  3 17:47:30 2024","752","The main experiment item","yes","active","Norway_Session_6.osexp","1","C:\Users\Tromso\Desktop\LESS\Session 6","no","no","mono","no","18","no","white","no","Click to confirm or to begin from default part if nothing selected","NA","yes","","active","verb-object agreement","3","article location violation","103","768","legacy","Mini-English","NA","List 1: grammatical, VOA violation, article location violation","155","155","C:/Users/Tromso/Desktop/LESS/Session 6/subject-9.csv","1.2.3","xpyriment","","NA","plural","Lentiform Loewenfeld","3.3.14","0","3","NA","space","NA","NA","NA","NA","NA","NA","NA","NA","NA","space","c","NA","space","NA","space","3","76","NA","9282","NA","NA","NA","NA","NA","NA","NA","NA","NA","34040","90525","NA","10897","NA","110933","76","NA","8789","NA","space","2","legacy","Jack chosevo fi zertable and fi zerletter too.","212","Session 6","NA","Experiment","2024-10-03 17:47","1024","2","48000","-16","Session6","Norway","9","odd","word4","48","NA","no","NA","109138","NA","26086","NA","16799","16795","5935","16795","NA","NA","NA","NA","NA","NA","NA","NA","NA","NA","NA","NA","NA","NA","NA","5934","1847632","1938305","1937113","1937667","NA","1851739","1940852","26086","NA","NA","1939130","NA","116646","NA","116649","NA","127550","238523","1934966","238513","NA","NA","1934988","1935659","1941104","1941104","1934966","16795","1932775","1932775","1941182","NA","NA","5935","NA","NA","NA","7993","NA","NA","NA","7994","1932761","1847123","1937619","5935","NA","5935","NA","NA","NA","16795","NA","5935","NA","NA","NA","8005","NA","1935929","1931528","1936468","1937113","1937619","1938373","1938877","1939499","1940437","1930842","Norway Session 6","131","489565","160","0","156","yes","119","","1024","NA","Jack","","","285","chosevo","390","fi","250","zertable","385","and","250","fi","250","zerletter","460","too.","285","",""
"NA","NA","81.98757763975155","81.98757763975155","3041.55900621118","3041.55900621118","#242424","xpyriment","legacy","legacy","0","uniform","1","undefined","NA","NA","0","undefined","undefined","1","left_button","undefined","0","0","0","0","0","0","0","0","0","0","0","NA","NA","0","0","1","NA","NA","NA","NA","NA","NA","0","NA","0","156","156","156","156","NA","2","421","8","0","0","1098","0","0","0","0","0","0","0","156","0","NA","NA","156","156","156","156","156","3","156","156","157","0","0","0","NA","1","NA","0","0","3","0","0","156","156","156","0","0","0","0","0","0","0","0","0","NA","NA","0","0","NA","156","53","156","156","156","156","156","156","156","53","undefined","408","-411","Thu Oct  3 17:47:30 2024","758","The main experiment item","yes","active","Norway_Session_6.osexp","1","C:\Users\Tromso\Desktop\LESS\Session 6","no","no","mono","no","18","no","white","no","Click to confirm or to begin from default part if nothing selected","NA","yes","neuter","active","gender agreement","1","grammatical","101","768","legacy","Mini-English","NA","List 1: grammatical, gender violation, number violation","156","156","C:/Users/Tromso/Desktop/LESS/Session 6/subject-9.csv","1.2.3","xpyriment","2113","NA","singular","Lentiform Loewenfeld","3.3.14","0","1","NA","space","NA","NA","NA","NA","NA","NA","NA","NA","NA","space","c","NA","space","NA","space","1","126","NA","9282","NA","NA","NA","NA","NA","NA","NA","NA","NA","34040","90525","NA","10897","NA","110933","126","NA","8789","NA","space","2","legacy","Ze strawberry is goodezu and ze leaf too.","190","Session 6","NA","Experiment","2024-10-03 17:47","1024","2","48000","-16","Session6","Norway","9","odd","word4","46","NA","no","NA","109138","NA","26086","NA","16799","16795","5935","16795","NA","NA","NA","NA","NA","NA","NA","NA","NA","NA","NA","NA","NA","NA","NA","5934","1847632","1946775","1945618","1946173","NA","1851739","1949146","26086","NA","NA","1947637","NA","116646","NA","116649","NA","127550","238523","1943399","238513","NA","NA","1943422","1944092","1949399","1949399","1943399","16795","1941201","1941201","1949526","NA","NA","5935","NA","NA","NA","7993","NA","NA","NA","7994","1941187","1847123","1946124","5935","NA","5935","NA","NA","NA","16795","NA","5935","NA","NA","NA","8005","NA","1944362","1931528","1944868","1945617","1946124","1946877","1947384","1948000","1948753","1930842","Norway Session 6","132","489691","161","0","157","yes","","copula_be","1024","NA","Ze","","","250","strawberry","495","is","250","goodezu","350","and","250","ze","250","leaf","285","too.","285","",""
"NA","NA","82.09876543209876","82.09876543209876","3023.4753086419755","3023.4753086419755","#242424","xpyriment","legacy","legacy","0","uniform","1","undefined","NA","NA","0","undefined","undefined","1","right_button","undefined","0","0","0","0","0","0","0","0","0","0","0","NA","NA","0","0","1","NA","NA","NA","NA","NA","NA","0","NA","0","157","157","157","157","NA","2","423","8","0","0","1105","0","0","0","0","0","0","0","157","0","NA","NA","157","157","157","157","157","3","157","157","158","0","0","0","NA","1","NA","0","0","3","0","0","157","157","157","0","0","0","0","0","0","0","0","0","NA","NA","0","0","NA","157","53","157","157","157","157","157","157","157","53","undefined","408","-411","Thu Oct  3 17:47:30 2024","757","The main experiment item","yes","active","Norway_Session_6.osexp","1","C:\Users\Tromso\Desktop\LESS\Session 6","no","no","mono","no","18","no","white","no","Click to confirm or to begin from default part if nothing selected","NA","yes","","active","verb-object agreement","3","article location violation","103","768","legacy","Mini-English","NA","List 1: grammatical, VOA violation, article location violation","157","157","C:/Users/Tromso/Desktop/LESS/Session 6/subject-9.csv","1.2.3","xpyriment","","NA","singular","Lentiform Loewenfeld","3.3.14","0","3","NA","space","NA","NA","NA","NA","NA","NA","NA","NA","NA","space","c","NA","space","NA","space","3","112","NA","9282","NA","NA","NA","NA","NA","NA","NA","NA","NA","34040","90525","NA","10897","NA","110933","112","NA","8789","NA","space","2","legacy","Thomas wetted fi zetable and fi zeletter too.","215","Session 6","NA","Experiment","2024-10-03 17:47","1024","2","48000","-16","Session6","Norway","9","odd","word4","48","NA","no","NA","109138","NA","26086","NA","16799","16795","5935","16795","NA","NA","NA","NA","NA","NA","NA","NA","NA","NA","NA","NA","NA","NA","NA","5934","1847632","1955130","1953975","1954526","NA","1851739","1957651","26086","NA","NA","1955989","NA","116646","NA","116649","NA","127550","238523","1951789","238513","NA","NA","1951811","1952482","1957908","1957908","1951789","16795","1949547","1949547","1958022","NA","NA","5935","NA","NA","NA","7993","NA","NA","NA","7994","1949532","1847123","1954480","5935","NA","5935","NA","NA","NA","16795","NA","5935","NA","NA","NA","8005","NA","1952753","1931528","1953364","1953975","1954480","1955232","1955737","1956356","1957257","1930842","Norway Session 6","133","489803","162","0","158","yes","149","","1024","NA","Thomas","","","355","wetted","355","fi","250","zetable","350","and","250","fi","250","zeletter","425","too.","285","",""
"NA","NA","81.59509202453988","81.59509202453988","3005.159509202454","3005.159509202454","#242424","xpyriment","legacy","legacy","0","uniform","0","undefined","NA","NA","0","undefined","undefined","0","right_button","undefined","0","0","0","0","0","0","0","0","0","0","0","NA","NA","0","0","1","NA","NA","NA","NA","NA","NA","0","NA","0","158","158","158","158","NA","2","425","8","0","0","1112","0","0","0","0","0","0","0","158","0","NA","NA","158","158","158","158","158","3","158","158","159","0","0","0","NA","1","NA","0","0","3","0","0","158","158","158","0","0","0","0","0","0","0","0","0","NA","NA","0","0","NA","158","53","158","158","158","158","158","158","158","53","undefined","408","-411","Thu Oct  3 17:47:30 2024","752","The main experiment item","yes","active","Norway_Session_6.osexp","1","C:\Users\Tromso\Desktop\LESS\Session 6","no","no","mono","no","18","no","white","no","Click to confirm or to begin from default part if nothing selected","NA","yes","","active","differential object marking","2","DOM violation","102","768","legacy","Mini-English","NA","List 1: grammatical, DOM violation, article location violation","158","158","C:/Users/Tromso/Desktop/LESS/Session 6/subject-9.csv","1.2.3","xpyriment","","NA","singular","Lentiform Loewenfeld","3.3.14","0","1","NA","space","NA","NA","NA","NA","NA","NA","NA","NA","NA","space","c","NA","space","NA","space","1","38","NA","9282","NA","NA","NA","NA","NA","NA","NA","NA","NA","34040","90525","NA","10897","NA","110933","38","NA","8789","NA","space","2","legacy","Charlie provided ze mug and ze leaf too.","162","Session 6","NA","Experiment","2024-10-03 17:47","1024","2","48000","-16","Session6","Norway","9","odd","word3","44","NA","no","NA","109138","NA","26086","NA","16799","16795","5935","16795","NA","NA","NA","NA","NA","NA","NA","NA","NA","NA","NA","NA","NA","NA","NA","5934","1962965","1955130","1962501","1963208","NA","1851739","1965994","26086","NA","NA","1964471","NA","116646","NA","116649","NA","127550","238523","1960166","238513","NA","NA","1960188","1960859","1966247","1966247","1960166","16795","1958042","1958042","1966287","NA","NA","5935","NA","NA","NA","7993","NA","NA","NA","7994","1958026","1962455","1954480","5935","NA","5935","NA","NA","NA","16795","NA","5935","NA","NA","NA","8005","NA","1961129","1931528","1961775","1962454","1963208","1963713","1964219","1964833","1965583","1930842","Norway Session 6","133","489841","163","0","159","yes","98","","1024","NA","Charlie","","","390","provided","425","ze","210","mug","250","and","250","ze","250","leaf","285","too.","285","",""
"NA","NA","81.70731707317073","81.70731707317073","2988.737804878049","2988.737804878049","#242424","xpyriment","legacy","legacy","0","uniform","1","undefined","NA","NA","0","undefined","undefined","1","left_button","undefined","0","0","0","0","0","0","0","0","0","0","0","NA","NA","0","0","1","NA","NA","NA","NA","NA","NA","0","NA","0","159","159","159","159","NA","2","429","8","0","0","1119","0","0","0","0","0","0","0","159","0","NA","NA","159","159","159","159","159","3","159","159","160","0","0","0","NA","1","NA","0","0","3","0","0","159","159","159","0","0","0","0","0","0","0","0","0","NA","NA","0","0","NA","159","54","159","159","159","159","159","159","159","54","undefined","408","-411","Thu Oct  3 17:47:30 2024","755","The main experiment item","yes","active","Norway_Session_6.osexp","1","C:\Users\Tromso\Desktop\LESS\Session 6","no","no","mono","no","18","no","white","no","Click to confirm or to begin from default part if nothing selected","NA","yes","","active","differential object marking","2","grammatical","101","768","legacy","Mini-English","NA","List 1: grammatical, DOM violation, article location violation","159","159","C:/Users/Tromso/Desktop/LESS/Session 6/subject-9.csv","1.2.3","xpyriment","","NA","singular","Lentiform Loewenfeld","3.3.14","0","1","NA","space","NA","NA","NA","NA","NA","NA","NA","NA","NA","space","c","NA","space","NA","space","1","312","NA","9282","NA","NA","NA","NA","NA","NA","NA","NA","NA","34040","90525","NA","10897","NA","110933","312","NA","8789","NA","space","2","legacy","Olivia dirtied fi ze tray but not fi ze leaf.","221","Session 6","NA","Experiment","2024-10-03 17:47","1024","2","48000","-16","Session6","Norway","9","odd","word4","49","NA","no","NA","109138","NA","26086","NA","16799","16795","5935","16795","NA","NA","NA","NA","NA","NA","NA","NA","NA","NA","NA","NA","NA","NA","NA","5934","1962965","1971718","1970703","1971254","NA","1851739","1975703","26086","NA","NA","1972753","NA","116646","NA","116649","NA","127550","238523","1968484","238513","NA","NA","1968506","1969176","1975956","1975956","1968484","16795","1966341","1966341","1976270","NA","NA","5935","NA","NA","NA","7993","NA","NA","NA","7994","1966326","1962455","1971209","5935","NA","5935","NA","NA","NA","16795","NA","5935","NA","NA","NA","8005","NA","1969448","1975274","1970058","1970703","1971209","1971961","1972501","1973112","1973828","1974541","Norway Session 6","134","490153","164","0","160","yes","819","","1024","NA","Olivia","leaf.","320","355","dirtied","390","fi","250","ze","210","tray","285","but","250","not","250","fi","250","ze","250"
"NA","NA","81.81818181818181","81.81818181818181","2974.4727272727273","2974.4727272727273","#242424","xpyriment","legacy","legacy","0","uniform","1","undefined","NA","NA","0","undefined","undefined","1","right_button","undefined","0","0","0","0","0","0","0","0","0","0","0","NA","NA","0","0","1","NA","NA","NA","NA","NA","NA","0","NA","0","160","160","160","160","NA","2","431","8","0","0","1126","0","0","0","0","0","0","0","160","0","NA","NA","160","160","160","160","160","3","160","160","161","0","0","0","NA","1","NA","0","0","3","0","0","160","160","160","0","0","0","0","0","0","0","0","0","NA","NA","0","0","NA","160","54","160","160","160","160","160","160","160","54","undefined","408","-411","Thu Oct  3 17:47:30 2024","746","The main experiment item","yes","active","Norway_Session_6.osexp","1","C:\Users\Tromso\Desktop\LESS\Session 6","no","no","mono","no","18","no","white","no","Click to confirm or to begin from default part if nothing selected","NA","yes","","active","verb-object agreement","3","article location violation","103","768","legacy","Mini-English","NA","List 1: grammatical, VOA violation, article location violation","160","160","C:/Users/Tromso/Desktop/LESS/Session 6/subject-9.csv","1.2.3","xpyriment","","NA","plural","Lentiform Loewenfeld","3.3.14","0","3","NA","space","NA","NA","NA","NA","NA","NA","NA","NA","NA","space","c","NA","space","NA","space","3","635","NA","9282","NA","NA","NA","NA","NA","NA","NA","NA","NA","34040","90525","NA","10897","NA","110933","635","NA","8789","NA","space","2","legacy","Charlie fixedevo fi zerpool but not fi zermug.","252","Session 6","NA","Experiment","2024-10-03 17:47","1024","2","48000","-16","Session6","Norway","9","odd","word4","51","NA","no","NA","109138","NA","26086","NA","16799","16795","5935","16795","NA","NA","NA","NA","NA","NA","NA","NA","NA","NA","NA","NA","NA","NA","NA","5934","1962965","1981905","1980750","1981301","NA","1851739","1984364","26086","NA","NA","1982766","NA","116646","NA","116649","NA","127550","238523","1978462","238513","NA","NA","1978484","1979154","1984618","1984618","1978462","16795","1976293","1976293","1985255","NA","NA","5935","NA","NA","NA","7993","NA","NA","NA","7994","1976279","1962455","1981256","5935","NA","5935","NA","NA","NA","16795","NA","5935","NA","NA","NA","8005","NA","1979424","1975274","1980070","1980750","1981256","1982008","1982514","1983122","1983850","1974541","Norway Session 6","135","490788","165","0","161","yes","1512","","1024","NA","Charlie","","","390","fixedevo","425","fi","250","zerpool","350","but","250","not","250","fi","250","zermug.","390","",""
"NA","NA","81.92771084337349","81.92771084337349","2958.265060240964","2958.265060240964","#242424","xpyriment","legacy","legacy","0","uniform","1","undefined","NA","NA","0","undefined","undefined","1","left_button","undefined","0","0","0","0","0","0","0","0","0","0","0","NA","NA","0","0","1","NA","NA","NA","NA","NA","NA","0","NA","0","161","161","161","161","NA","2","435","8","0","0","1133","0","0","0","0","0","0","0","161","0","NA","NA","161","161","161","161","161","3","161","161","162","0","0","0","NA","1","NA","0","0","3","0","0","161","161","161","0","0","0","0","0","0","0","0","0","NA","NA","0","0","NA","161","55","161","161","161","161","161","161","161","55","undefined","408","-411","Thu Oct  3 17:47:30 2024","742","The main experiment item","yes","active","Norway_Session_6.osexp","1","C:\Users\Tromso\Desktop\LESS\Session 6","no","no","mono","no","18","no","white","no","Click to confirm or to begin from default part if nothing selected","NA","yes","","active","differential object marking","2","grammatical","101","768","legacy","Mini-English","NA","List 1: grammatical, DOM violation, article location violation","161","161","C:/Users/Tromso/Desktop/LESS/Session 6/subject-9.csv","1.2.3","xpyriment","","NA","singular","Lentiform Loewenfeld","3.3.14","0","1","NA","space","NA","NA","NA","NA","NA","NA","NA","NA","NA","space","c","NA","space","NA","space","1","284","NA","9282","NA","NA","NA","NA","NA","NA","NA","NA","NA","34040","90525","NA","10897","NA","110933","284","NA","8789","NA","space","2","legacy","Harry cleaned fi je drum and fi je saucepan too.","184","Session 6","NA","Experiment","2024-10-03 17:47","1024","2","48000","-16","Session6","Norway","9","odd","word4","46","NA","no","NA","109138","NA","26086","NA","16799","16795","5935","16795","NA","NA","NA","NA","NA","NA","NA","NA","NA","NA","NA","NA","NA","NA","NA","5934","1962965","1990641","1989627","1990178","NA","1851739","1994748","26086","NA","NA","1991676","NA","116646","NA","116649","NA","127550","238523","1987440","238513","NA","NA","1987462","1988132","1995001","1995001","1987440","16795","1985276","1985276","1995286","NA","NA","5935","NA","NA","NA","7993","NA","NA","NA","7994","1985263","1962455","1990132","5935","NA","5935","NA","NA","NA","16795","NA","5935","NA","NA","NA","8005","NA","1988404","1994354","1988980","1989627","1990132","1990883","1991424","1992029","1992737","1993460","Norway Session 6","136","491072","166","0","162","yes","713","","1024","NA","Harry","too.","285","320","cleaned","390","fi","250","je","210","drum","285","and","250","fi","250","je","250","saucepan","425"
"NA","NA","82.03592814371258","82.03592814371258","2941.5508982035926","2941.5508982035926","#242424","xpyriment","legacy","legacy","0","uniform","1","undefined","NA","NA","0","undefined","undefined","1","right_button","undefined","0","0","0","0","0","0","0","0","0","0","0","NA","NA","0","0","1","NA","NA","NA","NA","NA","NA","0","NA","0","162","162","162","162","NA","2","437","8","0","0","1140","0","0","0","0","0","0","0","162","0","NA","NA","162","162","162","162","162","3","162","162","163","0","0","0","NA","1","NA","0","0","3","0","0","162","162","162","0","0","0","0","0","0","0","0","0","NA","NA","0","0","NA","162","55","162","162","162","162","162","162","162","55","undefined","408","-411","Thu Oct  3 17:47:30 2024","740","The main experiment item","yes","active","Norway_Session_6.osexp","1","C:\Users\Tromso\Desktop\LESS\Session 6","no","no","mono","no","18","no","white","no","Click to confirm or to begin from default part if nothing selected","NA","yes","neuter","active","gender agreement","1","number violation","103","768","legacy","Mini-English","NA","List 1: grammatical, gender violation, number violation","162","162","C:/Users/Tromso/Desktop/LESS/Session 6/subject-9.csv","1.2.3","xpyriment","2015","NA","singular","Lentiform Loewenfeld","3.3.14","0","3","NA","space","NA","NA","NA","NA","NA","NA","NA","NA","NA","space","c","NA","space","NA","space","3","167","NA","9282","NA","NA","NA","NA","NA","NA","NA","NA","NA","34040","90525","NA","10897","NA","110933","167","NA","8789","NA","space","2","legacy","Ze leaf is dryezur and ze candle too.","213","Session 6","NA","Experiment","2024-10-03 17:47","1024","2","48000","-16","Session6","Norway","9","odd","word4","48","NA","no","NA","109138","NA","26086","NA","16799","16795","5935","16795","NA","NA","NA","NA","NA","NA","NA","NA","NA","NA","NA","NA","NA","NA","NA","5934","1962965","2000595","1999441","1999991","NA","1851739","2003031","26086","NA","NA","2001456","NA","116646","NA","116649","NA","127550","238523","1997431","238513","NA","NA","1997454","1998124","2003286","2003286","1997431","16795","1995308","1995308","2003454","NA","NA","5935","NA","NA","NA","7993","NA","NA","NA","7994","1995294","1962455","1999945","5935","NA","5935","NA","NA","NA","16795","NA","5935","NA","NA","NA","8005","NA","1998394","1994354","1998900","1999440","1999945","2000698","2001204","2001814","2002643","1993460","Norway Session 6","137","491239","167","0","163","yes","","copula_be","1024","NA","Ze","","","250","leaf","285","is","250","dryezur","350","and","250","ze","250","candle","355","too.","285","",""
"NA","NA","82.14285714285714","82.14285714285714","2925.815476190476","2925.815476190476","#242424","xpyriment","legacy","legacy","0","uniform","1","undefined","NA","NA","0","undefined","undefined","1","left_button","undefined","0","0","0","0","0","0","0","0","0","0","0","NA","NA","0","0","1","NA","NA","NA","NA","NA","NA","0","NA","0","163","163","163","163","NA","2","439","8","0","0","1147","0","0","0","0","0","0","0","163","0","NA","NA","163","163","163","163","163","3","163","163","164","0","0","0","NA","1","NA","0","0","3","0","0","163","163","163","0","0","0","0","0","0","0","0","0","NA","NA","0","0","NA","163","55","163","163","163","163","163","163","163","55","undefined","408","-411","Thu Oct  3 17:47:30 2024","747","The main experiment item","yes","active","Norway_Session_6.osexp","1","C:\Users\Tromso\Desktop\LESS\Session 6","no","no","mono","no","18","no","white","no","Click to confirm or to begin from default part if nothing selected","NA","yes","neuter","active","gender agreement","1","grammatical","101","768","legacy","Mini-English","NA","List 1: grammatical, gender violation, number violation","163","163","C:/Users/Tromso/Desktop/LESS/Session 6/subject-9.csv","1.2.3","xpyriment","2410","NA","plural","Lentiform Loewenfeld","3.3.14","0","1","NA","space","NA","NA","NA","NA","NA","NA","NA","NA","NA","space","c","NA","space","NA","space","1","298","NA","9282","NA","NA","NA","NA","NA","NA","NA","NA","NA","34040","90525","NA","10897","NA","110933","298","NA","8789","NA","space","2","legacy","Zer mirror look pinkezur but zer tray not.","157","Session 6","NA","Experiment","2024-10-03 17:47","1024","2","48000","-16","Session6","Norway","9","odd","word4","43","NA","no","NA","109138","NA","26086","NA","16799","16795","5935","16795","NA","NA","NA","NA","NA","NA","NA","NA","NA","NA","NA","NA","NA","NA","NA","5934","1962965","2008932","2007704","2008293","NA","1851739","2011288","26086","NA","NA","2009758","NA","116646","NA","116649","NA","127550","238523","2005627","238513","NA","NA","2005649","2006320","2011546","2011545","2005628","16795","2003475","2003475","2011846","NA","NA","5935","NA","NA","NA","7993","NA","NA","NA","7994","2003462","1962455","2008245","5935","NA","5935","NA","NA","NA","16795","NA","5935","NA","NA","NA","8005","NA","2006590","1994354","2007095","2007704","2008245","2009000","2009505","2010120","2010896","1993460","Norway Session 6","138","491537","168","0","164","yes","","copula_look","1024","NA","Zer","","","250","mirror","355","look","285","pinkezur","385","but","250","zer","250","tray","285","not.","285","",""
"NA","NA","82.24852071005917","82.24852071005917","2910.6153846153848","2910.6153846153848","#242424","xpyriment","legacy","legacy","0","uniform","1","undefined","NA","NA","0","undefined","undefined","1","right_button","undefined","0","0","0","0","0","0","0","0","0","0","0","NA","NA","0","0","1","NA","NA","NA","NA","NA","NA","0","NA","0","164","164","164","164","NA","2","441","8","0","0","1154","0","0","0","0","0","0","0","164","0","NA","NA","164","164","164","164","164","3","164","164","165","0","0","0","NA","1","NA","0","0","3","0","0","164","164","164","0","0","0","0","0","0","0","0","0","NA","NA","0","0","NA","164","55","164","164","164","164","164","164","164","55","undefined","408","-411","Thu Oct  3 17:47:30 2024","728","The main experiment item","yes","active","Norway_Session_6.osexp","1","C:\Users\Tromso\Desktop\LESS\Session 6","no","no","mono","no","18","no","white","no","Click to confirm or to begin from default part if nothing selected","NA","yes","","active","differential object marking","2","article location violation","103","768","legacy","Mini-English","NA","List 1: grammatical, DOM violation, article location violation","164","164","C:/Users/Tromso/Desktop/LESS/Session 6/subject-9.csv","1.2.3","xpyriment","","NA","singular","Lentiform Loewenfeld","3.3.14","0","3","NA","space","NA","NA","NA","NA","NA","NA","NA","NA","NA","space","c","NA","space","NA","space","3","357","NA","9282","NA","NA","NA","NA","NA","NA","NA","NA","NA","34040","90525","NA","10897","NA","110933","357","NA","8789","NA","space","2","legacy","Thomas ordered fi zestrawberry but not fi zetray.","247","Session 6","NA","Experiment","2024-10-03 17:47","1024","2","48000","-16","Session6","Norway","9","odd","word4","51","NA","no","NA","109138","NA","26086","NA","16799","16795","5935","16795","NA","NA","NA","NA","NA","NA","NA","NA","NA","NA","NA","NA","NA","NA","NA","5934","1962965","2008932","2016266","2016820","NA","1851739","2019946","26086","NA","NA","2018356","NA","116646","NA","116649","NA","127550","238523","2014047","238513","NA","NA","2014071","2014741","2020199","2020199","2014047","16795","2011863","2011863","2020558","NA","NA","5935","NA","NA","NA","7993","NA","NA","NA","7994","2011850","1962455","2016772","5935","NA","5935","NA","NA","NA","16795","NA","5935","NA","NA","NA","8005","NA","2015010","1994354","2015621","2016266","2016771","2017599","2018104","2018719","2019441","1993460","Norway Session 6","139","491894","169","0","165","yes","1021","","1024","NA","Thomas","","","355","ordered","390","fi","250","zestrawberry","525","but","250","not","250","fi","250","zetray.","390","",""
"NA","NA","82.3529411764706","82.3529411764706","2895.3882352941177","2895.3882352941177","#242424","xpyriment","legacy","legacy","0","uniform","1","undefined","NA","NA","0","undefined","undefined","1","left_button","undefined","0","0","0","0","0","0","0","0","0","0","0","NA","NA","0","0","1","NA","NA","NA","NA","NA","NA","0","NA","0","165","165","165","165","NA","2","445","8","0","0","1161","0","0","0","0","0","0","0","165","0","NA","NA","165","165","165","165","165","3","165","165","166","0","0","0","NA","1","NA","0","0","3","0","0","165","165","165","0","0","0","0","0","0","0","0","0","NA","NA","0","0","NA","165","56","165","165","165","165","165","165","165","56","undefined","408","-411","Thu Oct  3 17:47:30 2024","740","The main experiment item","yes","active","Norway_Session_6.osexp","1","C:\Users\Tromso\Desktop\LESS\Session 6","no","no","mono","no","18","no","white","no","Click to confirm or to begin from default part if nothing selected","NA","yes","","active","verb-object agreement","3","grammatical","101","768","legacy","Mini-English","NA","List 1: grammatical, VOA violation, article location violation","165","165","C:/Users/Tromso/Desktop/LESS/Session 6/subject-9.csv","1.2.3","xpyriment","","NA","plural","Lentiform Loewenfeld","3.3.14","0","1","NA","space","NA","NA","NA","NA","NA","NA","NA","NA","NA","space","c","NA","space","NA","space","1","322","NA","9282","NA","NA","NA","NA","NA","NA","NA","NA","NA","34040","90525","NA","10897","NA","110933","322","NA","8789","NA","space","2","legacy","Olivia cleanedevo fi zer closet but not fi jer key.","220","Session 6","NA","Experiment","2024-10-03 17:47","1024","2","48000","-16","Session6","Norway","9","odd","word4","49","NA","no","NA","109138","NA","26086","NA","16799","16795","5935","16795","NA","NA","NA","NA","NA","NA","NA","NA","NA","NA","NA","NA","NA","NA","NA","5934","1962965","2026139","2025123","2025676","NA","1851739","2030150","26086","NA","NA","2027245","NA","116646","NA","116649","NA","127550","238523","2022800","238513","NA","NA","2022822","2023493","2030403","2030403","2022800","16795","2020576","2020576","2030725","NA","NA","5935","NA","NA","NA","7993","NA","NA","NA","7994","2020563","1962455","2025629","5935","NA","5935","NA","NA","NA","16795","NA","5935","NA","NA","NA","8005","NA","2023763","2029751","2024374","2025123","2025629","2026382","2026993","2027592","2028325","2029041","Norway Session 6","140","492216","170","0","166","yes","710","","1024","NA","Olivia","key.","285","355","cleanedevo","495","fi","250","zer","210","closet","355","but","250","not","250","fi","250","jer","250"
"NA","NA","82.45614035087719","82.45614035087719","2882.7017543859647","2882.7017543859647","#242424","xpyriment","legacy","legacy","0","uniform","1","undefined","NA","NA","0","undefined","undefined","1","right_button","undefined","0","0","0","0","0","0","0","0","0","0","0","NA","NA","0","0","1","NA","NA","NA","NA","NA","NA","0","NA","0","166","166","166","166","NA","2","447","8","0","0","1168","0","0","0","0","0","0","0","166","0","NA","NA","166","166","166","166","166","3","166","166","167","0","0","0","NA","1","NA","0","0","3","0","0","166","166","166","0","0","0","0","0","0","0","0","0","NA","NA","0","0","NA","166","56","166","166","166","166","166","166","166","56","undefined","408","-411","Thu Oct  3 17:47:30 2024","750","The main experiment item","yes","active","Norway_Session_6.osexp","1","C:\Users\Tromso\Desktop\LESS\Session 6","no","no","mono","no","18","no","white","no","Click to confirm or to begin from default part if nothing selected","NA","yes","","active","differential object marking","2","article location violation","103","768","legacy","Mini-English","NA","List 1: grammatical, DOM violation, article location violation","166","166","C:/Users/Tromso/Desktop/LESS/Session 6/subject-9.csv","1.2.3","xpyriment","","NA","singular","Lentiform Loewenfeld","3.3.14","0","3","NA","space","NA","NA","NA","NA","NA","NA","NA","NA","NA","space","c","NA","space","NA","space","3","726","NA","9282","NA","NA","NA","NA","NA","NA","NA","NA","NA","34040","90525","NA","10897","NA","110933","726","NA","8789","NA","space","2","legacy","Harry forgot fi jesaucepan and fi jedrum too.","207","Session 6","NA","Experiment","2024-10-03 17:47","1024","2","48000","-16","Session6","Norway","9","odd","word4","48","NA","no","NA","109138","NA","26086","NA","16799","16795","5935","16795","NA","NA","NA","NA","NA","NA","NA","NA","NA","NA","NA","NA","NA","NA","NA","5934","1962965","2026139","2035141","2035693","NA","1851739","2038737","26086","NA","NA","2037162","NA","116646","NA","116649","NA","127550","238523","2032990","238513","NA","NA","2033012","2033683","2038991","2038990","2032990","16795","2030745","2030745","2039719","NA","NA","5935","NA","NA","NA","7993","NA","NA","NA","7994","2030732","1962455","2035646","5935","NA","5935","NA","NA","NA","16795","NA","5935","NA","NA","NA","8005","NA","2033953","2029751","2034529","2035140","2035646","2036404","2036909","2037502","2038341","2029041","Norway Session 6","141","492942","171","0","167","yes","615","","1024","NA","Harry","","","320","forgot","355","fi","250","jesaucepan","455","and","250","fi","250","jedrum","355","too.","285","",""
"NA","NA","82.55813953488372","82.55813953488372","2870.1918604651164","2870.1918604651164","#242424","xpyriment","legacy","legacy","0","uniform","1","undefined","NA","NA","0","undefined","undefined","1","right_button","undefined","0","0","0","0","0","0","0","0","0","0","0","NA","NA","0","0","1","NA","NA","NA","NA","NA","NA","0","NA","0","167","167","167","167","NA","2","449","8","0","0","1175","0","0","0","0","0","0","0","167","0","NA","NA","167","167","167","167","167","3","167","167","168","0","0","0","NA","1","NA","0","0","3","0","0","167","167","167","0","0","0","0","0","0","0","0","0","NA","NA","0","0","NA","167","56","167","167","167","167","167","167","167","56","undefined","408","-411","Thu Oct  3 17:47:30 2024","742","The main experiment item","yes","active","Norway_Session_6.osexp","1","C:\Users\Tromso\Desktop\LESS\Session 6","no","no","mono","no","18","no","white","no","Click to confirm or to begin from default part if nothing selected","NA","yes","neuter","active","gender agreement","1","number violation","103","768","legacy","Mini-English","NA","List 1: grammatical, gender violation, number violation","167","167","C:/Users/Tromso/Desktop/LESS/Session 6/subject-9.csv","1.2.3","xpyriment","2012","NA","plural","Lentiform Loewenfeld","3.3.14","0","3","NA","space","NA","NA","NA","NA","NA","NA","NA","NA","NA","space","c","NA","space","NA","space","3","731","NA","9282","NA","NA","NA","NA","NA","NA","NA","NA","NA","34040","90525","NA","10897","NA","110933","731","NA","8789","NA","space","2","legacy","Zer leaf look dangerousezu but zer mirror not.","177","Session 6","NA","Experiment","2024-10-03 17:47","1024","2","48000","-16","Session6","Norway","9","odd","word4","45","NA","no","NA","109138","NA","26086","NA","16799","16795","5935","16795","NA","NA","NA","NA","NA","NA","NA","NA","NA","NA","NA","NA","NA","NA","NA","5934","1962965","2026139","2043913","2044500","NA","1851739","2047600","26086","NA","NA","2046037","NA","116646","NA","116649","NA","127550","238523","2041904","238513","NA","NA","2041926","2042596","2047858","2047858","2041904","16795","2039739","2039739","2048590","NA","NA","5935","NA","NA","NA","7993","NA","NA","NA","7994","2039726","1962455","2044454","5935","NA","5935","NA","NA","NA","16795","NA","5935","NA","NA","NA","8005","NA","2042867","2029751","2043373","2043913","2044454","2045280","2045784","2046394","2047206","2029041","Norway Session 6","142","493673","172","0","168","yes","","copula_look","1024","NA","Zer","","","250","leaf","285","look","285","dangerousezu","525","but","250","zer","250","mirror","355","not.","285","",""
"NA","NA","82.65895953757226","82.65895953757226","2857.826589595376","2857.826589595376","#242424","xpyriment","legacy","legacy","0","uniform","1","undefined","NA","NA","0","undefined","undefined","1","right_button","undefined","0","0","0","0","0","0","0","0","0","0","0","NA","NA","0","0","1","NA","NA","NA","NA","NA","NA","0","NA","0","168","168","168","168","NA","2","451","8","0","0","1182","0","0","0","0","0","0","0","168","0","NA","NA","168","168","168","168","168","3","168","168","169","0","0","0","NA","1","NA","0","0","3","0","0","168","168","168","0","0","0","0","0","0","0","0","0","NA","NA","0","0","NA","168","56","168","168","168","168","168","168","168","56","undefined","408","-411","Thu Oct  3 17:47:30 2024","753","The main experiment item","yes","active","Norway_Session_6.osexp","1","C:\Users\Tromso\Desktop\LESS\Session 6","no","no","mono","no","18","no","white","no","Click to confirm or to begin from default part if nothing selected","NA","yes","","active","differential object marking","2","article location violation","103","768","legacy","Mini-English","NA","List 1: grammatical, DOM violation, article location violation","168","168","C:/Users/Tromso/Desktop/LESS/Session 6/subject-9.csv","1.2.3","xpyriment","","NA","singular","Lentiform Loewenfeld","3.3.14","0","3","NA","space","NA","NA","NA","NA","NA","NA","NA","NA","NA","space","c","NA","space","NA","space","3","731","NA","9282","NA","NA","NA","NA","NA","NA","NA","NA","NA","34040","90525","NA","10897","NA","110933","731","NA","8789","NA","space","2","legacy","Oliver dried fi jesaucepan and fi zemug too.","214","Session 6","NA","Experiment","2024-10-03 17:47","1024","2","48000","-16","Session6","Norway","9","odd","word4","48","NA","no","NA","109138","NA","26086","NA","16799","16795","5935","16795","NA","NA","NA","NA","NA","NA","NA","NA","NA","NA","NA","NA","NA","NA","NA","5934","1962965","2026139","2052950","2053501","NA","1851739","2056550","26086","NA","NA","2054968","NA","116646","NA","116649","NA","127550","238523","2050801","238513","NA","NA","2050823","2051493","2056802","2056802","2050801","16795","2048610","2048610","2057534","NA","NA","5935","NA","NA","NA","7993","NA","NA","NA","7994","2048594","1962455","2053455","5935","NA","5935","NA","NA","NA","16795","NA","5935","NA","NA","NA","8005","NA","2051763","2029751","2052374","2052950","2053455","2054211","2054715","2055330","2056119","2029041","Norway Session 6","143","494404","173","0","169","yes","1315","","1024","NA","Oliver","","","355","dried","320","fi","250","jesaucepan","455","and","250","fi","250","zemug","320","too.","285","",""
"NA","NA","82.75862068965517","82.75862068965517","2843.3505747126437","2843.3505747126437","#242424","xpyriment","legacy","legacy","0","uniform","1","undefined","NA","NA","0","undefined","undefined","1","right_button","undefined","0","0","0","0","0","0","0","0","0","0","0","NA","NA","0","0","1","NA","NA","NA","NA","NA","NA","0","NA","0","169","169","169","169","NA","2","453","8","0","0","1189","0","0","0","0","0","0","0","169","0","NA","NA","169","169","169","169","169","3","169","169","170","0","0","0","NA","1","NA","0","0","3","0","0","169","169","169","0","0","0","0","0","0","0","0","0","NA","NA","0","0","NA","169","56","169","169","169","169","169","169","169","56","undefined","407","-410","Thu Oct  3 17:47:30 2024","753","The main experiment item","yes","active","Norway_Session_6.osexp","1","C:\Users\Tromso\Desktop\LESS\Session 6","no","no","mono","no","18","no","white","no","Click to confirm or to begin from default part if nothing selected","NA","yes","","active","differential object marking","2","article location violation","103","768","legacy","Mini-English","NA","List 1: grammatical, DOM violation, article location violation","169","169","C:/Users/Tromso/Desktop/LESS/Session 6/subject-9.csv","1.2.3","xpyriment","","NA","singular","Lentiform Loewenfeld","3.3.14","0","3","NA","space","NA","NA","NA","NA","NA","NA","NA","NA","NA","space","c","NA","space","NA","space","3","339","NA","9282","NA","NA","NA","NA","NA","NA","NA","NA","NA","34040","90525","NA","10897","NA","110933","339","NA","8789","NA","space","2","legacy","Charlie fixed fi zestrawberry but not fi jebox.","252","Session 6","NA","Experiment","2024-10-03 17:47","1024","2","48000","-16","Session6","Norway","9","odd","word4","51","NA","no","NA","109138","NA","26086","NA","16799","16795","5935","16795","NA","NA","NA","NA","NA","NA","NA","NA","NA","NA","NA","NA","NA","NA","NA","5934","1962965","2026139","2061922","2062473","NA","1851739","2065581","26086","NA","NA","2064012","NA","116646","NA","116649","NA","127550","238523","2059738","238513","NA","NA","2059760","2060430","2065834","2065834","2059738","16795","2057552","2057552","2066173","NA","NA","5935","NA","NA","NA","7993","NA","NA","NA","7994","2057539","1962455","2062428","5935","NA","5935","NA","NA","NA","16795","NA","5935","NA","NA","NA","8005","NA","2060700","2029751","2061346","2061922","2062428","2063253","2063759","2064378","2065113","2029041","Norway Session 6","144","494743","174","0","170","yes","1521","","1024","NA","Charlie","","","390","fixed","320","fi","250","zestrawberry","525","but","250","not","250","fi","250","jebox.","355","",""
"NA","NA","82.85714285714286","82.85714285714286","2828.6057142857144","2828.6057142857144","#242424","xpyriment","legacy","legacy","0","uniform","1","undefined","NA","NA","0","undefined","undefined","1","right_button","undefined","0","0","0","0","0","0","0","0","0","0","0","NA","NA","0","0","1","NA","NA","NA","NA","NA","NA","0","NA","0","170","170","170","170","NA","2","455","8","0","0","1196","0","0","0","0","0","0","0","170","0","NA","NA","170","170","170","170","170","3","170","170","171","0","0","0","NA","1","NA","0","0","3","0","0","170","170","170","0","0","0","0","0","0","0","0","0","NA","NA","0","0","NA","170","56","170","170","170","170","170","170","170","56","undefined","406","-409","Thu Oct  3 17:47:30 2024","766","The main experiment item","yes","active","Norway_Session_6.osexp","1","C:\Users\Tromso\Desktop\LESS\Session 6","no","no","mono","no","18","no","white","no","Click to confirm or to begin from default part if nothing selected","NA","yes","","active","verb-object agreement","3","article location violation","103","768","legacy","Mini-English","NA","List 1: grammatical, VOA violation, article location violation","170","170","C:/Users/Tromso/Desktop/LESS/Session 6/subject-9.csv","1.2.3","xpyriment","","NA","plural","Lentiform Loewenfeld","3.3.14","0","3","NA","space","NA","NA","NA","NA","NA","NA","NA","NA","NA","space","c","NA","space","NA","space","3","263","NA","9282","NA","NA","NA","NA","NA","NA","NA","NA","NA","34040","90525","NA","10897","NA","110933","263","NA","8789","NA","space","2","legacy","Lily providedevo fi zerpool but not fi jerkey.","246","Session 6","NA","Experiment","2024-10-03 17:47","1024","2","48000","-16","Session6","Norway","9","odd","word4","51","NA","no","NA","109138","NA","26086","NA","16799","16795","5935","16795","NA","NA","NA","NA","NA","NA","NA","NA","NA","NA","NA","NA","NA","NA","NA","5934","1962965","2071874","2070718","2071270","NA","1851739","2074329","26086","NA","NA","2072733","NA","116646","NA","116649","NA","127550","238523","2068428","238513","NA","NA","2068451","2069122","2074582","2074582","2068428","16795","2066194","2066194","2074846","NA","NA","5935","NA","NA","NA","7993","NA","NA","NA","7994","2066181","1962455","2071224","5935","NA","5935","NA","NA","NA","16795","NA","5935","NA","NA","NA","8005","NA","2069391","2029751","2069932","2070718","2071224","2071976","2072481","2073103","2073824","2029041","Norway Session 6","145","495006","175","0","171","yes","912","","1024","NA","Lily","","","285","providedevo","530","fi","250","zerpool","350","but","250","not","250","fi","250","jerkey.","390","",""
"NA","NA","82.95454545454545","82.95454545454545","2813.6079545454545","2813.6079545454545","#242424","xpyriment","legacy","legacy","0","uniform","1","undefined","NA","NA","0","undefined","undefined","1","left_button","undefined","0","0","0","0","0","0","0","0","0","0","0","NA","NA","0","0","1","NA","NA","NA","NA","NA","NA","0","NA","0","171","171","171","171","NA","2","457","8","0","0","1203","0","0","0","0","0","0","0","171","0","NA","NA","171","171","171","171","171","3","171","171","172","0","0","0","NA","1","NA","0","0","3","0","0","171","171","171","0","0","0","0","0","0","0","0","0","NA","NA","0","0","NA","171","56","171","171","171","171","171","171","171","56","undefined","405","-408","Thu Oct  3 17:47:30 2024","751","The main experiment item","yes","active","Norway_Session_6.osexp","1","C:\Users\Tromso\Desktop\LESS\Session 6","no","no","mono","no","18","no","white","no","Click to confirm or to begin from default part if nothing selected","NA","yes","neuter","active","gender agreement","1","grammatical","101","768","legacy","Mini-English","NA","List 1: grammatical, gender violation, number violation","171","171","C:/Users/Tromso/Desktop/LESS/Session 6/subject-9.csv","1.2.3","xpyriment","2010","NA","plural","Lentiform Loewenfeld","3.3.14","0","1","NA","space","NA","NA","NA","NA","NA","NA","NA","NA","NA","space","c","NA","space","NA","space","1","189","NA","9282","NA","NA","NA","NA","NA","NA","NA","NA","NA","34040","90525","NA","10897","NA","110933","189","NA","8789","NA","space","2","legacy","Zer leaf look pinkezur but zer candle not.","153","Session 6","NA","Experiment","2024-10-03 17:47","1024","2","48000","-16","Session6","Norway","9","odd","word4","43","NA","no","NA","109138","NA","26086","NA","16799","16795","5935","16795","NA","NA","NA","NA","NA","NA","NA","NA","NA","NA","NA","NA","NA","NA","NA","5934","1962965","2080319","2079093","2079681","NA","1851739","2082727","26086","NA","NA","2081145","NA","116646","NA","116649","NA","127550","238523","2077081","238513","NA","NA","2077105","2077776","2082984","2082983","2077081","16795","2074867","2074867","2083175","NA","NA","5935","NA","NA","NA","7993","NA","NA","NA","7994","2074853","1962455","2079634","5935","NA","5935","NA","NA","NA","16795","NA","5935","NA","NA","NA","8005","NA","2078045","2029751","2078552","2079093","2079634","2080387","2080892","2081503","2082328","2029041","Norway Session 6","146","495195","176","0","172","yes","","copula_look","1024","NA","Zer","","","250","leaf","285","look","285","pinkezur","385","but","250","zer","250","candle","355","not.","285","",""
"NA","NA","83.05084745762711","83.05084745762711","2799.502824858757","2799.502824858757","#242424","xpyriment","legacy","legacy","0","uniform","1","undefined","NA","NA","0","undefined","undefined","1","right_button","undefined","0","0","0","0","0","0","0","0","0","0","0","NA","NA","0","0","1","NA","NA","NA","NA","NA","NA","0","NA","0","172","172","172","172","NA","2","459","8","0","0","1210","0","0","0","0","0","0","0","172","0","NA","NA","172","172","172","172","172","3","172","172","173","0","0","0","NA","1","NA","0","0","3","0","0","172","172","172","0","0","0","0","0","0","0","0","0","NA","NA","0","0","NA","172","56","172","172","172","172","172","172","172","56","undefined","405","-407","Thu Oct  3 17:47:30 2024","752","The main experiment item","yes","active","Norway_Session_6.osexp","1","C:\Users\Tromso\Desktop\LESS\Session 6","no","no","mono","no","18","no","white","no","Click to confirm or to begin from default part if nothing selected","NA","yes","","active","verb-object agreement","3","article location violation","103","768","legacy","Mini-English","NA","List 1: grammatical, VOA violation, article location violation","172","172","C:/Users/Tromso/Desktop/LESS/Session 6/subject-9.csv","1.2.3","xpyriment","","NA","plural","Lentiform Loewenfeld","3.3.14","0","3","NA","space","NA","NA","NA","NA","NA","NA","NA","NA","NA","space","c","NA","space","NA","space","3","317","NA","9282","NA","NA","NA","NA","NA","NA","NA","NA","NA","34040","90525","NA","10897","NA","110933","317","NA","8789","NA","space","2","legacy","Oliver providedevo fi zertable and fi jertruck too.","210","Session 6","NA","Experiment","2024-10-03 17:47","1024","2","48000","-16","Session6","Norway","9","odd","word4","48","NA","no","NA","109138","NA","26086","NA","16799","16795","5935","16795","NA","NA","NA","NA","NA","NA","NA","NA","NA","NA","NA","NA","NA","NA","NA","5934","1962965","2088964","2087774","2088325","NA","1851739","2091466","26086","NA","NA","2089789","NA","116646","NA","116649","NA","127550","238523","2085416","238513","NA","NA","2085438","2086108","2091719","2091719","2085416","16795","2083193","2083193","2092038","NA","NA","5935","NA","NA","NA","7993","NA","NA","NA","7994","2083179","1962455","2088279","5935","NA","5935","NA","NA","NA","16795","NA","5935","NA","NA","NA","8005","NA","2086378","2029751","2086988","2087774","2088279","2089031","2089537","2090150","2091074","2029041","Norway Session 6","147","495512","177","0","173","yes","99","","1024","NA","Oliver","","","355","providedevo","530","fi","250","zertable","385","and","250","fi","250","jertruck","425","too.","285","",""
"NA","NA","83.14606741573034","83.14606741573034","2785.044943820225","2785.044943820225","#242424","xpyriment","legacy","legacy","0","uniform","1","undefined","NA","NA","0","undefined","undefined","1","right_button","undefined","0","0","0","0","0","0","0","0","0","0","0","NA","NA","0","0","1","NA","NA","NA","NA","NA","NA","0","NA","0","173","173","173","173","NA","2","461","8","0","0","1217","0","0","0","0","0","0","0","173","0","NA","NA","173","173","173","173","173","3","173","173","174","0","0","0","NA","1","NA","0","0","3","0","0","173","173","173","0","0","0","0","0","0","0","0","0","NA","NA","0","0","NA","173","56","173","173","173","173","173","173","173","56","undefined","405","-407","Thu Oct  3 17:47:30 2024","750","The main experiment item","yes","active","Norway_Session_6.osexp","1","C:\Users\Tromso\Desktop\LESS\Session 6","no","no","mono","no","18","no","white","no","Click to confirm or to begin from default part if nothing selected","NA","yes","","active","verb-object agreement","3","article location violation","103","768","legacy","Mini-English","NA","List 1: grammatical, VOA violation, article location violation","173","173","C:/Users/Tromso/Desktop/LESS/Session 6/subject-9.csv","1.2.3","xpyriment","","NA","singular","Lentiform Loewenfeld","3.3.14","0","3","NA","space","NA","NA","NA","NA","NA","NA","NA","NA","NA","space","c","NA","space","NA","space","3","226","NA","9282","NA","NA","NA","NA","NA","NA","NA","NA","NA","34040","90525","NA","10897","NA","110933","226","NA","8789","NA","space","2","legacy","Ava dirtied fi zepool but not fi zecloset.","245","Session 6","NA","Experiment","2024-10-03 17:47","1024","2","48000","-16","Session6","Norway","9","odd","word4","51","NA","no","NA","109138","NA","26086","NA","16799","16795","5935","16795","NA","NA","NA","NA","NA","NA","NA","NA","NA","NA","NA","NA","NA","NA","NA","5934","1962965","2097542","2096419","2096973","NA","1851739","2100094","26086","NA","NA","2098438","NA","116646","NA","116649","NA","127550","238523","2094307","238513","NA","NA","2094329","2094999","2100347","2100347","2094307","16795","2092060","2092060","2100577","NA","NA","5935","NA","NA","NA","7993","NA","NA","NA","7994","2092045","1962455","2096925","5935","NA","5935","NA","NA","NA","16795","NA","5935","NA","NA","NA","8005","NA","2095269","2029751","2095774","2096419","2096925","2097680","2098186","2098804","2099520","2029041","Norway Session 6","148","495738","178","0","174","yes","812","","1024","NA","Ava","","","250","dirtied","390","fi","250","zepool","315","but","250","not","250","fi","250","zecloset.","460","",""
"NA","NA","83.24022346368714","83.24022346368714","2770.217877094972","2770.217877094972","#242424","xpyriment","legacy","legacy","0","uniform","1","undefined","NA","NA","0","undefined","undefined","1","right_button","undefined","0","0","0","0","0","0","0","0","0","0","0","NA","NA","0","0","1","NA","NA","NA","NA","NA","NA","0","NA","0","174","174","174","174","NA","2","463","8","0","0","1224","0","0","0","0","0","0","0","174","0","NA","NA","174","174","174","174","174","3","174","174","175","0","0","0","NA","1","NA","0","0","3","0","0","174","174","174","0","0","0","0","0","0","0","0","0","NA","NA","0","0","NA","174","56","174","174","174","174","174","174","174","56","undefined","405","-406","Thu Oct  3 17:47:30 2024","762","The main experiment item","yes","active","Norway_Session_6.osexp","1","C:\Users\Tromso\Desktop\LESS\Session 6","no","no","mono","no","18","no","white","no","Click to confirm or to begin from default part if nothing selected","NA","yes","","active","differential object marking","2","article location violation","103","768","legacy","Mini-English","NA","List 1: grammatical, DOM violation, article location violation","174","174","C:/Users/Tromso/Desktop/LESS/Session 6/subject-9.csv","1.2.3","xpyriment","","NA","singular","Lentiform Loewenfeld","3.3.14","0","3","NA","space","NA","NA","NA","NA","NA","NA","NA","NA","NA","space","c","NA","space","NA","space","3","131","NA","9282","NA","NA","NA","NA","NA","NA","NA","NA","NA","34040","90525","NA","10897","NA","110933","131","NA","8789","NA","space","2","legacy","Jessica ordered fi jewall and fi zeleaf too.","139","Session 6","NA","Experiment","2024-10-03 17:47","1024","2","48000","-16","Session6","Norway","9","odd","word4","42","NA","no","NA","109138","NA","26086","NA","16799","16795","5935","16795","NA","NA","NA","NA","NA","NA","NA","NA","NA","NA","NA","NA","NA","NA","NA","5934","1962965","2106177","2105059","2105609","NA","1851739","2108621","26086","NA","NA","2107072","NA","116646","NA","116649","NA","127550","238523","2102805","238513","NA","NA","2102827","2103498","2108874","2108874","2102805","16795","2100601","2100601","2109006","NA","NA","5935","NA","NA","NA","7993","NA","NA","NA","7994","2100586","1962455","2105563","5935","NA","5935","NA","NA","NA","16795","NA","5935","NA","NA","NA","8005","NA","2103767","2029751","2104413","2105059","2105563","2106315","2106819","2107435","2108244","2029041","Norway Session 6","149","495869","179","0","175","yes","103","","1024","NA","Jessica","","","390","ordered","390","fi","250","jewall","315","and","250","fi","250","zeleaf","355","too.","285","",""
"NA","NA","82.77777777777777","82.77777777777777","2756.3555555555554","2756.3555555555554","#242424","xpyriment","legacy","legacy","0","uniform","0","undefined","NA","NA","0","undefined","undefined","0","right_button","undefined","0","0","0","0","0","0","0","0","0","0","0","NA","NA","0","0","1","NA","NA","NA","NA","NA","NA","0","NA","0","175","175","175","175","NA","2","465","8","0","0","1231","0","0","0","0","0","0","0","175","0","NA","NA","175","175","175","175","175","3","175","175","176","0","0","0","NA","1","NA","0","0","3","0","0","175","175","175","0","0","0","0","0","0","0","0","0","NA","NA","0","0","NA","175","56","175","175","175","175","175","175","175","56","undefined","404","-405","Thu Oct  3 17:47:30 2024","743","The main experiment item","yes","active","Norway_Session_6.osexp","1","C:\Users\Tromso\Desktop\LESS\Session 6","no","no","mono","no","18","no","white","no","Click to confirm or to begin from default part if nothing selected","NA","yes","","active","differential object marking","2","DOM violation","102","768","legacy","Mini-English","NA","List 1: grammatical, DOM violation, article location violation","175","175","C:/Users/Tromso/Desktop/LESS/Session 6/subject-9.csv","1.2.3","xpyriment","","NA","singular","Lentiform Loewenfeld","3.3.14","0","1","NA","space","NA","NA","NA","NA","NA","NA","NA","NA","NA","space","c","NA","space","NA","space","1","275","NA","9282","NA","NA","NA","NA","NA","NA","NA","NA","NA","34040","90525","NA","10897","NA","110933","275","NA","8789","NA","space","2","legacy","Emily provided ze leaf and ze tray too.","234","Session 6","NA","Experiment","2024-10-03 17:47","1024","2","48000","-16","Session6","Norway","9","odd","word3","50","NA","no","NA","109138","NA","26086","NA","16799","16795","5935","16795","NA","NA","NA","NA","NA","NA","NA","NA","NA","NA","NA","NA","NA","NA","NA","5934","2113976","2106177","2113513","2114219","NA","1851739","2117020","26086","NA","NA","2115519","NA","116646","NA","116649","NA","127550","238523","2111242","238513","NA","NA","2111265","2111936","2117273","2117273","2111242","16795","2109025","2109025","2117550","NA","NA","5935","NA","NA","NA","7993","NA","NA","NA","7994","2109011","2113465","2105563","5935","NA","5935","NA","NA","NA","16795","NA","5935","NA","NA","NA","8005","NA","2112208","2029751","2112785","2113465","2114219","2114760","2115266","2115877","2116627","2029041","Norway Session 6","149","496144","180","0","176","yes","920","","1024","NA","Emily","","","320","provided","425","ze","210","leaf","285","and","250","ze","250","tray","285","too.","285","",""
"NA","NA","82.87292817679558","82.87292817679558","2743.513812154696","2743.513812154696","#242424","xpyriment","legacy","legacy","0","uniform","1","undefined","NA","NA","0","undefined","undefined","1","left_button","undefined","0","0","0","0","0","0","0","0","0","0","0","NA","NA","0","0","1","NA","NA","NA","NA","NA","NA","0","NA","0","176","176","176","176","NA","2","469","8","0","0","1238","0","0","0","0","0","0","0","176","0","NA","NA","176","176","176","176","176","3","176","176","177","0","0","0","NA","1","NA","0","0","3","0","0","176","176","176","0","0","0","0","0","0","0","0","0","NA","NA","0","0","NA","176","57","176","176","176","176","176","176","176","57","undefined","403","-400","Thu Oct  3 17:47:30 2024","739","The main experiment item","yes","active","Norway_Session_6.osexp","1","C:\Users\Tromso\Desktop\LESS\Session 6","no","no","mono","no","18","no","white","no","Click to confirm or to begin from default part if nothing selected","NA","yes","","active","differential object marking","2","grammatical","101","768","legacy","Mini-English","NA","List 1: grammatical, DOM violation, article location violation","176","176","C:/Users/Tromso/Desktop/LESS/Session 6/subject-9.csv","1.2.3","xpyriment","","NA","singular","Lentiform Loewenfeld","3.3.14","0","1","NA","space","NA","NA","NA","NA","NA","NA","NA","NA","NA","space","c","NA","space","NA","space","1","432","NA","9282","NA","NA","NA","NA","NA","NA","NA","NA","NA","34040","90525","NA","10897","NA","110933","432","NA","8789","NA","space","2","legacy","Amelia dirtied fi ze letter but not fi je box.","149","Session 6","NA","Experiment","2024-10-03 17:47","1024","2","48000","-16","Session6","Norway","9","odd","word4","43","NA","no","NA","109138","NA","26086","NA","16799","16795","5935","16795","NA","NA","NA","NA","NA","NA","NA","NA","NA","NA","NA","NA","NA","NA","NA","5934","2113976","2123028","2122012","2122564","NA","1851739","2127040","26086","NA","NA","2124135","NA","116646","NA","116649","NA","127550","238523","2119797","238513","NA","NA","2119820","2120490","2127293","2127293","2119798","16795","2117571","2117571","2127727","NA","NA","5935","NA","NA","NA","7993","NA","NA","NA","7994","2117557","2113465","2122518","5935","NA","5935","NA","NA","NA","16795","NA","5935","NA","NA","NA","8005","NA","2120758","2126646","2121368","2122012","2122518","2123272","2123882","2124492","2125213","2125936","Norway Session 6","150","496576","181","0","177","yes","87","","1024","NA","Amelia","box.","285","355","dirtied","390","fi","250","ze","210","letter","355","but","250","not","250","fi","250","je","250"
"NA","NA","82.96703296703296","82.96703296703296","2729.4945054945056","2729.4945054945056","#242424","xpyriment","legacy","legacy","0","uniform","1","undefined","NA","NA","0","undefined","undefined","1","right_button","undefined","0","0","0","0","0","0","0","0","0","0","0","NA","NA","0","0","1","NA","NA","NA","NA","NA","NA","0","NA","0","177","177","177","177","NA","2","473","8","0","0","1245","0","0","0","0","0","0","0","177","0","NA","NA","177","177","177","177","177","3","177","177","178","0","0","0","NA","1","NA","0","0","3","0","0","177","177","177","0","0","0","0","0","0","0","0","0","NA","NA","0","0","NA","177","58","177","177","177","177","177","177","177","58","undefined","403","-400","Thu Oct  3 17:47:30 2024","750","The main experiment item","yes","active","Norway_Session_6.osexp","1","C:\Users\Tromso\Desktop\LESS\Session 6","no","no","mono","no","18","no","white","no","Click to confirm or to begin from default part if nothing selected","NA","yes","","active","verb-object agreement","3","VOA violation","102","768","legacy","Mini-English","NA","List 1: grammatical, VOA violation, article location violation","177","177","C:/Users/Tromso/Desktop/LESS/Session 6/subject-9.csv","1.2.3","xpyriment","","NA","singular","Lentiform Loewenfeld","3.3.14","0","3","NA","space","NA","NA","NA","NA","NA","NA","NA","NA","NA","space","c","NA","space","NA","space","3","192","NA","9282","NA","NA","NA","NA","NA","NA","NA","NA","NA","34040","90525","NA","10897","NA","110933","192","NA","8789","NA","space","2","legacy","Olivia wettedevo fi je truck and fi ze table too.","167","Session 6","NA","Experiment","2024-10-03 17:47","1024","2","48000","-16","Session6","Norway","9","odd","word4","44","NA","no","NA","109138","NA","26086","NA","16799","16795","5935","16795","NA","NA","NA","NA","NA","NA","NA","NA","NA","NA","NA","NA","NA","NA","NA","5934","2113976","2133136","2132121","2132672","NA","1851739","2137201","26086","NA","NA","2134206","NA","116646","NA","116649","NA","127550","238523","2129835","238513","NA","NA","2129856","2130526","2137453","2137453","2129835","16795","2127750","2127751","2137646","NA","NA","5935","NA","NA","NA","7993","NA","NA","NA","7994","2127736","2113465","2132626","5935","NA","5935","NA","NA","NA","16795","NA","5935","NA","NA","NA","8005","NA","2130795","2136810","2131406","2132121","2132626","2133379","2133954","2134564","2135287","2136023","Norway Session 6","151","496768","182","0","178","yes","145","","1024","NA","Olivia","too.","285","355","wettedevo","460","fi","250","je","210","truck","320","and","250","fi","250","ze","250","table","320"
"NA","NA","83.06010928961749","83.06010928961749","2715.3497267759562","2715.3497267759562","#242424","xpyriment","legacy","legacy","0","uniform","1","undefined","NA","NA","0","undefined","undefined","1","right_button","undefined","0","0","0","0","0","0","0","0","0","0","0","NA","NA","0","0","1","NA","NA","NA","NA","NA","NA","0","NA","0","178","178","178","178","NA","2","475","8","0","0","1252","0","0","0","0","0","0","0","178","0","NA","NA","178","178","178","178","178","3","178","178","179","0","0","0","NA","1","NA","0","0","3","0","0","178","178","178","0","0","0","0","0","0","0","0","0","NA","NA","0","0","NA","178","58","178","178","178","178","178","178","178","58","undefined","403","-400","Thu Oct  3 17:47:30 2024","751","The main experiment item","yes","active","Norway_Session_6.osexp","1","C:\Users\Tromso\Desktop\LESS\Session 6","no","no","mono","no","18","no","white","no","Click to confirm or to begin from default part if nothing selected","NA","yes","neuter","active","gender agreement","1","number violation","103","768","legacy","Mini-English","NA","List 1: grammatical, gender violation, number violation","178","178","C:/Users/Tromso/Desktop/LESS/Session 6/subject-9.csv","1.2.3","xpyriment","2215","NA","singular","Lentiform Loewenfeld","3.3.14","0","3","NA","space","NA","NA","NA","NA","NA","NA","NA","NA","NA","space","c","NA","space","NA","space","3","141","NA","9282","NA","NA","NA","NA","NA","NA","NA","NA","NA","34040","90525","NA","10897","NA","110933","141","NA","8789","NA","space","2","legacy","Ze tie is dryezur and ze leaf too.","215","Session 6","NA","Experiment","2024-10-03 17:47","1024","2","48000","-16","Session6","Norway","9","odd","word4","48","NA","no","NA","109138","NA","26086","NA","16799","16795","5935","16795","NA","NA","NA","NA","NA","NA","NA","NA","NA","NA","NA","NA","NA","NA","NA","5934","2113976","2142841","2141685","2142238","NA","1851739","2145219","26086","NA","NA","2143702","NA","116646","NA","116649","NA","127550","238523","2139713","238513","NA","NA","2139736","2140406","2145472","2145472","2139713","16795","2137667","2137667","2145614","NA","NA","5935","NA","NA","NA","7993","NA","NA","NA","7994","2137653","2113465","2142191","5935","NA","5935","NA","NA","NA","16795","NA","5935","NA","NA","NA","8005","NA","2140673","2136810","2141179","2141685","2142191","2142944","2143450","2144054","2144812","2136023","Norway Session 6","152","496909","183","0","179","yes","","copula_be","1024","NA","Ze","","","250","tie","250","is","250","dryezur","350","and","250","ze","250","leaf","285","too.","285","",""
"NA","NA","83.15217391304348","83.15217391304348","2701.717391304348","2701.717391304348","#242424","xpyriment","legacy","legacy","0","uniform","1","undefined","NA","NA","0","undefined","undefined","1","right_button","undefined","0","0","0","0","0","0","0","0","0","0","0","NA","NA","0","0","1","NA","NA","NA","NA","NA","NA","0","NA","0","179","179","179","179","NA","2","477","8","0","0","1259","0","0","0","0","0","0","0","179","0","NA","NA","179","179","179","179","179","3","179","179","180","0","0","0","NA","1","NA","0","0","3","0","0","179","179","179","0","0","0","0","0","0","0","0","0","NA","NA","0","0","NA","179","58","179","179","179","179","179","179","179","58","undefined","402","-399","Thu Oct  3 17:47:30 2024","727","The main experiment item","yes","active","Norway_Session_6.osexp","1","C:\Users\Tromso\Desktop\LESS\Session 6","no","no","mono","no","18","no","white","no","Click to confirm or to begin from default part if nothing selected","NA","yes","","active","verb-object agreement","3","article location violation","103","768","legacy","Mini-English","NA","List 1: grammatical, VOA violation, article location violation","179","179","C:/Users/Tromso/Desktop/LESS/Session 6/subject-9.csv","1.2.3","xpyriment","","NA","singular","Lentiform Loewenfeld","3.3.14","0","3","NA","space","NA","NA","NA","NA","NA","NA","NA","NA","NA","space","c","NA","space","NA","space","3","207","NA","9282","NA","NA","NA","NA","NA","NA","NA","NA","NA","34040","90525","NA","10897","NA","110933","207","NA","8789","NA","space","2","legacy","Harry forgot fi zetable and fi zeletter too.","207","Session 6","NA","Experiment","2024-10-03 17:47","1024","2","48000","-16","Session6","Norway","9","odd","word4","48","NA","no","NA","109138","NA","26086","NA","16799","16795","5935","16795","NA","NA","NA","NA","NA","NA","NA","NA","NA","NA","NA","NA","NA","NA","NA","5934","2113976","2151051","2149897","2150448","NA","1851739","2153564","26086","NA","NA","2151913","NA","116646","NA","116649","NA","127550","238523","2147748","238513","NA","NA","2147771","2148441","2153822","2153821","2147748","16795","2145635","2145635","2154030","NA","NA","5935","NA","NA","NA","7993","NA","NA","NA","7994","2145621","2113465","2150403","5935","NA","5935","NA","NA","NA","16795","NA","5935","NA","NA","NA","8005","NA","2148711","2136810","2149287","2149897","2150403","2151154","2151660","2152265","2153170","2136023","Norway Session 6","153","497116","184","0","180","yes","69","","1024","NA","Harry","","","320","forgot","355","fi","250","zetable","350","and","250","fi","250","zeletter","425","too.","285","",""
"NA","NA","83.24324324324324","83.24324324324324","2687.9135135135134","2687.9135135135134","#242424","xpyriment","legacy","legacy","0","uniform","1","undefined","NA","NA","0","undefined","undefined","1","right_button","undefined","0","0","0","0","0","0","0","0","0","0","0","NA","NA","0","0","1","NA","NA","NA","NA","NA","NA","0","NA","0","180","180","180","180","NA","2","481","8","0","0","1266","0","0","0","0","0","0","0","180","0","NA","NA","180","180","180","180","180","3","180","180","181","0","0","0","NA","1","NA","0","0","3","0","0","180","180","180","0","0","0","0","0","0","0","0","0","NA","NA","0","0","NA","180","59","180","180","180","180","180","180","180","59","undefined","402","-399","Thu Oct  3 17:47:30 2024","755","The main experiment item","yes","active","Norway_Session_6.osexp","1","C:\Users\Tromso\Desktop\LESS\Session 6","no","no","mono","no","18","no","white","no","Click to confirm or to begin from default part if nothing selected","NA","yes","","active","verb-object agreement","3","VOA violation","102","768","legacy","Mini-English","NA","List 1: grammatical, VOA violation, article location violation","180","180","C:/Users/Tromso/Desktop/LESS/Session 6/subject-9.csv","1.2.3","xpyriment","","NA","singular","Lentiform Loewenfeld","3.3.14","0","3","NA","space","NA","NA","NA","NA","NA","NA","NA","NA","NA","space","c","NA","space","NA","space","3","148","NA","9282","NA","NA","NA","NA","NA","NA","NA","NA","NA","34040","90525","NA","10897","NA","110933","148","NA","8789","NA","space","2","legacy","Jack refusedevo fi je truck and fi ze table too.","165","Session 6","NA","Experiment","2024-10-03 17:47","1024","2","48000","-16","Session6","Norway","9","odd","word4","44","NA","no","NA","109138","NA","26086","NA","16799","16795","5935","16795","NA","NA","NA","NA","NA","NA","NA","NA","NA","NA","NA","NA","NA","NA","NA","5934","2113976","2159419","2158406","2158957","NA","1851739","2163452","26086","NA","NA","2160490","NA","116646","NA","116649","NA","127550","238523","2156155","238513","NA","NA","2156177","2156848","2163705","2163705","2156155","16795","2154048","2154048","2163854","NA","NA","5935","NA","NA","NA","7993","NA","NA","NA","7994","2154034","2113465","2158911","5935","NA","5935","NA","NA","NA","16795","NA","5935","NA","NA","NA","8005","NA","2157116","2163061","2157655","2158405","2158911","2159662","2160238","2160848","2161561","2162278","Norway Session 6","154","497264","185","0","181","yes","125","","1024","NA","Jack","too.","285","285","refusedevo","495","fi","250","je","210","truck","320","and","250","fi","250","ze","250","table","320"
"NA","NA","83.33333333333333","83.33333333333333","2675.064516129032","2675.064516129032","#242424","xpyriment","legacy","legacy","0","uniform","1","undefined","NA","NA","0","undefined","undefined","1","right_button","undefined","0","0","0","0","0","0","0","0","0","0","0","NA","NA","0","0","1","NA","NA","NA","NA","NA","NA","0","NA","0","181","181","181","181","NA","2","483","8","0","0","1273","0","0","0","0","0","0","0","181","0","NA","NA","181","181","181","181","181","3","181","181","182","0","0","0","NA","1","NA","0","0","3","0","0","181","181","181","0","0","0","0","0","0","0","0","0","NA","NA","0","0","NA","181","59","181","181","181","181","181","181","181","59","undefined","398","-392","Thu Oct  3 17:47:30 2024","743","The main experiment item","yes","active","Norway_Session_6.osexp","1","C:\Users\Tromso\Desktop\LESS\Session 6","no","no","mono","no","18","no","white","no","Click to confirm or to begin from default part if nothing selected","NA","yes","","active","differential object marking","2","article location violation","103","768","legacy","Mini-English","NA","List 1: grammatical, DOM violation, article location violation","181","181","C:/Users/Tromso/Desktop/LESS/Session 6/subject-9.csv","1.2.3","xpyriment","","NA","singular","Lentiform Loewenfeld","3.3.14","0","3","NA","space","NA","NA","NA","NA","NA","NA","NA","NA","NA","space","c","NA","space","NA","space","3","298","NA","9282","NA","NA","NA","NA","NA","NA","NA","NA","NA","34040","90525","NA","10897","NA","110933","298","NA","8789","NA","space","2","legacy","Harry spoiled fi jewall and fi jestreet too.","145","Session 6","NA","Experiment","2024-10-03 17:47","1024","2","48000","-16","Session6","Norway","9","odd","word4","42","NA","no","NA","109138","NA","26086","NA","16799","16795","5935","16795","NA","NA","NA","NA","NA","NA","NA","NA","NA","NA","NA","NA","NA","NA","NA","5934","2113976","2169363","2168244","2168794","NA","1851739","2171925","26086","NA","NA","2170260","NA","116646","NA","116649","NA","127550","238523","2166060","238513","NA","NA","2166082","2166753","2172179","2172178","2166060","16795","2163874","2163874","2172478","NA","NA","5935","NA","NA","NA","7993","NA","NA","NA","7994","2163859","2113465","2168748","5935","NA","5935","NA","NA","NA","16795","NA","5935","NA","NA","NA","8005","NA","2167023","2163061","2167598","2168244","2168748","2169502","2170008","2170619","2171531","2162278","Norway Session 6","155","497562","186","0","182","yes","163","","1024","NA","Harry","","","320","spoiled","390","fi","250","jewall","315","and","250","fi","250","jestreet","425","too.","285","",""
"NA","NA","83.42245989304813","83.42245989304813","2661.818181818182","2661.818181818182","#242424","xpyriment","legacy","legacy","0","uniform","1","undefined","NA","NA","0","undefined","undefined","1","right_button","undefined","0","0","0","0","0","0","0","0","0","0","0","NA","NA","0","0","1","NA","NA","NA","NA","NA","NA","0","NA","0","182","182","182","182","NA","2","485","8","0","0","1280","0","0","0","0","0","0","0","182","0","NA","NA","182","182","182","182","182","3","182","182","183","0","0","0","NA","1","NA","0","0","3","0","0","182","182","182","0","0","0","0","0","0","0","0","0","NA","NA","0","0","NA","182","59","182","182","182","182","182","182","182","59","undefined","397","-390","Thu Oct  3 17:47:30 2024","759","The main experiment item","yes","active","Norway_Session_6.osexp","1","C:\Users\Tromso\Desktop\LESS\Session 6","no","no","mono","no","18","no","white","no","Click to confirm or to begin from default part if nothing selected","NA","yes","","active","differential object marking","2","article location violation","103","768","legacy","Mini-English","NA","List 1: grammatical, DOM violation, article location violation","182","182","C:/Users/Tromso/Desktop/LESS/Session 6/subject-9.csv","1.2.3","xpyriment","","NA","singular","Lentiform Loewenfeld","3.3.14","0","3","NA","space","NA","NA","NA","NA","NA","NA","NA","NA","NA","space","c","NA","space","NA","space","3","198","NA","9282","NA","NA","NA","NA","NA","NA","NA","NA","NA","34040","90525","NA","10897","NA","110933","198","NA","8789","NA","space","2","legacy","Harry remembered fi zetable but not fi zemug.","170","Session 6","NA","Experiment","2024-10-03 17:47","1024","2","48000","-16","Session6","Norway","9","odd","word4","45","NA","no","NA","109138","NA","26086","NA","16799","16795","5935","16795","NA","NA","NA","NA","NA","NA","NA","NA","NA","NA","NA","NA","NA","NA","NA","5934","2113976","2178133","2176979","2177530","NA","1851739","2180546","26086","NA","NA","2178995","NA","116646","NA","116649","NA","127550","238523","2174687","238513","NA","NA","2174710","2175382","2180799","2180799","2174687","16795","2172500","2172500","2180998","NA","NA","5935","NA","NA","NA","7993","NA","NA","NA","7994","2172485","2113465","2177484","5935","NA","5935","NA","NA","NA","16795","NA","5935","NA","NA","NA","8005","NA","2175652","2163061","2176229","2176979","2177484","2178236","2178741","2179357","2180084","2162278","Norway Session 6","156","497760","187","0","183","yes","59","","1024","NA","Harry","","","320","remembered","495","fi","250","zetable","350","but","250","not","250","fi","250","zemug.","355","",""
"NA","NA","83.51063829787235","83.51063829787235","2648.494680851064","2648.494680851064","#242424","xpyriment","legacy","legacy","0","uniform","1","undefined","NA","NA","0","undefined","undefined","1","left_button","undefined","0","0","0","0","0","0","0","0","0","0","0","NA","NA","0","0","1","NA","NA","NA","NA","NA","NA","0","NA","0","183","183","183","183","NA","2","489","8","0","0","1287","0","0","0","0","0","0","0","183","0","NA","NA","183","183","183","183","183","3","183","183","184","0","0","0","NA","1","NA","0","0","3","0","0","183","183","183","0","0","0","0","0","0","0","0","0","NA","NA","0","0","NA","183","60","183","183","183","183","183","183","183","60","undefined","396","-388","Thu Oct  3 17:47:30 2024","753","The main experiment item","yes","active","Norway_Session_6.osexp","1","C:\Users\Tromso\Desktop\LESS\Session 6","no","no","mono","no","18","no","white","no","Click to confirm or to begin from default part if nothing selected","NA","yes","","active","verb-object agreement","3","grammatical","101","768","legacy","Mini-English","NA","List 1: grammatical, VOA violation, article location violation","183","183","C:/Users/Tromso/Desktop/LESS/Session 6/subject-9.csv","1.2.3","xpyriment","","NA","singular","Lentiform Loewenfeld","3.3.14","0","1","NA","space","NA","NA","NA","NA","NA","NA","NA","NA","NA","space","c","NA","space","NA","space","1","157","NA","9282","NA","NA","NA","NA","NA","NA","NA","NA","NA","34040","90525","NA","10897","NA","110933","157","NA","8789","NA","space","2","legacy","Oliver wetted fi ze letter and fi je pencil too.","191","Session 6","NA","Experiment","2024-10-03 17:47","1024","2","48000","-16","Session6","Norway","9","odd","word4","46","NA","no","NA","109138","NA","26086","NA","16799","16795","5935","16795","NA","NA","NA","NA","NA","NA","NA","NA","NA","NA","NA","NA","NA","NA","NA","5934","2113976","2186380","2185365","2185918","NA","1851739","2190562","26086","NA","NA","2187485","NA","116646","NA","116649","NA","127550","238523","2183180","238513","NA","NA","2183202","2183873","2190815","2190815","2183180","16795","2181017","2181017","2190974","NA","NA","5935","NA","NA","NA","7993","NA","NA","NA","7994","2181005","2113465","2185870","5935","NA","5935","NA","NA","NA","16795","NA","5935","NA","NA","NA","8005","NA","2184144","2190164","2184755","2185365","2185870","2186623","2187232","2187847","2188605","2189326","Norway Session 6","157","497917","188","0","184","yes","147","","1024","NA","Oliver","too.","285","355","wetted","355","fi","250","ze","210","letter","355","and","250","fi","250","je","250","pencil","355"
"NA","NA","83.5978835978836","83.5978835978836","2636.4497354497353","2636.4497354497353","#242424","xpyriment","legacy","legacy","0","uniform","1","undefined","NA","NA","0","undefined","undefined","1","right_button","undefined","0","0","0","0","0","0","0","0","0","0","0","NA","NA","0","0","1","NA","NA","NA","NA","NA","NA","0","NA","0","184","184","184","184","NA","2","491","8","0","0","1294","0","0","0","0","0","0","0","184","0","NA","NA","184","184","184","184","184","3","184","184","185","0","0","0","NA","1","NA","0","0","3","0","0","184","184","184","0","0","0","0","0","0","0","0","0","NA","NA","0","0","NA","184","60","184","184","184","184","184","184","184","60","undefined","393","-377","Thu Oct  3 17:47:30 2024","762","The main experiment item","yes","active","Norway_Session_6.osexp","1","C:\Users\Tromso\Desktop\LESS\Session 6","no","no","mono","no","18","no","white","no","Click to confirm or to begin from default part if nothing selected","NA","yes","neuter","active","gender agreement","1","gender violation","102","768","legacy","Mini-English","NA","List 1: grammatical, gender violation, number violation","184","184","C:/Users/Tromso/Desktop/LESS/Session 6/subject-9.csv","1.2.3","xpyriment","218","NA","plural","Lentiform Loewenfeld","3.3.14","0","3","NA","space","NA","NA","NA","NA","NA","NA","NA","NA","NA","space","c","NA","space","NA","space","3","372","NA","9282","NA","NA","NA","NA","NA","NA","NA","NA","NA","34040","90525","NA","10897","NA","110933","372","NA","8789","NA","space","2","legacy","Zer strawberry look darkejur but zer tie not.","130","Session 6","NA","Experiment","2024-10-03 17:47","1024","2","48000","-16","Session6","Norway","9","odd","word4","41","NA","no","NA","109138","NA","26086","NA","16799","16795","5935","16795","NA","NA","NA","NA","NA","NA","NA","NA","NA","NA","NA","NA","NA","NA","NA","5934","2113976","2196682","2195456","2196044","NA","1851739","2199005","26086","NA","NA","2197507","NA","116646","NA","116649","NA","127550","238523","2193235","238513","NA","NA","2193258","2193929","2199257","2199257","2193236","16795","2190991","2190991","2199632","NA","NA","5935","NA","NA","NA","7993","NA","NA","NA","7994","2190978","2113465","2195997","5935","NA","5935","NA","NA","NA","16795","NA","5935","NA","NA","NA","8005","NA","2194199","2190164","2194704","2195456","2195997","2196750","2197255","2197865","2198593","2189326","Norway Session 6","158","498289","189","0","185","yes","","copula_look","1024","NA","Zer","","","250","strawberry","495","look","285","darkejur","385","but","250","zer","250","tie","250","not.","285","",""
"NA","NA","83.6842105263158","83.6842105263158","2624.3842105263157","2624.3842105263157","#242424","xpyriment","legacy","legacy","0","uniform","1","undefined","NA","NA","0","undefined","undefined","1","right_button","undefined","0","0","0","0","0","0","0","0","0","0","0","NA","NA","0","0","1","NA","NA","NA","NA","NA","NA","0","NA","0","185","185","185","185","NA","2","493","8","0","0","1301","0","0","0","0","0","0","0","185","0","NA","NA","185","185","185","185","185","3","185","185","186","0","0","0","NA","1","NA","0","0","3","0","0","185","185","185","0","0","0","0","0","0","0","0","0","NA","NA","0","0","NA","185","60","185","185","185","185","185","185","185","60","undefined","391","-374","Thu Oct  3 17:47:30 2024","750","The main experiment item","yes","active","Norway_Session_6.osexp","1","C:\Users\Tromso\Desktop\LESS\Session 6","no","no","mono","no","18","no","white","no","Click to confirm or to begin from default part if nothing selected","NA","yes","common","active","gender agreement","1","number violation","103","768","legacy","Mini-English","NA","List 1: grammatical, gender violation, number violation","185","185","C:/Users/Tromso/Desktop/LESS/Session 6/subject-9.csv","1.2.3","xpyriment","149","NA","singular","Lentiform Loewenfeld","3.3.14","0","3","NA","space","NA","NA","NA","NA","NA","NA","NA","NA","NA","space","c","NA","space","NA","space","3","344","NA","9282","NA","NA","NA","NA","NA","NA","NA","NA","NA","34040","90525","NA","10897","NA","110933","344","NA","8789","NA","space","2","legacy","Je box is blackejur and je dress too.","135","Session 6","NA","Experiment","2024-10-03 17:47","1024","2","48000","-16","Session6","Norway","9","odd","word4","42","NA","no","NA","109138","NA","26086","NA","16799","16795","5935","16795","NA","NA","NA","NA","NA","NA","NA","NA","NA","NA","NA","NA","NA","NA","NA","5934","2113976","2205071","2203844","2204397","NA","1851739","2207456","26086","NA","NA","2205863","NA","116646","NA","116649","NA","127550","238523","2201871","238513","NA","NA","2201894","2202564","2207709","2207709","2201871","16795","2199654","2199654","2208056","NA","NA","5935","NA","NA","NA","7993","NA","NA","NA","7994","2199636","2113465","2204349","5935","NA","5935","NA","NA","NA","16795","NA","5935","NA","NA","NA","8005","NA","2202833","2190164","2203339","2203844","2204349","2205104","2205610","2206228","2207023","2189326","Norway Session 6","159","498633","190","0","186","yes","","copula_be","1024","NA","Je","","","250","box","250","is","250","blackejur","420","and","250","je","250","dress","320","too.","285","",""
"NA","NA","83.24607329842932","83.24607329842932","2613.0680628272253","2613.0680628272253","#242424","xpyriment","legacy","legacy","0","uniform","0","undefined","NA","NA","0","undefined","undefined","0","right_button","undefined","0","0","0","0","0","0","0","0","0","0","0","NA","NA","0","0","1","NA","NA","NA","NA","NA","NA","0","NA","0","186","186","186","186","NA","2","495","8","0","0","1308","0","0","0","0","0","0","0","186","0","NA","NA","186","186","186","186","186","3","186","186","187","0","0","0","NA","1","NA","0","0","3","0","0","186","186","186","0","0","0","0","0","0","0","0","0","NA","NA","0","0","NA","186","60","186","186","186","186","186","186","186","60","undefined","391","-372","Thu Oct  3 17:47:30 2024","749","The main experiment item","yes","active","Norway_Session_6.osexp","1","C:\Users\Tromso\Desktop\LESS\Session 6","no","no","mono","no","18","no","white","no","Click to confirm or to begin from default part if nothing selected","NA","yes","","active","differential object marking","2","DOM violation","102","768","legacy","Mini-English","NA","List 1: grammatical, DOM violation, article location violation","186","186","C:/Users/Tromso/Desktop/LESS/Session 6/subject-9.csv","1.2.3","xpyriment","","NA","singular","Lentiform Loewenfeld","3.3.14","0","1","NA","space","NA","NA","NA","NA","NA","NA","NA","NA","NA","space","c","NA","space","NA","space","1","463","NA","9282","NA","NA","NA","NA","NA","NA","NA","NA","NA","34040","90525","NA","10897","NA","110933","463","NA","8789","NA","space","2","legacy","Jacob dirtied ze mug and je key too.","161","Session 6","NA","Experiment","2024-10-03 17:47","1024","2","48000","-16","Session6","Norway","9","odd","word3","44","NA","no","NA","109138","NA","26086","NA","16799","16795","5935","16795","NA","NA","NA","NA","NA","NA","NA","NA","NA","NA","NA","NA","NA","NA","NA","5934","2213049","2205071","2212586","2213291","NA","1851739","2216024","26086","NA","NA","2214554","NA","116646","NA","116649","NA","127550","238523","2210356","238513","NA","NA","2210379","2211049","2216277","2216277","2210356","16795","2208077","2208077","2216743","NA","NA","5935","NA","NA","NA","7993","NA","NA","NA","7994","2208063","2212539","2204349","5935","NA","5935","NA","NA","NA","16795","NA","5935","NA","NA","NA","8005","NA","2211318","2190164","2211894","2212539","2213291","2213797","2214302","2214910","2215636","2189326","Norway Session 6","159","499096","191","0","187","yes","88","","1024","NA","Jacob","","","320","dirtied","390","ze","210","mug","250","and","250","je","250","key","250","too.","285","",""
"NA","NA","83.33333333333333","83.33333333333333","2600.2552083333335","2600.2552083333335","#242424","xpyriment","legacy","legacy","0","uniform","1","undefined","NA","NA","0","undefined","undefined","1","right_button","undefined","0","0","0","0","0","0","0","0","0","0","0","NA","NA","0","0","1","NA","NA","NA","NA","NA","NA","0","NA","0","187","187","187","187","NA","2","497","8","0","0","1315","0","0","0","0","0","0","0","187","0","NA","NA","187","187","187","187","187","3","187","187","188","0","0","0","NA","1","NA","0","0","3","0","0","187","187","187","0","0","0","0","0","0","0","0","0","NA","NA","0","0","NA","187","60","187","187","187","187","187","187","187","60","undefined","391","-372","Thu Oct  3 17:47:30 2024","757","The main experiment item","yes","active","Norway_Session_6.osexp","1","C:\Users\Tromso\Desktop\LESS\Session 6","no","no","mono","no","18","no","white","no","Click to confirm or to begin from default part if nothing selected","NA","yes","common","active","gender agreement","1","gender violation","102","768","legacy","Mini-English","NA","List 1: grammatical, gender violation, number violation","187","187","C:/Users/Tromso/Desktop/LESS/Session 6/subject-9.csv","1.2.3","xpyriment","1311","NA","singular","Lentiform Loewenfeld","3.3.14","0","3","NA","space","NA","NA","NA","NA","NA","NA","NA","NA","NA","space","c","NA","space","NA","space","3","153","NA","9282","NA","NA","NA","NA","NA","NA","NA","NA","NA","34040","90525","NA","10897","NA","110933","153","NA","8789","NA","space","2","legacy","Je drum is safezu and je dress too.","158","Session 6","NA","Experiment","2024-10-03 17:47","1024","2","48000","-16","Session6","Norway","9","odd","word4","44","NA","no","NA","109138","NA","26086","NA","16799","16795","5935","16795","NA","NA","NA","NA","NA","NA","NA","NA","NA","NA","NA","NA","NA","NA","NA","5934","2213049","2222061","2220942","2221493","NA","1851739","2224503","26086","NA","NA","2222955","NA","116646","NA","116649","NA","127550","238523","2218936","238513","NA","NA","2218958","2219628","2224756","2224756","2218936","16795","2216762","2216762","2224911","NA","NA","5935","NA","NA","NA","7993","NA","NA","NA","7994","2216748","2212539","2221448","5935","NA","5935","NA","NA","NA","16795","NA","5935","NA","NA","NA","8005","NA","2219896","2190164","2220400","2220942","2221448","2222198","2222703","2223316","2224111","2189326","Norway Session 6","160","499249","192","0","188","yes","","copula_be","1024","NA","Je","","","250","drum","285","is","250","safezu","315","and","250","je","250","dress","320","too.","285","",""
"NA","NA","83.41968911917098","83.41968911917098","2589.1295336787566","2589.1295336787566","#242424","xpyriment","legacy","legacy","0","uniform","1","undefined","NA","NA","0","undefined","undefined","1","right_button","undefined","0","0","0","0","0","0","0","0","0","0","0","NA","NA","0","0","1","NA","NA","NA","NA","NA","NA","0","NA","0","188","188","188","188","NA","2","499","8","0","0","1322","0","0","0","0","0","0","0","188","0","NA","NA","188","188","188","188","188","3","188","188","189","0","0","0","NA","1","NA","0","0","3","0","0","188","188","188","0","0","0","0","0","0","0","0","0","NA","NA","0","0","NA","188","60","188","188","188","188","188","188","188","60","undefined","391","-371","Thu Oct  3 17:47:30 2024","758","The main experiment item","yes","active","Norway_Session_6.osexp","1","C:\Users\Tromso\Desktop\LESS\Session 6","no","no","mono","no","18","no","white","no","Click to confirm or to begin from default part if nothing selected","NA","yes","","active","verb-object agreement","3","article location violation","103","768","legacy","Mini-English","NA","List 1: grammatical, VOA violation, article location violation","188","188","C:/Users/Tromso/Desktop/LESS/Session 6/subject-9.csv","1.2.3","xpyriment","","NA","plural","Lentiform Loewenfeld","3.3.14","0","3","NA","space","NA","NA","NA","NA","NA","NA","NA","NA","NA","space","c","NA","space","NA","space","3","453","NA","9282","NA","NA","NA","NA","NA","NA","NA","NA","NA","34040","90525","NA","10897","NA","110933","453","NA","8789","NA","space","2","legacy","Jacob providedevo fi jerpencil but not fi zertable.","174","Session 6","NA","Experiment","2024-10-03 17:47","1024","2","48000","-16","Session6","Norway","9","odd","word4","45","NA","no","NA","109138","NA","26086","NA","16799","16795","5935","16795","NA","NA","NA","NA","NA","NA","NA","NA","NA","NA","NA","NA","NA","NA","NA","5934","2213049","2230651","2229425","2229977","NA","1851739","2233098","26086","NA","NA","2231441","NA","116646","NA","116649","NA","127550","238523","2227102","238513","NA","NA","2227125","2227795","2233352","2233351","2227102","16795","2224930","2224930","2233807","NA","NA","5935","NA","NA","NA","7993","NA","NA","NA","7994","2224915","2212539","2229930","5935","NA","5935","NA","NA","NA","16795","NA","5935","NA","NA","NA","8005","NA","2228063","2190164","2228639","2229425","2229930","2230683","2231188","2231784","2232527","2189326","Norway Session 6","161","499702","193","0","189","yes","96","","1024","NA","Jacob","","","320","providedevo","530","fi","250","jerpencil","420","but","250","not","250","fi","250","zertable.","460","",""
"NA","NA","83.50515463917526","83.50515463917526","2581.675257731959","2581.675257731959","#242424","xpyriment","legacy","legacy","0","uniform","1","undefined","NA","NA","0","undefined","undefined","1","right_button","undefined","0","0","0","0","0","0","0","0","0","0","0","NA","NA","0","0","1","NA","NA","NA","NA","NA","NA","0","NA","0","189","189","189","189","NA","2","501","8","0","0","1329","0","0","0","0","0","0","0","189","0","NA","NA","189","189","189","189","189","3","189","189","190","0","0","0","NA","1","NA","0","0","3","0","0","189","189","189","0","0","0","0","0","0","0","0","0","NA","NA","0","0","NA","189","60","189","189","189","189","189","189","189","60","undefined","391","-369","Thu Oct  3 17:47:30 2024","756","The main experiment item","yes","active","Norway_Session_6.osexp","1","C:\Users\Tromso\Desktop\LESS\Session 6","no","no","mono","no","18","no","white","no","Click to confirm or to begin from default part if nothing selected","NA","yes","neuter","active","gender agreement","1","gender violation","102","768","legacy","Mini-English","NA","List 1: grammatical, gender violation, number violation","189","189","C:/Users/Tromso/Desktop/LESS/Session 6/subject-9.csv","1.2.3","xpyriment","2114","NA","plural","Lentiform Loewenfeld","3.3.14","0","3","NA","space","NA","NA","NA","NA","NA","NA","NA","NA","NA","space","c","NA","space","NA","space","3","1143","NA","9282","NA","NA","NA","NA","NA","NA","NA","NA","NA","34040","90525","NA","10897","NA","110933","1143","NA","8789","NA","space","2","legacy","Zer strawberry look badejur but zer mirror not.","202","Session 6","NA","Experiment","2024-10-03 17:47","1024","2","48000","-16","Session6","Norway","9","odd","word4","47","NA","no","NA","109138","NA","26086","NA","16799","16795","5935","16795","NA","NA","NA","NA","NA","NA","NA","NA","NA","NA","NA","NA","NA","NA","NA","5934","2213049","2239479","2238289","2238875","NA","1851739","2241937","26086","NA","NA","2240341","NA","116646","NA","116649","NA","127550","238523","2236070","238513","NA","NA","2236092","2236763","2242190","2242190","2236070","16795","2233829","2233829","2243334","NA","NA","5935","NA","NA","NA","7993","NA","NA","NA","7994","2233815","2212539","2238830","5935","NA","5935","NA","NA","NA","16795","NA","5935","NA","NA","NA","8005","NA","2237033","2190164","2237539","2238289","2238830","2239582","2240089","2240694","2241543","2189326","Norway Session 6","162","500845","194","0","190","yes","","copula_look","1024","NA","Zer","","","250","strawberry","495","look","285","badejur","350","but","250","zer","250","mirror","355","not.","285","",""
"NA","NA","83.07692307692308","83.07692307692308","2569.148717948718","2569.148717948718","#242424","xpyriment","legacy","legacy","0","uniform","0","undefined","NA","NA","0","undefined","undefined","0","right_button","undefined","0","0","0","0","0","0","0","0","0","0","0","NA","NA","0","0","1","NA","NA","NA","NA","NA","NA","0","NA","0","190","190","190","190","NA","2","503","8","0","0","1336","0","0","0","0","0","0","0","190","0","NA","NA","190","190","190","190","190","3","190","190","191","0","0","0","NA","1","NA","0","0","3","0","0","190","190","190","0","0","0","0","0","0","0","0","0","NA","NA","0","0","NA","190","60","190","190","190","190","190","190","190","60","undefined","391","-367","Thu Oct  3 17:47:30 2024","740","The main experiment item","yes","active","Norway_Session_6.osexp","1","C:\Users\Tromso\Desktop\LESS\Session 6","no","no","mono","no","18","no","white","no","Click to confirm or to begin from default part if nothing selected","NA","yes","","active","differential object marking","2","DOM violation","102","768","legacy","Mini-English","NA","List 1: grammatical, DOM violation, article location violation","190","190","C:/Users/Tromso/Desktop/LESS/Session 6/subject-9.csv","1.2.3","xpyriment","","NA","singular","Lentiform Loewenfeld","3.3.14","0","1","NA","space","NA","NA","NA","NA","NA","NA","NA","NA","NA","space","c","NA","space","NA","space","1","139","NA","9282","NA","NA","NA","NA","NA","NA","NA","NA","NA","34040","90525","NA","10897","NA","110933","139","NA","8789","NA","space","2","legacy","Ava spoiled je key but not ze table.","133","Session 6","NA","Experiment","2024-10-03 17:47","1024","2","48000","-16","Session6","Norway","9","odd","word3","41","NA","no","NA","109138","NA","26086","NA","16799","16795","5935","16795","NA","NA","NA","NA","NA","NA","NA","NA","NA","NA","NA","NA","NA","NA","NA","5934","2248147","2239479","2247684","2248390","NA","1851739","2251205","26086","NA","NA","2249652","NA","116646","NA","116649","NA","127550","238523","2245525","238513","NA","NA","2245547","2246217","2251458","2251458","2245525","16795","2243356","2243356","2251599","NA","NA","5935","NA","NA","NA","7993","NA","NA","NA","7994","2243341","2247637","2238830","5935","NA","5935","NA","NA","NA","16795","NA","5935","NA","NA","NA","8005","NA","2246486","2190164","2246992","2247637","2248390","2248896","2249400","2250024","2250742","2189326","Norway Session 6","162","500984","195","0","191","yes","162","","1024","NA","Ava","","","250","spoiled","390","je","210","key","250","but","250","not","250","ze","250","table.","355","",""
"NA","NA","83.16326530612245","83.16326530612245","2557.0102040816328","2557.0102040816328","#242424","xpyriment","legacy","legacy","0","uniform","1","undefined","NA","NA","0","undefined","undefined","1","left_button","undefined","0","0","0","0","0","0","0","0","0","0","0","NA","NA","0","0","1","NA","NA","NA","NA","NA","NA","0","NA","0","191","191","191","191","NA","2","507","8","0","0","1343","0","0","0","0","0","0","0","191","0","NA","NA","191","191","191","191","191","3","191","191","192","0","0","0","NA","1","NA","0","0","3","0","0","191","191","191","0","0","0","0","0","0","0","0","0","NA","NA","0","0","NA","191","61","191","191","191","191","191","191","191","61","undefined","390","-365","Thu Oct  3 17:47:30 2024","750","The main experiment item","yes","active","Norway_Session_6.osexp","1","C:\Users\Tromso\Desktop\LESS\Session 6","no","no","mono","no","18","no","white","no","Click to confirm or to begin from default part if nothing selected","NA","yes","","active","differential object marking","2","grammatical","101","768","legacy","Mini-English","NA","List 1: grammatical, DOM violation, article location violation","191","191","C:/Users/Tromso/Desktop/LESS/Session 6/subject-9.csv","1.2.3","xpyriment","","NA","singular","Lentiform Loewenfeld","3.3.14","0","1","NA","space","NA","NA","NA","NA","NA","NA","NA","NA","NA","space","c","NA","space","NA","space","1","190","NA","9282","NA","NA","NA","NA","NA","NA","NA","NA","NA","34040","90525","NA","10897","NA","110933","190","NA","8789","NA","space","2","legacy","Ava fixed fi ze tray but not fi ze table.","228","Session 6","NA","Experiment","2024-10-03 17:47","1024","2","48000","-16","Session6","Norway","9","odd","word4","49","NA","no","NA","109138","NA","26086","NA","16799","16795","5935","16795","NA","NA","NA","NA","NA","NA","NA","NA","NA","NA","NA","NA","NA","NA","NA","5934","2248147","2256888","2255871","2256424","NA","1851739","2260906","26086","NA","NA","2257926","NA","116646","NA","116649","NA","127550","238523","2253830","238513","NA","NA","2253852","2254523","2261159","2261159","2253830","16795","2251619","2251619","2261351","NA","NA","5935","NA","NA","NA","7993","NA","NA","NA","7994","2251606","2247637","2256377","5935","NA","5935","NA","NA","NA","16795","NA","5935","NA","NA","NA","8005","NA","2254792","2260441","2255296","2255871","2256377","2257132","2257672","2258287","2259014","2259741","Norway Session 6","163","501174","196","0","192","yes","1519","","1024","NA","Ava","table.","355","250","fixed","320","fi","250","ze","210","tray","285","but","250","not","250","fi","250","ze","250"
"NA","NA","83.248730964467","83.248730964467","2545.4263959390864","2545.4263959390864","#242424","xpyriment","legacy","legacy","0","uniform","1","undefined","NA","NA","0","undefined","undefined","1","right_button","undefined","0","0","0","0","0","0","0","0","0","0","0","NA","NA","0","0","1","NA","NA","NA","NA","NA","NA","0","NA","0","192","192","192","192","NA","2","509","8","0","0","1350","0","0","0","0","0","0","0","192","0","NA","NA","192","192","192","192","192","3","192","192","193","0","0","0","NA","1","NA","0","0","3","0","0","192","192","192","0","0","0","0","0","0","0","0","0","NA","NA","0","0","NA","192","61","192","192","192","192","192","192","192","61","undefined","390","-364","Thu Oct  3 17:47:30 2024","759","The main experiment item","yes","active","Norway_Session_6.osexp","1","C:\Users\Tromso\Desktop\LESS\Session 6","no","no","mono","no","18","no","white","no","Click to confirm or to begin from default part if nothing selected","NA","yes","common","active","gender agreement","1","number violation","103","768","legacy","Mini-English","NA","List 1: grammatical, gender violation, number violation","192","192","C:/Users/Tromso/Desktop/LESS/Session 6/subject-9.csv","1.2.3","xpyriment","1512","NA","plural","Lentiform Loewenfeld","3.3.14","0","3","NA","space","NA","NA","NA","NA","NA","NA","NA","NA","NA","space","c","NA","space","NA","space","3","275","NA","9282","NA","NA","NA","NA","NA","NA","NA","NA","NA","34040","90525","NA","10897","NA","110933","275","NA","8789","NA","space","2","legacy","Jer saucepan look dangerouseju but jer dress not.","172","Session 6","NA","Experiment","2024-10-03 17:47","1024","2","48000","-16","Session6","Norway","9","odd","word4","45","NA","no","NA","109138","NA","26086","NA","16799","16795","5935","16795","NA","NA","NA","NA","NA","NA","NA","NA","NA","NA","NA","NA","NA","NA","NA","5934","2248147","2256888","2265734","2266321","NA","1851739","2269461","26086","NA","NA","2267860","NA","116646","NA","116649","NA","127550","238523","2263587","238513","NA","NA","2263610","2264280","2269714","2269714","2263587","16795","2261370","2261370","2269991","NA","NA","5935","NA","NA","NA","7993","NA","NA","NA","7994","2261356","2247637","2266274","5935","NA","5935","NA","NA","NA","16795","NA","5935","NA","NA","NA","8005","NA","2264549","2260441","2265054","2265734","2266274","2267102","2267608","2268223","2269056","2259741","Norway Session 6","164","501449","197","0","193","yes","","copula_look","1024","NA","Jer","","","250","saucepan","425","look","285","dangerouseju","525","but","250","jer","250","dress","320","not.","285","",""
"NA","NA","83.33333333333333","83.33333333333333","2533.550505050505","2533.550505050505","#242424","xpyriment","legacy","legacy","0","uniform","1","undefined","NA","NA","0","undefined","undefined","1","right_button","undefined","0","0","0","0","0","0","0","0","0","0","0","NA","NA","0","0","1","NA","NA","NA","NA","NA","NA","0","NA","0","193","193","193","193","NA","2","511","8","0","0","1357","0","0","0","0","0","0","0","193","0","NA","NA","193","193","193","193","193","3","193","193","194","0","0","0","NA","1","NA","0","0","3","0","0","193","193","193","0","0","0","0","0","0","0","0","0","NA","NA","0","0","NA","193","61","193","193","193","193","193","193","193","61","undefined","390","-364","Thu Oct  3 17:47:30 2024","769","The main experiment item","yes","active","Norway_Session_6.osexp","1","C:\Users\Tromso\Desktop\LESS\Session 6","no","no","mono","no","18","no","white","no","Click to confirm or to begin from default part if nothing selected","NA","yes","","active","verb-object agreement","3","article location violation","103","768","legacy","Mini-English","NA","List 1: grammatical, VOA violation, article location violation","193","193","C:/Users/Tromso/Desktop/LESS/Session 6/subject-9.csv","1.2.3","xpyriment","","NA","singular","Lentiform Loewenfeld","3.3.14","0","3","NA","space","NA","NA","NA","NA","NA","NA","NA","NA","NA","space","c","NA","space","NA","space","3","194","NA","9282","NA","NA","NA","NA","NA","NA","NA","NA","NA","34040","90525","NA","10897","NA","110933","194","NA","8789","NA","space","2","legacy","Thomas ordered fi zepool but not fi zecloset.","247","Session 6","NA","Experiment","2024-10-03 17:47","1024","2","48000","-16","Session6","Norway","9","odd","word4","51","NA","no","NA","109138","NA","26086","NA","16799","16795","5935","16795","NA","NA","NA","NA","NA","NA","NA","NA","NA","NA","NA","NA","NA","NA","NA","5934","2248147","2275613","2274491","2275044","NA","1851739","2278205","26086","NA","NA","2276509","NA","116646","NA","116649","NA","127550","238523","2272273","238513","NA","NA","2272295","2272967","2278459","2278459","2272273","16795","2270009","2270010","2278655","NA","NA","5935","NA","NA","NA","7993","NA","NA","NA","7994","2269995","2247637","2274996","5935","NA","5935","NA","NA","NA","16795","NA","5935","NA","NA","NA","8005","NA","2273237","2260441","2273847","2274491","2274996","2275751","2276256","2276881","2277627","2259741","Norway Session 6","165","501643","198","0","194","yes","1012","","1024","NA","Thomas","","","355","ordered","390","fi","250","zepool","315","but","250","not","250","fi","250","zecloset.","460","",""
"NA","NA","83.41708542713567","83.41708542713567","2522.497487437186","2522.497487437186","#242424","xpyriment","legacy","legacy","0","uniform","1","undefined","NA","NA","0","undefined","undefined","1","right_button","undefined","0","0","0","0","0","0","0","0","0","0","0","NA","NA","0","0","1","NA","NA","NA","NA","NA","NA","0","NA","0","194","194","194","194","NA","2","513","8","0","0","1364","0","0","0","0","0","0","0","194","0","NA","NA","194","194","194","194","194","3","194","194","195","0","0","0","NA","1","NA","0","0","3","0","0","194","194","194","0","0","0","0","0","0","0","0","0","NA","NA","0","0","NA","194","61","194","194","194","194","194","194","194","61","undefined","390","-363","Thu Oct  3 17:47:30 2024","747","The main experiment item","yes","active","Norway_Session_6.osexp","1","C:\Users\Tromso\Desktop\LESS\Session 6","no","no","mono","no","18","no","white","no","Click to confirm or to begin from default part if nothing selected","NA","yes","","active","verb-object agreement","3","article location violation","103","768","legacy","Mini-English","NA","List 1: grammatical, VOA violation, article location violation","194","194","C:/Users/Tromso/Desktop/LESS/Session 6/subject-9.csv","1.2.3","xpyriment","","NA","singular","Lentiform Loewenfeld","3.3.14","0","3","NA","space","NA","NA","NA","NA","NA","NA","NA","NA","NA","space","c","NA","space","NA","space","3","334","NA","9282","NA","NA","NA","NA","NA","NA","NA","NA","NA","34040","90525","NA","10897","NA","110933","334","NA","8789","NA","space","2","legacy","Amelia wetted fi jepencil but not fi zeletter.","179","Session 6","NA","Experiment","2024-10-03 17:47","1024","2","48000","-16","Session6","Norway","9","odd","word4","45","NA","no","NA","109138","NA","26086","NA","16799","16795","5935","16795","NA","NA","NA","NA","NA","NA","NA","NA","NA","NA","NA","NA","NA","NA","NA","5934","2248147","2284319","2283130","2283681","NA","1851739","2286802","26086","NA","NA","2285144","NA","116646","NA","116649","NA","127550","238523","2280947","238513","NA","NA","2280970","2281640","2287055","2287054","2280947","16795","2278677","2278677","2287390","NA","NA","5935","NA","NA","NA","7993","NA","NA","NA","7994","2278662","2247637","2283635","5935","NA","5935","NA","NA","NA","16795","NA","5935","NA","NA","NA","8005","NA","2281908","2260441","2282520","2283130","2283635","2284386","2284891","2285493","2286223","2259741","Norway Session 6","166","501977","199","0","195","yes","146","","1024","NA","Amelia","","","355","wetted","355","fi","250","jepencil","385","but","250","not","250","fi","250","zeletter.","460","",""
"NA","NA","83.5","83.5","2510.775","2510.775","#242424","xpyriment","legacy","legacy","0","uniform","1","undefined","NA","NA","0","undefined","undefined","1","right_button","undefined","0","0","0","0","0","0","0","0","0","0","0","NA","NA","0","0","1","NA","NA","NA","NA","NA","NA","0","NA","0","195","195","195","195","NA","2","515","8","0","0","1371","0","0","0","0","0","0","0","195","0","NA","NA","195","195","195","195","195","3","195","195","196","0","0","0","NA","1","NA","0","0","3","0","0","195","195","195","0","0","0","0","0","0","0","0","0","NA","NA","0","0","NA","195","61","195","195","195","195","195","195","195","61","undefined","387","-357","Thu Oct  3 17:47:30 2024","761","The main experiment item","yes","active","Norway_Session_6.osexp","1","C:\Users\Tromso\Desktop\LESS\Session 6","no","no","mono","no","18","no","white","no","Click to confirm or to begin from default part if nothing selected","NA","yes","neuter","active","gender agreement","1","gender violation","102","768","legacy","Mini-English","NA","List 1: grammatical, gender violation, number violation","195","195","C:/Users/Tromso/Desktop/LESS/Session 6/subject-9.csv","1.2.3","xpyriment","2011","NA","singular","Lentiform Loewenfeld","3.3.14","0","3","NA","space","NA","NA","NA","NA","NA","NA","NA","NA","NA","space","c","NA","space","NA","space","3","178","NA","9282","NA","NA","NA","NA","NA","NA","NA","NA","NA","34040","90525","NA","10897","NA","110933","178","NA","8789","NA","space","2","legacy","Ze leaf is safeju and ze tie too.","165","Session 6","NA","Experiment","2024-10-03 17:47","1024","2","48000","-16","Session6","Norway","9","odd","word4","44","NA","no","NA","109138","NA","26086","NA","16799","16795","5935","16795","NA","NA","NA","NA","NA","NA","NA","NA","NA","NA","NA","NA","NA","NA","NA","5934","2248147","2292746","2291627","2292178","NA","1851739","2295134","26086","NA","NA","2293643","NA","116646","NA","116649","NA","127550","238523","2289618","238513","NA","NA","2289641","2290311","2295387","2295387","2289619","16795","2287410","2287410","2295568","NA","NA","5935","NA","NA","NA","7993","NA","NA","NA","7994","2287396","2247637","2292134","5935","NA","5935","NA","NA","NA","16795","NA","5935","NA","NA","NA","8005","NA","2290581","2260441","2291086","2291627","2292133","2292883","2293390","2294013","2294726","2259741","Norway Session 6","167","502155","200","0","196","yes","","copula_be","1024","NA","Ze","","","250","leaf","285","is","250","safeju","315","and","250","ze","250","tie","250","too.","285","",""
"NA","NA","83.58208955223881","83.58208955223881","2499.646766169154","2499.646766169154","#242424","xpyriment","legacy","legacy","0","uniform","1","undefined","NA","NA","0","undefined","undefined","1","right_button","undefined","0","0","0","0","0","0","0","0","0","0","0","NA","NA","0","0","1","NA","NA","NA","NA","NA","NA","0","NA","0","196","196","196","196","NA","2","517","8","0","0","1378","0","0","0","0","0","0","0","196","0","NA","NA","196","196","196","196","196","3","196","196","197","0","0","0","NA","1","NA","0","0","3","0","0","196","196","196","0","0","0","0","0","0","0","0","0","NA","NA","0","0","NA","196","61","196","196","196","196","196","196","196","61","undefined","387","-356","Thu Oct  3 17:47:30 2024","756","The main experiment item","yes","active","Norway_Session_6.osexp","1","C:\Users\Tromso\Desktop\LESS\Session 6","no","no","mono","no","18","no","white","no","Click to confirm or to begin from default part if nothing selected","NA","yes","neuter","active","gender agreement","1","number violation","103","768","legacy","Mini-English","NA","List 1: grammatical, gender violation, number violation","196","196","C:/Users/Tromso/Desktop/LESS/Session 6/subject-9.csv","1.2.3","xpyriment","2018","NA","plural","Lentiform Loewenfeld","3.3.14","0","3","NA","space","NA","NA","NA","NA","NA","NA","NA","NA","NA","space","c","NA","space","NA","space","3","274","NA","9282","NA","NA","NA","NA","NA","NA","NA","NA","NA","34040","90525","NA","10897","NA","110933","274","NA","8789","NA","space","2","legacy","Zer leaf look purplezu but zer mirror not.","249","Session 6","NA","Experiment","2024-10-03 17:47","1024","2","48000","-16","Session6","Norway","9","odd","word4","51","NA","no","NA","109138","NA","26086","NA","16799","16795","5935","16795","NA","NA","NA","NA","NA","NA","NA","NA","NA","NA","NA","NA","NA","NA","NA","5934","2248147","2301035","2299810","2300397","NA","1851739","2303462","26086","NA","NA","2301862","NA","116646","NA","116649","NA","127550","238523","2297800","238513","NA","NA","2297823","2298493","2303715","2303715","2297800","16795","2295587","2295587","2303991","NA","NA","5935","NA","NA","NA","7993","NA","NA","NA","7994","2295573","2247637","2300351","5935","NA","5935","NA","NA","NA","16795","NA","5935","NA","NA","NA","8005","NA","2298763","2260441","2299269","2299810","2300351","2301103","2301610","2302236","2303069","2259741","Norway Session 6","168","502429","201","0","197","yes","","copula_look","1024","NA","Zer","","","250","leaf","285","look","285","purplezu","385","but","250","zer","250","mirror","355","not.","285","",""
"NA","NA","83.16831683168317","83.16831683168317","2496.871287128713","2496.871287128713","#242424","xpyriment","legacy","legacy","0","uniform","0","undefined","NA","NA","0","undefined","undefined","0","right_button","undefined","0","0","0","0","0","0","0","0","0","0","0","NA","NA","0","0","1","NA","NA","NA","NA","NA","NA","0","NA","0","197","197","197","197","NA","2","519","8","0","0","1385","0","0","0","0","0","0","0","197","0","NA","NA","197","197","197","197","197","3","197","197","198","0","0","0","NA","1","NA","0","0","3","0","0","197","197","197","0","0","0","0","0","0","0","0","0","NA","NA","0","0","NA","197","61","197","197","197","197","197","197","197","61","undefined","384","-345","Thu Oct  3 17:47:30 2024","741","The main experiment item","yes","active","Norway_Session_6.osexp","1","C:\Users\Tromso\Desktop\LESS\Session 6","no","no","mono","no","18","no","white","no","Click to confirm or to begin from default part if nothing selected","NA","yes","","active","differential object marking","2","DOM violation","102","768","legacy","Mini-English","NA","List 1: grammatical, DOM violation, article location violation","197","197","C:/Users/Tromso/Desktop/LESS/Session 6/subject-9.csv","1.2.3","xpyriment","","NA","singular","Lentiform Loewenfeld","3.3.14","0","1","NA","space","NA","NA","NA","NA","NA","NA","NA","NA","NA","space","c","NA","space","NA","space","1","1939","NA","9282","NA","NA","NA","NA","NA","NA","NA","NA","NA","34040","90525","NA","10897","NA","110933","1939","NA","8789","NA","space","2","legacy","Ava cleaned ze leaf and ze mug too.","232","Session 6","NA","Experiment","2024-10-03 17:47","1024","2","48000","-16","Session6","Norway","9","odd","word3","50","NA","no","NA","109138","NA","26086","NA","16799","16795","5935","16795","NA","NA","NA","NA","NA","NA","NA","NA","NA","NA","NA","NA","NA","NA","NA","5934","2308852","2301035","2308389","2309095","NA","1851739","2311877","26086","NA","NA","2310393","NA","116646","NA","116649","NA","127550","238523","2306230","238513","NA","NA","2306253","2306923","2312130","2312130","2306230","16795","2304014","2304014","2314070","NA","NA","5935","NA","NA","NA","7993","NA","NA","NA","7994","2303998","2308344","2300351","5935","NA","5935","NA","NA","NA","16795","NA","5935","NA","NA","NA","8005","NA","2307193","2260441","2307699","2308344","2309095","2309636","2310141","2310751","2311479","2259741","Norway Session 6","168","504368","202","0","198","yes","720","","1024","NA","Ava","","","250","cleaned","390","ze","210","leaf","285","and","250","ze","250","mug","250","too.","285","",""
"NA","NA","83.2512315270936","83.2512315270936","2490.9310344827586","2490.9310344827586","#242424","xpyriment","legacy","legacy","0","uniform","1","undefined","NA","NA","0","undefined","undefined","1","right_button","undefined","0","0","0","0","0","0","0","0","0","0","0","NA","NA","0","0","1","NA","NA","NA","NA","NA","NA","0","NA","0","198","198","198","198","NA","2","521","8","0","0","1392","0","0","0","0","0","0","0","198","0","NA","NA","198","198","198","198","198","3","198","198","199","0","0","0","NA","1","NA","0","0","3","0","0","198","198","198","0","0","0","0","0","0","0","0","0","NA","NA","0","0","NA","198","61","198","198","198","198","198","198","198","61","undefined","384","-345","Thu Oct  3 17:47:30 2024","746","The main experiment item","yes","active","Norway_Session_6.osexp","1","C:\Users\Tromso\Desktop\LESS\Session 6","no","no","mono","no","18","no","white","no","Click to confirm or to begin from default part if nothing selected","NA","yes","common","active","gender agreement","1","number violation","103","768","legacy","Mini-English","NA","List 1: grammatical, gender violation, number violation","198","198","C:/Users/Tromso/Desktop/LESS/Session 6/subject-9.csv","1.2.3","xpyriment","189","NA","singular","Lentiform Loewenfeld","3.3.14","0","3","NA","space","NA","NA","NA","NA","NA","NA","NA","NA","NA","space","c","NA","space","NA","space","3","1291","NA","9282","NA","NA","NA","NA","NA","NA","NA","NA","NA","34040","90525","NA","10897","NA","110933","1291","NA","8789","NA","space","2","legacy","Je dress is blackejur and je box too.","139","Session 6","NA","Experiment","2024-10-03 17:47","1024","2","48000","-16","Session6","Norway","9","odd","word4","42","NA","no","NA","109138","NA","26086","NA","16799","16795","5935","16795","NA","NA","NA","NA","NA","NA","NA","NA","NA","NA","NA","NA","NA","NA","NA","5934","2308852","2319479","2318253","2318805","NA","1851739","2321733","26086","NA","NA","2320269","NA","116646","NA","116649","NA","127550","238523","2316208","238513","NA","NA","2316234","2316904","2321986","2321986","2316208","16795","2314090","2314090","2323279","NA","NA","5935","NA","NA","NA","7993","NA","NA","NA","7994","2314076","2308344","2318758","5935","NA","5935","NA","NA","NA","16795","NA","5935","NA","NA","NA","8005","NA","2317173","2260441","2317679","2318253","2318758","2319512","2320016","2320614","2321335","2259741","Norway Session 6","169","505659","203","0","199","yes","","copula_be","1024","NA","Je","","","250","dress","320","is","250","blackejur","420","and","250","je","250","box","250","too.","285","",""
"NA","NA","83.33333333333333","83.33333333333333","2480.0686274509803","2480.0686274509803","#242424","xpyriment","legacy","legacy","0","uniform","1","undefined","NA","NA","0","undefined","undefined","1","left_button","undefined","0","0","0","0","0","0","0","0","0","0","0","NA","NA","0","0","1","NA","NA","NA","NA","NA","NA","0","NA","0","199","199","199","199","NA","2","525","8","0","0","1399","0","0","0","0","0","0","0","199","0","NA","NA","199","199","199","199","199","3","199","199","200","0","0","0","NA","1","NA","0","0","3","0","0","199","199","199","0","0","0","0","0","0","0","0","0","NA","NA","0","0","NA","199","62","199","199","199","199","199","199","199","62","undefined","384","-336","Thu Oct  3 17:47:30 2024","749","The main experiment item","yes","active","Norway_Session_6.osexp","1","C:\Users\Tromso\Desktop\LESS\Session 6","no","no","mono","no","18","no","white","no","Click to confirm or to begin from default part if nothing selected","NA","yes","","active","verb-object agreement","3","grammatical","101","768","legacy","Mini-English","NA","List 1: grammatical, VOA violation, article location violation","199","199","C:/Users/Tromso/Desktop/LESS/Session 6/subject-9.csv","1.2.3","xpyriment","","NA","singular","Lentiform Loewenfeld","3.3.14","0","1","NA","space","NA","NA","NA","NA","NA","NA","NA","NA","NA","space","c","NA","space","NA","space","1","275","NA","9282","NA","NA","NA","NA","NA","NA","NA","NA","NA","34040","90525","NA","10897","NA","110933","275","NA","8789","NA","space","2","legacy","Amelia forgot fi ze letter and fi je backpack too.","183","Session 6","NA","Experiment","2024-10-03 17:47","1024","2","48000","-16","Session6","Norway","9","odd","word4","46","NA","no","NA","109138","NA","26086","NA","16799","16795","5935","16795","NA","NA","NA","NA","NA","NA","NA","NA","NA","NA","NA","NA","NA","NA","NA","5934","2308852","2328626","2327612","2328162","NA","1851739","2332805","26086","NA","NA","2329731","NA","116646","NA","116649","NA","127550","238523","2325429","238513","NA","NA","2325451","2326123","2333058","2333057","2325429","16795","2323299","2323299","2333334","NA","NA","5935","NA","NA","NA","7993","NA","NA","NA","7994","2323286","2308344","2328118","5935","NA","5935","NA","NA","NA","16795","NA","5935","NA","NA","NA","8005","NA","2326391","2332412","2327002","2327612","2328117","2328869","2329479","2330082","2330805","2331515","Norway Session 6","170","505934","204","0","200","yes","67","","1024","NA","Amelia","too.","285","355","forgot","355","fi","250","ze","210","letter","355","and","250","fi","250","je","250","backpack","425"
"NA","NA","83.41463414634147","83.41463414634147","2469.4731707317073","2469.4731707317073","#242424","xpyriment","legacy","legacy","0","uniform","1","undefined","NA","NA","0","undefined","undefined","1","right_button","undefined","0","0","0","0","0","0","0","0","0","0","0","NA","NA","0","0","1","NA","NA","NA","NA","NA","NA","0","NA","0","200","200","200","200","NA","3","527","8","0","0","1406","0","0","0","0","0","0","0","200","0","NA","NA","200","200","200","200","200","3","200","200","201","0","0","0","NA","1","NA","0","0","3","0","0","200","200","200","0","0","0","0","0","0","0","0","0","NA","NA","0","0","NA","200","62","200","200","200","200","200","200","200","62","undefined","384","-336","Thu Oct  3 17:47:30 2024","752","The main experiment item","yes","active","Norway_Session_6.osexp","1","C:\Users\Tromso\Desktop\LESS\Session 6","no","no","mono","no","18","no","white","no","Click to confirm or to begin from default part if nothing selected","NA","yes","","active","verb-object agreement","3","article location violation","103","768","legacy","Mini-English","NA","List 1: grammatical, VOA violation, article location violation","200","200","C:/Users/Tromso/Desktop/LESS/Session 6/subject-9.csv","1.2.3","xpyriment","","NA","singular","Lentiform Loewenfeld","3.3.14","0","3","NA","space","NA","NA","NA","NA","NA","NA","NA","NA","NA","space","c","NA","space","NA","space","3","308","NA","9282","NA","NA","NA","NA","NA","NA","NA","NA","NA","43730","90525","NA","10897","NA","110933","308","NA","8789","NA","space","2","legacy","Jack forgot fi jepencil but not fi zecloset.","171","Session 6","NA","Experiment","2024-10-03 17:47","1024","2","48000","-16","Session6","Norway","9","odd","word4","45","NA","no","NA","109138","NA","26086","NA","16799","16795","5935","16795","NA","NA","NA","NA","NA","NA","NA","NA","NA","NA","NA","NA","NA","NA","NA","5934","2308852","2382775","2381582","2382135","NA","2333538","2385261","26086","NA","NA","2383601","NA","116646","NA","116649","NA","127550","238523","2379470","238513","NA","NA","2379492","2380162","2385513","2385513","2379471","16795","2377273","2377273","2385823","NA","NA","5935","NA","NA","NA","7993","NA","NA","NA","7994","2333342","2308344","2382088","5935","NA","5935","NA","NA","NA","16795","NA","5935","NA","NA","NA","8005","NA","2380431","2332412","2380971","2381581","2382088","2382842","2383348","2383973","2384707","2331515","Norway Session 6","171","506242","205","0","201","yes","66","","1024","NA","Jack","","","285","forgot","355","fi","250","jepencil","385","but","250","not","250","fi","250","zecloset.","460","",""
"NA","NA","83.49514563106796","83.49514563106796","2458.9951456310678","2458.9951456310678","#242424","xpyriment","legacy","legacy","0","uniform","1","undefined","NA","NA","0","undefined","undefined","1","right_button","undefined","0","0","0","0","0","0","0","0","0","0","0","NA","NA","0","0","1","NA","NA","NA","NA","NA","NA","0","NA","0","201","201","201","201","NA","3","529","8","0","0","1413","0","0","0","0","0","0","0","201","0","NA","NA","201","201","201","201","201","3","201","201","202","0","0","0","NA","1","NA","0","0","3","0","0","201","201","201","0","0","0","0","0","0","0","0","0","NA","NA","0","0","NA","201","62","201","201","201","201","201","201","201","62","undefined","383","-335","Thu Oct  3 17:47:30 2024","744","The main experiment item","yes","active","Norway_Session_6.osexp","1","C:\Users\Tromso\Desktop\LESS\Session 6","no","no","mono","no","18","no","white","no","Click to confirm or to begin from default part if nothing selected","NA","yes","common","active","gender agreement","1","gender violation","102","768","legacy","Mini-English","NA","List 1: grammatical, gender violation, number violation","201","201","C:/Users/Tromso/Desktop/LESS/Session 6/subject-9.csv","1.2.3","xpyriment","168","NA","plural","Lentiform Loewenfeld","3.3.14","0","3","NA","space","NA","NA","NA","NA","NA","NA","NA","NA","NA","space","c","NA","space","NA","space","3","311","NA","9282","NA","NA","NA","NA","NA","NA","NA","NA","NA","43730","90525","NA","10897","NA","110933","311","NA","8789","NA","space","2","legacy","Jer suitcase look darkezur but jer drum not.","125","Session 6","NA","Experiment","2024-10-03 17:47","1024","2","48000","-16","Session6","Norway","9","odd","word4","41","NA","no","NA","109138","NA","26086","NA","16799","16795","5935","16795","NA","NA","NA","NA","NA","NA","NA","NA","NA","NA","NA","NA","NA","NA","NA","5934","2308852","2391415","2390191","2390777","NA","2333538","2393801","26086","NA","NA","2392240","NA","116646","NA","116649","NA","127550","238523","2388043","238513","NA","NA","2388065","2388735","2394054","2394054","2388043","16795","2385843","2385843","2394367","NA","NA","5935","NA","NA","NA","7993","NA","NA","NA","7994","2385830","2308344","2390731","5935","NA","5935","NA","NA","NA","16795","NA","5935","NA","NA","NA","8005","NA","2389005","2332412","2389510","2390191","2390731","2391482","2391988","2392603","2393376","2331515","Norway Session 6","172","506553","206","0","202","yes","","copula_look","1024","NA","Jer","","","250","suitcase","425","look","285","darkezur","385","but","250","jer","250","drum","285","not.","285","",""
"NA","NA","83.57487922705315","83.57487922705315","2485.1256038647343","2485.1256038647343","#242424","xpyriment","legacy","legacy","0","uniform","1","undefined","NA","NA","0","undefined","undefined","1","left_button","undefined","0","0","0","0","0","0","0","0","0","0","0","NA","NA","0","0","1","NA","NA","NA","NA","NA","NA","0","NA","0","202","202","202","202","NA","3","533","8","0","0","1420","0","0","0","0","0","0","0","202","0","NA","NA","202","202","202","202","202","3","202","202","203","0","0","0","NA","1","NA","0","0","3","0","0","202","202","202","0","0","0","0","0","0","0","0","0","NA","NA","0","0","NA","202","63","202","202","202","202","202","202","202","63","undefined","381","-332","Thu Oct  3 17:47:30 2024","743","The main experiment item","yes","active","Norway_Session_6.osexp","1","C:\Users\Tromso\Desktop\LESS\Session 6","no","no","mono","no","18","no","white","no","Click to confirm or to begin from default part if nothing selected","NA","yes","","active","differential object marking","2","grammatical","101","768","legacy","Mini-English","NA","List 1: grammatical, DOM violation, article location violation","202","202","C:/Users/Tromso/Desktop/LESS/Session 6/subject-9.csv","1.2.3","xpyriment","","NA","singular","Lentiform Loewenfeld","3.3.14","0","1","NA","space","NA","NA","NA","NA","NA","NA","NA","NA","NA","space","c","NA","space","NA","space","1","7868","NA","9282","NA","NA","NA","NA","NA","NA","NA","NA","NA","43730","90525","NA","10897","NA","110933","7868","NA","8789","NA","space","2","legacy","Ava provided fi je drum and fi ze leaf too.","186","Session 6","NA","Experiment","2024-10-03 17:47","1024","2","48000","-16","Session6","Norway","9","odd","word4","46","NA","no","NA","109138","NA","26086","NA","16799","16795","5935","16795","NA","NA","NA","NA","NA","NA","NA","NA","NA","NA","NA","NA","NA","NA","NA","5934","2308852","2399739","2398726","2399277","NA","2333538","2403740","26086","NA","NA","2400777","NA","116646","NA","116649","NA","127550","238523","2396575","238513","NA","NA","2396596","2397268","2403993","2403993","2396575","16795","2394386","2394386","2411863","NA","NA","5935","NA","NA","NA","7993","NA","NA","NA","7994","2394372","2308344","2399231","5935","NA","5935","NA","NA","NA","16795","NA","5935","NA","NA","NA","8005","NA","2397539","2403330","2398045","2398726","2399231","2399982","2400523","2401142","2401872","2402579","Norway Session 6","173","514421","207","0","203","yes","913","","1024","NA","Ava","too.","285","250","provided","425","fi","250","je","210","drum","285","and","250","fi","250","ze","250","leaf","285"
"NA","NA","83.65384615384616","83.65384615384616","2475.5865384615386","2475.5865384615386","#242424","xpyriment","legacy","legacy","0","uniform","1","undefined","NA","NA","0","undefined","undefined","1","left_button","undefined","0","0","0","0","0","0","0","0","0","0","0","NA","NA","0","0","1","NA","NA","NA","NA","NA","NA","0","NA","0","203","203","203","203","NA","3","537","8","0","0","1427","0","0","0","0","0","0","0","203","0","NA","NA","203","203","203","203","203","3","203","203","204","0","0","0","NA","1","NA","0","0","3","0","0","203","203","203","0","0","0","0","0","0","0","0","0","NA","NA","0","0","NA","203","64","203","203","203","203","203","203","203","64","undefined","381","-331","Thu Oct  3 17:47:30 2024","745","The main experiment item","yes","active","Norway_Session_6.osexp","1","C:\Users\Tromso\Desktop\LESS\Session 6","no","no","mono","no","18","no","white","no","Click to confirm or to begin from default part if nothing selected","NA","yes","","active","verb-object agreement","3","grammatical","101","768","legacy","Mini-English","NA","List 1: grammatical, VOA violation, article location violation","203","203","C:/Users/Tromso/Desktop/LESS/Session 6/subject-9.csv","1.2.3","xpyriment","","NA","singular","Lentiform Loewenfeld","3.3.14","0","1","NA","space","NA","NA","NA","NA","NA","NA","NA","NA","NA","space","c","NA","space","NA","space","1","501","NA","9282","NA","NA","NA","NA","NA","NA","NA","NA","NA","43730","90525","NA","10897","NA","110933","501","NA","8789","NA","space","2","legacy","Charlie spoiled fi je street and fi ze letter too.","121","Session 6","NA","Experiment","2024-10-03 17:47","1024","2","48000","-16","Session6","Norway","9","odd","word4","40","NA","no","NA","109138","NA","26086","NA","16799","16795","5935","16795","NA","NA","NA","NA","NA","NA","NA","NA","NA","NA","NA","NA","NA","NA","NA","5934","2308852","2417403","2416388","2416940","NA","2333538","2421499","26086","NA","NA","2418509","NA","116646","NA","116649","NA","127550","238523","2414133","238513","NA","NA","2414155","2414826","2421752","2421752","2414133","16795","2411883","2411883","2422254","NA","NA","5935","NA","NA","NA","7993","NA","NA","NA","7994","2411870","2308344","2416894","5935","NA","5935","NA","NA","NA","16795","NA","5935","NA","NA","NA","8005","NA","2415095","2421113","2415743","2416388","2416894","2417646","2418256","2418874","2419587","2420308","Norway Session 6","174","514922","208","0","204","yes","161","","1024","NA","Charlie","too.","285","390","spoiled","390","fi","250","je","210","street","355","and","250","fi","250","ze","250","letter","355"
"NA","NA","83.73205741626795","83.73205741626795","2465.066985645933","2465.066985645933","#242424","xpyriment","legacy","legacy","0","uniform","1","undefined","NA","NA","0","undefined","undefined","1","right_button","undefined","0","0","0","0","0","0","0","0","0","0","0","NA","NA","0","0","1","NA","NA","NA","NA","NA","NA","0","NA","0","204","204","204","204","NA","3","539","8","0","0","1434","0","0","0","0","0","0","0","204","0","NA","NA","204","204","204","204","204","3","204","204","205","0","0","0","NA","1","NA","0","0","3","0","0","204","204","204","0","0","0","0","0","0","0","0","0","NA","NA","0","0","NA","204","64","204","204","204","204","204","204","204","64","undefined","381","-330","Thu Oct  3 17:47:30 2024","748","The main experiment item","yes","active","Norway_Session_6.osexp","1","C:\Users\Tromso\Desktop\LESS\Session 6","no","no","mono","no","18","no","white","no","Click to confirm or to begin from default part if nothing selected","NA","yes","common","active","gender agreement","1","gender violation","102","768","legacy","Mini-English","NA","List 1: grammatical, gender violation, number violation","204","204","C:/Users/Tromso/Desktop/LESS/Session 6/subject-9.csv","1.2.3","xpyriment","158","NA","plural","Lentiform Loewenfeld","3.3.14","0","3","NA","space","NA","NA","NA","NA","NA","NA","NA","NA","NA","space","c","NA","space","NA","space","3","277","NA","9282","NA","NA","NA","NA","NA","NA","NA","NA","NA","43730","90525","NA","10897","NA","110933","277","NA","8789","NA","space","2","legacy","Jer saucepan look darkezur but jer box not.","124","Session 6","NA","Experiment","2024-10-03 17:47","1024","2","48000","-16","Session6","Norway","9","odd","word4","41","NA","no","NA","109138","NA","26086","NA","16799","16795","5935","16795","NA","NA","NA","NA","NA","NA","NA","NA","NA","NA","NA","NA","NA","NA","NA","5934","2308852","2427783","2426558","2427145","NA","2333538","2430091","26086","NA","NA","2428611","NA","116646","NA","116649","NA","127550","238523","2424410","238513","NA","NA","2424433","2425103","2430344","2430344","2424410","16795","2422276","2422276","2430625","NA","NA","5935","NA","NA","NA","7993","NA","NA","NA","7994","2422262","2308344","2427099","5935","NA","5935","NA","NA","NA","16795","NA","5935","NA","NA","NA","8005","NA","2425371","2421113","2425876","2426558","2427099","2427851","2428358","2428977","2429702","2420308","Norway Session 6","175","515199","209","0","205","yes","","copula_look","1024","NA","Jer","","","250","saucepan","425","look","285","darkezur","385","but","250","jer","250","box","250","not.","285","",""
"NA","NA","83.80952380952381","83.80952380952381","2455.109523809524","2455.109523809524","#242424","xpyriment","legacy","legacy","0","uniform","1","undefined","NA","NA","0","undefined","undefined","1","left_button","undefined","0","0","0","0","0","0","0","0","0","0","0","NA","NA","0","0","1","NA","NA","NA","NA","NA","NA","0","NA","0","205","205","205","205","NA","3","543","8","0","0","1441","0","0","0","0","0","0","0","205","0","NA","NA","205","205","205","205","205","3","205","205","206","0","0","0","NA","1","NA","0","0","3","0","0","205","205","205","0","0","0","0","0","0","0","0","0","NA","NA","0","0","NA","205","65","205","205","205","205","205","205","205","65","undefined","383","-328","Thu Oct  3 17:47:30 2024","743","The main experiment item","yes","active","Norway_Session_6.osexp","1","C:\Users\Tromso\Desktop\LESS\Session 6","no","no","mono","no","18","no","white","no","Click to confirm or to begin from default part if nothing selected","NA","yes","","active","differential object marking","2","grammatical","101","768","legacy","Mini-English","NA","List 1: grammatical, DOM violation, article location violation","205","205","C:/Users/Tromso/Desktop/LESS/Session 6/subject-9.csv","1.2.3","xpyriment","","NA","singular","Lentiform Loewenfeld","3.3.14","0","1","NA","space","NA","NA","NA","NA","NA","NA","NA","NA","NA","space","c","NA","space","NA","space","1","374","NA","9282","NA","NA","NA","NA","NA","NA","NA","NA","NA","43730","90525","NA","10897","NA","110933","374","NA","8789","NA","space","2","legacy","Lily fixed fi je street and fi ze table too.","120","Session 6","NA","Experiment","2024-10-03 17:47","1024","2","48000","-16","Session6","Norway","9","odd","word4","40","NA","no","NA","109138","NA","26086","NA","16799","16795","5935","16795","NA","NA","NA","NA","NA","NA","NA","NA","NA","NA","NA","NA","NA","NA","NA","5934","2308852","2435959","2434943","2435496","NA","2333538","2440098","26086","NA","NA","2437063","NA","116646","NA","116649","NA","127550","238523","2432864","238513","NA","NA","2432886","2433557","2440351","2440351","2432864","16795","2430646","2430646","2440729","NA","NA","5935","NA","NA","NA","7993","NA","NA","NA","7994","2430632","2308344","2435449","5935","NA","5935","NA","NA","NA","16795","NA","5935","NA","NA","NA","8005","NA","2433827","2439654","2434368","2434943","2435449","2436202","2436811","2437427","2438166","2438888","Norway Session 6","176","515573","210","0","206","yes","151","","1024","NA","Lily","too.","285","285","fixed","320","fi","250","je","210","street","355","and","250","fi","250","ze","250","table","320"
"NA","NA","83.88625592417061","83.88625592417061","2444.2464454976302","2444.2464454976302","#242424","xpyriment","legacy","legacy","0","uniform","1","undefined","NA","NA","0","undefined","undefined","1","right_button","undefined","0","0","0","0","0","0","0","0","0","0","0","NA","NA","0","0","1","NA","NA","NA","NA","NA","NA","0","NA","0","206","206","206","206","NA","3","545","8","0","0","1448","0","0","0","0","0","0","0","206","0","NA","NA","206","206","206","206","206","3","206","206","207","0","0","0","NA","1","NA","0","0","3","0","0","206","206","206","0","0","0","0","0","0","0","0","0","NA","NA","0","0","NA","206","65","206","206","206","206","206","206","206","65","undefined","383","-328","Thu Oct  3 17:47:30 2024","757","The main experiment item","yes","active","Norway_Session_6.osexp","1","C:\Users\Tromso\Desktop\LESS\Session 6","no","no","mono","no","18","no","white","no","Click to confirm or to begin from default part if nothing selected","NA","yes","neuter","active","gender agreement","1","gender violation","102","768","legacy","Mini-English","NA","List 1: grammatical, gender violation, number violation","206","206","C:/Users/Tromso/Desktop/LESS/Session 6/subject-9.csv","1.2.3","xpyriment","1914","NA","plural","Lentiform Loewenfeld","3.3.14","0","3","NA","space","NA","NA","NA","NA","NA","NA","NA","NA","NA","space","c","NA","space","NA","space","3","163","NA","9282","NA","NA","NA","NA","NA","NA","NA","NA","NA","43730","90525","NA","10897","NA","110933","163","NA","8789","NA","space","2","legacy","Zer tray look badejur but zer leaf not.","200","Session 6","NA","Experiment","2024-10-03 17:47","1024","2","48000","-16","Session6","Norway","9","odd","word4","47","NA","no","NA","109138","NA","26086","NA","16799","16795","5935","16795","NA","NA","NA","NA","NA","NA","NA","NA","NA","NA","NA","NA","NA","NA","NA","5934","2308852","2446119","2444928","2445516","NA","2333538","2448501","26086","NA","NA","2446978","NA","116646","NA","116649","NA","127550","238523","2442916","238513","NA","NA","2442938","2443610","2448754","2448754","2442916","16795","2440751","2440751","2448919","NA","NA","5935","NA","NA","NA","7993","NA","NA","NA","7994","2440737","2308344","2445470","5935","NA","5935","NA","NA","NA","16795","NA","5935","NA","NA","NA","8005","NA","2443880","2439654","2444385","2444928","2445470","2446221","2446726","2447321","2448076","2438888","Norway Session 6","177","515736","211","0","207","yes","","copula_look","1024","NA","Zer","","","250","tray","285","look","285","badejur","350","but","250","zer","250","leaf","285","not.","285","",""
"NA","NA","83.9622641509434","83.9622641509434","2435.0235849056603","2435.0235849056603","#242424","xpyriment","legacy","legacy","0","uniform","1","undefined","NA","NA","0","undefined","undefined","1","left_button","undefined","0","0","0","0","0","0","0","0","0","0","0","NA","NA","0","0","1","NA","NA","NA","NA","NA","NA","0","NA","0","207","207","207","207","NA","3","547","8","0","0","1455","0","0","0","0","0","0","0","207","0","NA","NA","207","207","207","207","207","3","207","207","208","0","0","0","NA","1","NA","0","0","3","0","0","207","207","207","0","0","0","0","0","0","0","0","0","NA","NA","0","0","NA","207","65","207","207","207","207","207","207","207","65","undefined","383","-328","Thu Oct  3 17:47:30 2024","763","The main experiment item","yes","active","Norway_Session_6.osexp","1","C:\Users\Tromso\Desktop\LESS\Session 6","no","no","mono","no","18","no","white","no","Click to confirm or to begin from default part if nothing selected","NA","yes","neuter","active","gender agreement","1","grammatical","101","768","legacy","Mini-English","NA","List 1: grammatical, gender violation, number violation","207","207","C:/Users/Tromso/Desktop/LESS/Session 6/subject-9.csv","1.2.3","xpyriment","2216","NA","plural","Lentiform Loewenfeld","3.3.14","0","1","NA","space","NA","NA","NA","NA","NA","NA","NA","NA","NA","space","c","NA","space","NA","space","1","489","NA","9282","NA","NA","NA","NA","NA","NA","NA","NA","NA","43730","90525","NA","10897","NA","110933","489","NA","8789","NA","space","2","legacy","Zer tie look wetezur but zer tray not.","227","Session 6","NA","Experiment","2024-10-03 17:47","1024","2","48000","-16","Session6","Norway","9","odd","word4","49","NA","no","NA","109138","NA","26086","NA","16799","16795","5935","16795","NA","NA","NA","NA","NA","NA","NA","NA","NA","NA","NA","NA","NA","NA","NA","5934","2308852","2454303","2453114","2453700","NA","2333538","2456647","26086","NA","NA","2455165","NA","116646","NA","116649","NA","127550","238523","2451140","238513","NA","NA","2451163","2451833","2456900","2456900","2451140","16795","2448940","2448940","2457391","NA","NA","5935","NA","NA","NA","7993","NA","NA","NA","7994","2448926","2308344","2453653","5935","NA","5935","NA","NA","NA","16795","NA","5935","NA","NA","NA","8005","NA","2452102","2439654","2452608","2453114","2453653","2454406","2454912","2455521","2456265","2438888","Norway Session 6","178","516225","212","0","208","yes","","copula_look","1024","NA","Zer","","","250","tie","250","look","285","wetezur","350","but","250","zer","250","tray","285","not.","285","",""
"NA","NA","83.5680751173709","83.5680751173709","2426.7276995305165","2426.7276995305165","#242424","xpyriment","legacy","legacy","0","uniform","0","undefined","NA","NA","0","undefined","undefined","0","right_button","undefined","0","0","0","0","0","0","0","0","0","0","0","NA","NA","0","0","1","NA","NA","NA","NA","NA","NA","0","NA","0","208","208","208","208","NA","3","549","8","0","0","1462","0","0","0","0","0","0","0","208","0","NA","NA","208","208","208","208","208","3","208","208","209","0","0","0","NA","1","NA","0","0","3","0","0","208","208","208","0","0","0","0","0","0","0","0","0","NA","NA","0","0","NA","208","65","208","208","208","208","208","208","208","65","undefined","383","-328","Thu Oct  3 17:47:30 2024","754","The main experiment item","yes","active","Norway_Session_6.osexp","1","C:\Users\Tromso\Desktop\LESS\Session 6","no","no","mono","no","18","no","white","no","Click to confirm or to begin from default part if nothing selected","NA","yes","","active","differential object marking","2","DOM violation","102","768","legacy","Mini-English","NA","List 1: grammatical, DOM violation, article location violation","208","208","C:/Users/Tromso/Desktop/LESS/Session 6/subject-9.csv","1.2.3","xpyriment","","NA","singular","Lentiform Loewenfeld","3.3.14","0","1","NA","space","NA","NA","NA","NA","NA","NA","NA","NA","NA","space","c","NA","space","NA","space","1","668","NA","9282","NA","NA","NA","NA","NA","NA","NA","NA","NA","43730","90525","NA","10897","NA","110933","668","NA","8789","NA","space","2","legacy","Charlie forgot ze mug and ze strawberry too.","159","Session 6","NA","Experiment","2024-10-03 17:47","1024","2","48000","-16","Session6","Norway","9","odd","word3","44","NA","no","NA","109138","NA","26086","NA","16799","16795","5935","16795","NA","NA","NA","NA","NA","NA","NA","NA","NA","NA","NA","NA","NA","NA","NA","5934","2462291","2454303","2461828","2462534","NA","2333538","2465532","26086","NA","NA","2463798","NA","116646","NA","116649","NA","127550","238523","2459561","238513","NA","NA","2459584","2460254","2465785","2465785","2459561","16795","2457412","2457412","2466454","NA","NA","5935","NA","NA","NA","7993","NA","NA","NA","7994","2457399","2461781","2453653","5935","NA","5935","NA","NA","NA","16795","NA","5935","NA","NA","NA","8005","NA","2460523","2439654","2461170","2461781","2462534","2463040","2463546","2464160","2465141","2438888","Norway Session 6","178","516893","213","0","209","yes","68","","1024","NA","Charlie","","","390","forgot","355","ze","210","mug","250","and","250","ze","250","strawberry","495","too.","285","",""
"NA","NA","83.17757009345794","83.17757009345794","2417.0654205607475","2417.0654205607475","#242424","xpyriment","legacy","legacy","0","uniform","0","undefined","NA","NA","0","undefined","undefined","0","right_button","undefined","0","0","0","0","0","0","0","0","0","0","0","NA","NA","0","0","1","NA","NA","NA","NA","NA","NA","0","NA","0","209","209","209","209","NA","3","551","8","0","0","1469","0","0","0","0","0","0","0","209","0","NA","NA","209","209","209","209","209","3","209","209","210","0","0","0","NA","1","NA","0","0","3","0","0","209","209","209","0","0","0","0","0","0","0","0","0","NA","NA","0","0","NA","209","65","209","209","209","209","209","209","209","65","undefined","384","-327","Thu Oct  3 17:47:30 2024","759","The main experiment item","yes","active","Norway_Session_6.osexp","1","C:\Users\Tromso\Desktop\LESS\Session 6","no","no","mono","no","18","no","white","no","Click to confirm or to begin from default part if nothing selected","NA","yes","","active","differential object marking","2","DOM violation","102","768","legacy","Mini-English","NA","List 1: grammatical, DOM violation, article location violation","209","209","C:/Users/Tromso/Desktop/LESS/Session 6/subject-9.csv","1.2.3","xpyriment","","NA","singular","Lentiform Loewenfeld","3.3.14","0","1","NA","space","NA","NA","NA","NA","NA","NA","NA","NA","NA","space","c","NA","space","NA","space","1","359","NA","9282","NA","NA","NA","NA","NA","NA","NA","NA","NA","43730","90525","NA","10897","NA","110933","359","NA","8789","NA","space","2","legacy","Jack remembered je box but not ze leaf.","194","Session 6","NA","Experiment","2024-10-03 17:47","1024","2","48000","-16","Session6","Norway","9","odd","word3","47","NA","no","NA","109138","NA","26086","NA","16799","16795","5935","16795","NA","NA","NA","NA","NA","NA","NA","NA","NA","NA","NA","NA","NA","NA","NA","5934","2471370","2454303","2470907","2471613","NA","2333538","2474385","26086","NA","NA","2472875","NA","116646","NA","116649","NA","127550","238523","2468608","238513","NA","NA","2468632","2469302","2474638","2474638","2468609","16795","2466472","2466472","2474999","NA","NA","5935","NA","NA","NA","7993","NA","NA","NA","7994","2466458","2470862","2453653","5935","NA","5935","NA","NA","NA","16795","NA","5935","NA","NA","NA","8005","NA","2469570","2439654","2470110","2470862","2471613","2472117","2472622","2473232","2473970","2438888","Norway Session 6","178","517252","214","0","210","yes","514","","1024","NA","Jack","","","285","remembered","495","je","210","box","250","but","250","not","250","ze","250","leaf.","320","",""
"NA","NA","83.25581395348837","83.25581395348837","2419.827906976744","2419.827906976744","#242424","xpyriment","legacy","legacy","0","uniform","1","undefined","NA","NA","0","undefined","undefined","1","left_button","undefined","0","0","0","0","0","0","0","0","0","0","0","NA","NA","0","0","1","NA","NA","NA","NA","NA","NA","0","NA","0","210","210","210","210","NA","3","553","8","0","0","1476","0","0","0","0","0","0","0","210","0","NA","NA","210","210","210","210","210","3","210","210","211","0","0","0","NA","1","NA","0","0","3","0","0","210","210","210","0","0","0","0","0","0","0","0","0","NA","NA","0","0","NA","210","65","210","210","210","210","210","210","210","65","undefined","381","-321","Thu Oct  3 17:47:30 2024","730","The main experiment item","yes","active","Norway_Session_6.osexp","1","C:\Users\Tromso\Desktop\LESS\Session 6","no","no","mono","no","18","no","white","no","Click to confirm or to begin from default part if nothing selected","NA","yes","neuter","active","gender agreement","1","grammatical","101","768","legacy","Mini-English","NA","List 1: grammatical, gender violation, number violation","210","210","C:/Users/Tromso/Desktop/LESS/Session 6/subject-9.csv","1.2.3","xpyriment","2416","NA","plural","Lentiform Loewenfeld","3.3.14","0","1","NA","space","NA","NA","NA","NA","NA","NA","NA","NA","NA","space","c","NA","space","NA","space","1","3011","NA","9282","NA","NA","NA","NA","NA","NA","NA","NA","NA","43730","90525","NA","10897","NA","110933","3011","NA","8789","NA","space","2","legacy","Zer mirror look wetezur but zer tray not.","229","Session 6","NA","Experiment","2024-10-03 17:47","1024","2","48000","-16","Session6","Norway","9","odd","word4","49","NA","no","NA","109138","NA","26086","NA","16799","16795","5935","16795","NA","NA","NA","NA","NA","NA","NA","NA","NA","NA","NA","NA","NA","NA","NA","5934","2471370","2480409","2479217","2479807","NA","2333538","2482790","26086","NA","NA","2481271","NA","116646","NA","116649","NA","127550","238523","2477140","238513","NA","NA","2477163","2477833","2483042","2483042","2477140","16795","2475021","2475021","2486054","NA","NA","5935","NA","NA","NA","7993","NA","NA","NA","7994","2475006","2470862","2479758","5935","NA","5935","NA","NA","NA","16795","NA","5935","NA","NA","NA","8005","NA","2478102","2439654","2478608","2479217","2479758","2480512","2481017","2481637","2482398","2438888","Norway Session 6","179","520263","215","0","211","yes","","copula_look","1024","NA","Zer","","","250","mirror","355","look","285","wetezur","350","but","250","zer","250","tray","285","not.","285","",""
"NA","NA","83.33333333333333","83.33333333333333","2410.912037037037","2410.912037037037","#242424","xpyriment","legacy","legacy","0","uniform","1","undefined","NA","NA","0","undefined","undefined","1","left_button","undefined","0","0","0","0","0","0","0","0","0","0","0","NA","NA","0","0","1","NA","NA","NA","NA","NA","NA","0","NA","0","211","211","211","211","NA","3","555","8","0","0","1483","0","0","0","0","0","0","0","211","0","NA","NA","211","211","211","211","211","3","211","211","212","0","0","0","NA","1","NA","0","0","3","0","0","211","211","211","0","0","0","0","0","0","0","0","0","NA","NA","0","0","NA","211","65","211","211","211","211","211","211","211","65","undefined","381","-321","Thu Oct  3 17:47:30 2024","768","The main experiment item","yes","active","Norway_Session_6.osexp","1","C:\Users\Tromso\Desktop\LESS\Session 6","no","no","mono","no","18","no","white","no","Click to confirm or to begin from default part if nothing selected","NA","yes","neuter","active","gender agreement","1","grammatical","101","768","legacy","Mini-English","NA","List 1: grammatical, gender violation, number violation","211","211","C:/Users/Tromso/Desktop/LESS/Session 6/subject-9.csv","1.2.3","xpyriment","1910","NA","plural","Lentiform Loewenfeld","3.3.14","0","1","NA","space","NA","NA","NA","NA","NA","NA","NA","NA","NA","space","c","NA","space","NA","space","1","494","NA","9282","NA","NA","NA","NA","NA","NA","NA","NA","NA","43730","90525","NA","10897","NA","110933","494","NA","8789","NA","space","2","legacy","Zer tray look pinkezur but zer tie not.","152","Session 6","NA","Experiment","2024-10-03 17:47","1024","2","48000","-16","Session6","Norway","9","odd","word4","43","NA","no","NA","109138","NA","26086","NA","16799","16795","5935","16795","NA","NA","NA","NA","NA","NA","NA","NA","NA","NA","NA","NA","NA","NA","NA","5934","2471370","2491482","2490257","2490844","NA","2333538","2493826","26086","NA","NA","2492306","NA","116646","NA","116649","NA","127550","238523","2488249","238513","NA","NA","2488271","2488941","2494079","2494079","2488249","16795","2486075","2486075","2494574","NA","NA","5935","NA","NA","NA","7993","NA","NA","NA","7994","2486059","2470862","2490798","5935","NA","5935","NA","NA","NA","16795","NA","5935","NA","NA","NA","8005","NA","2489210","2439654","2489715","2490257","2490798","2491550","2492054","2492669","2493406","2438888","Norway Session 6","180","520757","216","0","212","yes","","copula_look","1024","NA","Zer","","","250","tray","285","look","285","pinkezur","385","but","250","zer","250","tie","250","not.","285","",""
"NA","NA","83.41013824884793","83.41013824884793","2400.9493087557603","2400.9493087557603","#242424","xpyriment","legacy","legacy","0","uniform","1","undefined","NA","NA","0","undefined","undefined","1","right_button","undefined","0","0","0","0","0","0","0","0","0","0","0","NA","NA","0","0","1","NA","NA","NA","NA","NA","NA","0","NA","0","212","212","212","212","NA","3","557","8","0","0","1490","0","0","0","0","0","0","0","212","0","NA","NA","212","212","212","212","212","3","212","212","213","0","0","0","NA","1","NA","0","0","3","0","0","212","212","212","0","0","0","0","0","0","0","0","0","NA","NA","0","0","NA","212","65","212","212","212","212","212","212","212","65","undefined","380","-317","Thu Oct  3 17:47:30 2024","743","The main experiment item","yes","active","Norway_Session_6.osexp","1","C:\Users\Tromso\Desktop\LESS\Session 6","no","no","mono","no","18","no","white","no","Click to confirm or to begin from default part if nothing selected","NA","yes","common","active","gender agreement","1","gender violation","102","768","legacy","Mini-English","NA","List 1: grammatical, gender violation, number violation","212","212","C:/Users/Tromso/Desktop/LESS/Session 6/subject-9.csv","1.2.3","xpyriment","1814","NA","plural","Lentiform Loewenfeld","3.3.14","0","3","NA","space","NA","NA","NA","NA","NA","NA","NA","NA","NA","space","c","NA","space","NA","space","3","249","NA","9282","NA","NA","NA","NA","NA","NA","NA","NA","NA","43730","90525","NA","10897","NA","110933","249","NA","8789","NA","space","2","legacy","Jer dress look badezur but jer saucepan not.","199","Session 6","NA","Experiment","2024-10-03 17:47","1024","2","48000","-16","Session6","Norway","9","odd","word4","47","NA","no","NA","109138","NA","26086","NA","16799","16795","5935","16795","NA","NA","NA","NA","NA","NA","NA","NA","NA","NA","NA","NA","NA","NA","NA","5934","2471370","2500002","2498814","2499398","NA","2333538","2502543","26086","NA","NA","2500862","NA","116646","NA","116649","NA","127550","238523","2496771","238513","NA","NA","2496793","2497464","2502796","2502796","2496771","16795","2494596","2494596","2503047","NA","NA","5935","NA","NA","NA","7993","NA","NA","NA","7994","2494582","2470862","2499354","5935","NA","5935","NA","NA","NA","16795","NA","5935","NA","NA","NA","8005","NA","2497733","2439654","2498239","2498814","2499354","2500105","2500609","2501222","2502125","2438888","Norway Session 6","181","521006","217","0","213","yes","","copula_look","1024","NA","Jer","","","250","dress","320","look","285","badezur","350","but","250","jer","250","saucepan","425","not.","285","",""
"NA","NA","83.4862385321101","83.4862385321101","2404.2522935779816","2404.2522935779816","#242424","xpyriment","legacy","legacy","0","uniform","1","undefined","NA","NA","0","undefined","undefined","1","right_button","undefined","0","0","0","0","0","0","0","0","0","0","0","NA","NA","0","0","1","NA","NA","NA","NA","NA","NA","0","NA","0","213","213","213","213","NA","3","559","8","0","0","1497","0","0","0","0","0","0","0","213","0","NA","NA","213","213","213","213","213","3","213","213","214","0","0","0","NA","1","NA","0","0","3","0","0","213","213","213","0","0","0","0","0","0","0","0","0","NA","NA","0","0","NA","213","65","213","213","213","213","213","213","213","65","undefined","493","14","Thu Oct  3 17:47:30 2024","764","The main experiment item","yes","active","Norway_Session_6.osexp","1","C:\Users\Tromso\Desktop\LESS\Session 6","no","no","mono","no","18","no","white","no","Click to confirm or to begin from default part if nothing selected","NA","yes","","active","differential object marking","2","DOM violation","102","768","legacy","Mini-English","NA","List 1: grammatical, DOM violation, article location violation","213","213","C:/Users/Tromso/Desktop/LESS/Session 6/subject-9.csv","1.2.3","xpyriment","","NA","singular","Lentiform Loewenfeld","3.3.14","0","3","NA","space","NA","NA","NA","NA","NA","NA","NA","NA","NA","space","c","NA","space","NA","space","3","3121","NA","9282","NA","NA","NA","NA","NA","NA","NA","NA","NA","43730","90525","NA","10897","NA","110933","3121","NA","8789","NA","space","2","legacy","Charlie wetted ze leaf and je saucepan too.","239","Session 6","NA","Experiment","2024-10-03 17:47","1024","2","48000","-16","Session6","Norway","9","odd","word3","50","NA","no","NA","109138","NA","26086","NA","16799","16795","5935","16795","NA","NA","NA","NA","NA","NA","NA","NA","NA","NA","NA","NA","NA","NA","NA","5934","2508018","2500002","2507555","2508261","NA","2333538","2511227","26086","NA","NA","2509560","NA","116646","NA","116649","NA","127550","238523","2505287","238513","NA","NA","2505309","2505980","2511484","2511484","2505287","16795","2503069","2503069","2514607","NA","NA","5935","NA","NA","NA","7993","NA","NA","NA","7994","2503055","2507507","2499354","5935","NA","5935","NA","NA","NA","16795","NA","5935","NA","NA","NA","8005","NA","2506250","2439654","2506896","2507507","2508261","2508802","2509307","2509920","2510839","2438888","Norway Session 6","182","524127","218","0","214","yes","1420","","1024","NA","Charlie","","","390","wetted","355","ze","210","leaf","285","and","250","je","250","saucepan","425","too.","285","",""
"NA","NA","83.56164383561644","83.56164383561644","2393.904109589041","2393.904109589041","#242424","xpyriment","legacy","legacy","0","uniform","1","undefined","NA","NA","0","undefined","undefined","1","right_button","undefined","0","0","0","0","0","0","0","0","0","0","0","NA","NA","0","0","1","NA","NA","NA","NA","NA","NA","0","NA","0","214","214","214","214","NA","3","563","8","0","0","1504","0","0","0","0","0","0","0","214","0","NA","NA","214","214","214","214","214","3","214","214","215","0","0","0","NA","1","NA","0","0","3","0","0","214","214","214","0","0","0","0","0","0","0","0","0","NA","NA","0","0","NA","214","66","214","214","214","214","214","214","214","66","undefined","493","15","Thu Oct  3 17:47:30 2024","747","The main experiment item","yes","active","Norway_Session_6.osexp","1","C:\Users\Tromso\Desktop\LESS\Session 6","no","no","mono","no","18","no","white","no","Click to confirm or to begin from default part if nothing selected","NA","yes","","active","verb-object agreement","3","VOA violation","102","768","legacy","Mini-English","NA","List 1: grammatical, VOA violation, article location violation","214","214","C:/Users/Tromso/Desktop/LESS/Session 6/subject-9.csv","1.2.3","xpyriment","","NA","singular","Lentiform Loewenfeld","3.3.14","0","3","NA","space","NA","NA","NA","NA","NA","NA","NA","NA","NA","space","c","NA","space","NA","space","3","138","NA","9282","NA","NA","NA","NA","NA","NA","NA","NA","NA","43730","90525","NA","10897","NA","110933","138","NA","8789","NA","space","2","legacy","Jessica forgotevo fi ze roof and fi ze mug too.","231","Session 6","NA","Experiment","2024-10-03 17:47","1024","2","48000","-16","Session6","Norway","9","odd","word4","50","NA","no","NA","109138","NA","26086","NA","16799","16795","5935","16795","NA","NA","NA","NA","NA","NA","NA","NA","NA","NA","NA","NA","NA","NA","NA","5934","2508018","2520099","2519085","2519636","NA","2333538","2524054","26086","NA","NA","2521135","NA","116646","NA","116649","NA","127550","238523","2516763","238513","NA","NA","2516785","2517455","2524307","2524307","2516763","16795","2514624","2514624","2524447","NA","NA","5935","NA","NA","NA","7993","NA","NA","NA","7994","2514610","2507507","2519590","5935","NA","5935","NA","NA","NA","16795","NA","5935","NA","NA","NA","8005","NA","2517725","2523659","2518369","2519085","2519590","2520342","2520882","2521490","2522206","2522931","Norway Session 6","183","524265","219","0","215","yes","611","","1024","NA","Jessica","too.","285","390","forgotevo","460","fi","250","ze","210","roof","285","and","250","fi","250","ze","250","mug","250"
"NA","NA","83.63636363636364","83.63636363636364","2383.35","2383.35","#242424","xpyriment","legacy","legacy","0","uniform","1","undefined","NA","NA","0","undefined","undefined","1","right_button","undefined","0","0","0","0","0","0","0","0","0","0","0","NA","NA","0","0","1","NA","NA","NA","NA","NA","NA","0","NA","0","215","215","215","215","NA","3","567","8","0","0","1511","0","0","0","0","0","0","0","215","0","NA","NA","215","215","215","215","215","3","215","215","216","0","0","0","NA","1","NA","0","0","3","0","0","215","215","215","0","0","0","0","0","0","0","0","0","NA","NA","0","0","NA","215","67","215","215","215","215","215","215","215","67","undefined","493","16","Thu Oct  3 17:47:30 2024","740","The main experiment item","yes","active","Norway_Session_6.osexp","1","C:\Users\Tromso\Desktop\LESS\Session 6","no","no","mono","no","18","no","white","no","Click to confirm or to begin from default part if nothing selected","NA","yes","","active","verb-object agreement","3","VOA violation","102","768","legacy","Mini-English","NA","List 1: grammatical, VOA violation, article location violation","215","215","C:/Users/Tromso/Desktop/LESS/Session 6/subject-9.csv","1.2.3","xpyriment","","NA","singular","Lentiform Loewenfeld","3.3.14","0","3","NA","space","NA","NA","NA","NA","NA","NA","NA","NA","NA","space","c","NA","space","NA","space","3","72","NA","9282","NA","NA","NA","NA","NA","NA","NA","NA","NA","43730","90525","NA","10897","NA","110933","72","NA","8789","NA","space","2","legacy","Ava orderedevo fi je key but not fi ze table.","127","Session 6","NA","Experiment","2024-10-03 17:47","1024","2","48000","-16","Session6","Norway","9","odd","word4","41","NA","no","NA","109138","NA","26086","NA","16799","16795","5935","16795","NA","NA","NA","NA","NA","NA","NA","NA","NA","NA","NA","NA","NA","NA","NA","5934","2508018","2529912","2528900","2529450","NA","2333538","2533895","26086","NA","NA","2530913","NA","116646","NA","116649","NA","127550","238523","2526681","238513","NA","NA","2526703","2527373","2534149","2534149","2526681","16795","2524468","2524468","2534223","NA","NA","5935","NA","NA","NA","7993","NA","NA","NA","7994","2524455","2507507","2529405","5935","NA","5935","NA","NA","NA","16795","NA","5935","NA","NA","NA","8005","NA","2527644","2533445","2528149","2528900","2529405","2530155","2530661","2531273","2532001","2532719","Norway Session 6","184","524337","220","0","216","yes","102","","1024","NA","Ava","table.","355","250","orderedevo","495","fi","250","je","210","key","250","but","250","not","250","fi","250","ze","250"
"NA","NA","83.710407239819","83.710407239819","2373.41628959276","2373.41628959276","#242424","xpyriment","legacy","legacy","0","uniform","1","undefined","NA","NA","0","undefined","undefined","1","left_button","undefined","0","0","0","0","0","0","0","0","0","0","0","NA","NA","0","0","1","NA","NA","NA","NA","NA","NA","0","NA","0","216","216","216","216","NA","3","571","8","0","0","1518","0","0","0","0","0","0","0","216","0","NA","NA","216","216","216","216","216","3","216","216","217","0","0","0","NA","1","NA","0","0","3","0","0","216","216","216","0","0","0","0","0","0","0","0","0","NA","NA","0","0","NA","216","68","216","216","216","216","216","216","216","68","undefined","492","18","Thu Oct  3 17:47:30 2024","740","The main experiment item","yes","active","Norway_Session_6.osexp","1","C:\Users\Tromso\Desktop\LESS\Session 6","no","no","mono","no","18","no","white","no","Click to confirm or to begin from default part if nothing selected","NA","yes","","active","differential object marking","2","grammatical","101","768","legacy","Mini-English","NA","List 1: grammatical, DOM violation, article location violation","216","216","C:/Users/Tromso/Desktop/LESS/Session 6/subject-9.csv","1.2.3","xpyriment","","NA","singular","Lentiform Loewenfeld","3.3.14","0","1","NA","space","NA","NA","NA","NA","NA","NA","NA","NA","NA","space","c","NA","space","NA","space","1","188","NA","9282","NA","NA","NA","NA","NA","NA","NA","NA","NA","43730","90525","NA","10897","NA","110933","188","NA","8789","NA","space","2","legacy","Olivia spoiled fi ze tray but not fi je street.","229","Session 6","NA","Experiment","2024-10-03 17:47","1024","2","48000","-16","Session6","Norway","9","odd","word4","49","NA","no","NA","109138","NA","26086","NA","16799","16795","5935","16795","NA","NA","NA","NA","NA","NA","NA","NA","NA","NA","NA","NA","NA","NA","NA","5934","2508018","2539664","2538649","2539201","NA","2333538","2543740","26086","NA","NA","2540701","NA","116646","NA","116649","NA","127550","238523","2536430","238513","NA","NA","2536452","2537122","2543993","2543993","2536430","16795","2534247","2534247","2544183","NA","NA","5935","NA","NA","NA","7993","NA","NA","NA","7994","2534234","2507507","2539155","5935","NA","5935","NA","NA","NA","16795","NA","5935","NA","NA","NA","8005","NA","2537392","2543239","2538003","2538649","2539155","2539907","2540448","2541060","2541793","2542516","Norway Session 6","185","524525","221","0","217","yes","1619","","1024","NA","Olivia","street.","390","355","spoiled","390","fi","250","ze","210","tray","285","but","250","not","250","fi","250","je","250"
"NA","NA","83.78378378378379","83.78378378378379","2364.0495495495497","2364.0495495495497","#242424","xpyriment","legacy","legacy","0","uniform","1","undefined","NA","NA","0","undefined","undefined","1","right_button","undefined","0","0","0","0","0","0","0","0","0","0","0","NA","NA","0","0","1","NA","NA","NA","NA","NA","NA","0","NA","0","217","217","217","217","NA","3","573","8","0","0","1525","0","0","0","0","0","0","0","217","0","NA","NA","217","217","217","217","217","3","217","217","218","0","0","0","NA","1","NA","0","0","3","0","0","217","217","217","0","0","0","0","0","0","0","0","0","NA","NA","0","0","NA","217","68","217","217","217","217","217","217","217","68","undefined","492","32","Thu Oct  3 17:47:30 2024","751","The main experiment item","yes","active","Norway_Session_6.osexp","1","C:\Users\Tromso\Desktop\LESS\Session 6","no","no","mono","no","18","no","white","no","Click to confirm or to begin from default part if nothing selected","NA","yes","","active","verb-object agreement","3","article location violation","103","768","legacy","Mini-English","NA","List 1: grammatical, VOA violation, article location violation","217","217","C:/Users/Tromso/Desktop/LESS/Session 6/subject-9.csv","1.2.3","xpyriment","","NA","plural","Lentiform Loewenfeld","3.3.14","0","3","NA","space","NA","NA","NA","NA","NA","NA","NA","NA","NA","space","c","NA","space","NA","space","3","294","NA","9282","NA","NA","NA","NA","NA","NA","NA","NA","NA","43730","90525","NA","10897","NA","110933","294","NA","8789","NA","space","2","legacy","Jessica cleanedevo fi jerwall and fi jerbackpack too.","136","Session 6","NA","Experiment","2024-10-03 17:47","1024","2","48000","-16","Session6","Norway","9","odd","word4","42","NA","no","NA","109138","NA","26086","NA","16799","16795","5935","16795","NA","NA","NA","NA","NA","NA","NA","NA","NA","NA","NA","NA","NA","NA","NA","5934","2508018","2549913","2548760","2549310","NA","2333538","2552543","26086","NA","NA","2550776","NA","116646","NA","116649","NA","127550","238523","2546399","238513","NA","NA","2546421","2547092","2552800","2552800","2546400","16795","2544204","2544204","2553095","NA","NA","5935","NA","NA","NA","7993","NA","NA","NA","7994","2544190","2507507","2549265","5935","NA","5935","NA","NA","NA","16795","NA","5935","NA","NA","NA","8005","NA","2547363","2543239","2548009","2548760","2549265","2550015","2550523","2551145","2552151","2542516","Norway Session 6","186","524819","222","0","218","yes","73","","1024","NA","Jessica","","","390","cleanedevo","495","fi","250","jerwall","350","and","250","fi","250","jerbackpack","530","too.","285","",""
"NA","NA","83.85650224215247","83.85650224215247","2354.201793721973","2354.201793721973","#242424","xpyriment","legacy","legacy","0","uniform","1","undefined","NA","NA","0","undefined","undefined","1","right_button","undefined","0","0","0","0","0","0","0","0","0","0","0","NA","NA","0","0","1","NA","NA","NA","NA","NA","NA","0","NA","0","218","218","218","218","NA","3","575","8","0","0","1532","0","0","0","0","0","0","0","218","0","NA","NA","218","218","218","218","218","3","218","218","219","0","0","0","NA","1","NA","0","0","3","0","0","218","218","218","0","0","0","0","0","0","0","0","0","NA","NA","0","0","NA","218","68","218","218","218","218","218","218","218","68","undefined","492","32","Thu Oct  3 17:47:30 2024","749","The main experiment item","yes","active","Norway_Session_6.osexp","1","C:\Users\Tromso\Desktop\LESS\Session 6","no","no","mono","no","18","no","white","no","Click to confirm or to begin from default part if nothing selected","NA","yes","neuter","active","gender agreement","1","number violation","103","768","legacy","Mini-English","NA","List 1: grammatical, gender violation, number violation","218","218","C:/Users/Tromso/Desktop/LESS/Session 6/subject-9.csv","1.2.3","xpyriment","1912","NA","plural","Lentiform Loewenfeld","3.3.14","0","3","NA","space","NA","NA","NA","NA","NA","NA","NA","NA","NA","space","c","NA","space","NA","space","3","168","NA","9282","NA","NA","NA","NA","NA","NA","NA","NA","NA","43730","90525","NA","10897","NA","110933","168","NA","8789","NA","space","2","legacy","Zer tray look dangerousezu but zer candle not.","176","Session 6","NA","Experiment","2024-10-03 17:47","1024","2","48000","-16","Session6","Norway","9","odd","word4","45","NA","no","NA","109138","NA","26086","NA","16799","16795","5935","16795","NA","NA","NA","NA","NA","NA","NA","NA","NA","NA","NA","NA","NA","NA","NA","5934","2508018","2549913","2557374","2557963","NA","2333538","2561080","26086","NA","NA","2559501","NA","116646","NA","116649","NA","127550","238523","2555363","238513","NA","NA","2555385","2556056","2561333","2561333","2555363","16795","2553118","2553118","2561503","NA","NA","5935","NA","NA","NA","7993","NA","NA","NA","7994","2553103","2507507","2557915","5935","NA","5935","NA","NA","NA","16795","NA","5935","NA","NA","NA","8005","NA","2556327","2543239","2556833","2557374","2557915","2558744","2559248","2559861","2560692","2542516","Norway Session 6","187","524987","223","0","219","yes","","copula_look","1024","NA","Zer","","","250","tray","285","look","285","dangerousezu","525","but","250","zer","250","candle","355","not.","285","",""
"NA","NA","83.92857142857143","83.92857142857143","2344.5401785714284","2344.5401785714284","#242424","xpyriment","legacy","legacy","0","uniform","1","undefined","NA","NA","0","undefined","undefined","1","right_button","undefined","0","0","0","0","0","0","0","0","0","0","0","NA","NA","0","0","1","NA","NA","NA","NA","NA","NA","0","NA","0","219","219","219","219","NA","3","577","8","0","0","1539","0","0","0","0","0","0","0","219","0","NA","NA","219","219","219","219","219","3","219","219","220","0","0","0","NA","1","NA","0","0","3","0","0","219","219","219","0","0","0","0","0","0","0","0","0","NA","NA","0","0","NA","219","68","219","219","219","219","219","219","219","68","undefined","492","33","Thu Oct  3 17:47:30 2024","757","The main experiment item","yes","active","Norway_Session_6.osexp","1","C:\Users\Tromso\Desktop\LESS\Session 6","no","no","mono","no","18","no","white","no","Click to confirm or to begin from default part if nothing selected","NA","yes","","active","verb-object agreement","3","article location violation","103","768","legacy","Mini-English","NA","List 1: grammatical, VOA violation, article location violation","219","219","C:/Users/Tromso/Desktop/LESS/Session 6/subject-9.csv","1.2.3","xpyriment","","NA","singular","Lentiform Loewenfeld","3.3.14","0","3","NA","space","NA","NA","NA","NA","NA","NA","NA","NA","NA","space","c","NA","space","NA","space","3","190","NA","9282","NA","NA","NA","NA","NA","NA","NA","NA","NA","43730","90525","NA","10897","NA","110933","190","NA","8789","NA","space","2","legacy","Charlie ordered fi zetable and fi jewall too.","211","Session 6","NA","Experiment","2024-10-03 17:47","1024","2","48000","-16","Session6","Norway","9","odd","word4","48","NA","no","NA","109138","NA","26086","NA","16799","16795","5935","16795","NA","NA","NA","NA","NA","NA","NA","NA","NA","NA","NA","NA","NA","NA","NA","5934","2508018","2567127","2565971","2566523","NA","2333538","2569586","26086","NA","NA","2567988","NA","116646","NA","116649","NA","127550","238523","2563718","238513","NA","NA","2563740","2564411","2569839","2569839","2563718","16795","2561521","2561522","2570031","NA","NA","5935","NA","NA","NA","7993","NA","NA","NA","7994","2561508","2507507","2566477","5935","NA","5935","NA","NA","NA","16795","NA","5935","NA","NA","NA","8005","NA","2564680","2543239","2565326","2565971","2566477","2567230","2567735","2568346","2569189","2542516","Norway Session 6","188","525177","224","0","220","yes","109","","1024","NA","Charlie","","","390","ordered","390","fi","250","zetable","350","and","250","fi","250","jewall","355","too.","285","",""
"NA","NA","84","84","2335.0444444444443","2335.0444444444443","#242424","xpyriment","legacy","legacy","0","uniform","1","undefined","NA","NA","0","undefined","undefined","1","right_button","undefined","0","0","0","0","0","0","0","0","0","0","0","NA","NA","0","0","1","NA","NA","NA","NA","NA","NA","0","NA","0","220","220","220","220","NA","3","579","8","0","0","1546","0","0","0","0","0","0","0","220","0","NA","NA","220","220","220","220","220","3","220","220","221","0","0","0","NA","1","NA","0","0","3","0","0","220","220","220","0","0","0","0","0","0","0","0","0","NA","NA","0","0","NA","220","68","220","220","220","220","220","220","220","68","undefined","492","33","Thu Oct  3 17:47:30 2024","758","The main experiment item","yes","active","Norway_Session_6.osexp","1","C:\Users\Tromso\Desktop\LESS\Session 6","no","no","mono","no","18","no","white","no","Click to confirm or to begin from default part if nothing selected","NA","yes","common","active","gender agreement","1","gender violation","102","768","legacy","Mini-English","NA","List 1: grammatical, gender violation, number violation","220","220","C:/Users/Tromso/Desktop/LESS/Session 6/subject-9.csv","1.2.3","xpyriment","1717","NA","singular","Lentiform Loewenfeld","3.3.14","0","3","NA","space","NA","NA","NA","NA","NA","NA","NA","NA","NA","space","c","NA","space","NA","space","3","208","NA","9282","NA","NA","NA","NA","NA","NA","NA","NA","NA","43730","90525","NA","10897","NA","110933","208","NA","8789","NA","space","2","legacy","Je fork is yellowezu and je drum too.","234","Session 6","NA","Experiment","2024-10-03 17:47","1024","2","48000","-16","Session6","Norway","9","odd","word4","50","NA","no","NA","109138","NA","26086","NA","16799","16795","5935","16795","NA","NA","NA","NA","NA","NA","NA","NA","NA","NA","NA","NA","NA","NA","NA","5934","2508018","2575512","2574289","2574838","NA","2333538","2577832","26086","NA","NA","2576303","NA","116646","NA","116649","NA","127550","238523","2572283","238513","NA","NA","2572305","2572975","2578085","2578084","2572283","16795","2570052","2570052","2578295","NA","NA","5935","NA","NA","NA","7993","NA","NA","NA","7994","2570038","2507507","2574794","5935","NA","5935","NA","NA","NA","16795","NA","5935","NA","NA","NA","8005","NA","2573245","2543239","2573748","2574289","2574794","2575544","2576050","2576665","2577439","2542516","Norway Session 6","189","525385","225","0","221","yes","","copula_be","1024","NA","Je","","","250","fork","285","is","250","yellowezu","420","and","250","je","250","drum","285","too.","285","",""
"NA","NA","84.070796460177","84.070796460177","2325.1327433628317","2325.1327433628317","#242424","xpyriment","legacy","legacy","0","uniform","1","undefined","NA","NA","0","undefined","undefined","1","right_button","undefined","0","0","0","0","0","0","0","0","0","0","0","NA","NA","0","0","1","NA","NA","NA","NA","NA","NA","0","NA","0","221","221","221","221","NA","3","581","8","0","0","1553","0","0","0","0","0","0","0","221","0","NA","NA","221","221","221","221","221","3","221","221","222","0","0","0","NA","1","NA","0","0","3","0","0","221","221","221","0","0","0","0","0","0","0","0","0","NA","NA","0","0","NA","221","68","221","221","221","221","221","221","221","68","undefined","492","33","Thu Oct  3 17:47:30 2024","739","The main experiment item","yes","active","Norway_Session_6.osexp","1","C:\Users\Tromso\Desktop\LESS\Session 6","no","no","mono","no","18","no","white","no","Click to confirm or to begin from default part if nothing selected","NA","yes","","active","differential object marking","2","article location violation","103","768","legacy","Mini-English","NA","List 1: grammatical, DOM violation, article location violation","221","221","C:/Users/Tromso/Desktop/LESS/Session 6/subject-9.csv","1.2.3","xpyriment","","NA","singular","Lentiform Loewenfeld","3.3.14","0","3","NA","space","NA","NA","NA","NA","NA","NA","NA","NA","NA","space","c","NA","space","NA","space","3","95","NA","9282","NA","NA","NA","NA","NA","NA","NA","NA","NA","43730","90525","NA","10897","NA","110933","95","NA","8789","NA","space","2","legacy","Jack chose fi jesaucepan and fi jedrum too.","212","Session 6","NA","Experiment","2024-10-03 17:47","1024","2","48000","-16","Session6","Norway","9","odd","word4","48","NA","no","NA","109138","NA","26086","NA","16799","16795","5935","16795","NA","NA","NA","NA","NA","NA","NA","NA","NA","NA","NA","NA","NA","NA","NA","5934","2508018","2575512","2582594","2583145","NA","2333538","2586216","26086","NA","NA","2584613","NA","116646","NA","116649","NA","127550","238523","2580517","238513","NA","NA","2580540","2581210","2586470","2586469","2580518","16795","2578315","2578315","2586568","NA","NA","5935","NA","NA","NA","7993","NA","NA","NA","7994","2578302","2507507","2583099","5935","NA","5935","NA","NA","NA","16795","NA","5935","NA","NA","NA","8005","NA","2581479","2543239","2582018","2582594","2583099","2583856","2584361","2584987","2585808","2542516","Norway Session 6","190","525480","226","0","222","yes","1115","","1024","NA","Jack","","","285","chose","320","fi","250","jesaucepan","455","and","250","fi","250","jedrum","355","too.","285","",""
"NA","NA","84.14096916299559","84.14096916299559","2315.568281938326","2315.568281938326","#242424","xpyriment","legacy","legacy","0","uniform","1","undefined","NA","NA","0","undefined","undefined","1","left_button","undefined","0","0","0","0","0","0","0","0","0","0","0","NA","NA","0","0","1","NA","NA","NA","NA","NA","NA","0","NA","0","222","222","222","222","NA","3","583","8","0","0","1560","0","0","0","0","0","0","0","222","0","NA","NA","222","222","222","222","222","3","222","222","223","0","0","0","NA","1","NA","0","0","3","0","0","222","222","222","0","0","0","0","0","0","0","0","0","NA","NA","0","0","NA","222","68","222","222","222","222","222","222","222","68","undefined","492","33","Thu Oct  3 17:47:30 2024","776","The main experiment item","yes","active","Norway_Session_6.osexp","1","C:\Users\Tromso\Desktop\LESS\Session 6","no","no","mono","no","18","no","white","no","Click to confirm or to begin from default part if nothing selected","NA","yes","neuter","active","gender agreement","1","grammatical","101","768","legacy","Mini-English","NA","List 1: grammatical, gender violation, number violation","222","222","C:/Users/Tromso/Desktop/LESS/Session 6/subject-9.csv","1.2.3","xpyriment","2210","NA","plural","Lentiform Loewenfeld","3.3.14","0","1","NA","space","NA","NA","NA","NA","NA","NA","NA","NA","NA","space","c","NA","space","NA","space","1","154","NA","9282","NA","NA","NA","NA","NA","NA","NA","NA","NA","43730","90525","NA","10897","NA","110933","154","NA","8789","NA","space","2","legacy","Zer tie look pinkezur but zer strawberry not.","155","Session 6","NA","Experiment","2024-10-03 17:47","1024","2","48000","-16","Session6","Norway","9","odd","word4","43","NA","no","NA","109138","NA","26086","NA","16799","16795","5935","16795","NA","NA","NA","NA","NA","NA","NA","NA","NA","NA","NA","NA","NA","NA","NA","5934","2508018","2592079","2590853","2591441","NA","2333538","2594613","26086","NA","NA","2592905","NA","116646","NA","116649","NA","127550","238523","2588880","238513","NA","NA","2588902","2589574","2594867","2594867","2588880","16795","2586587","2586587","2595023","NA","NA","5935","NA","NA","NA","7993","NA","NA","NA","7994","2586573","2507507","2591394","5935","NA","5935","NA","NA","NA","16795","NA","5935","NA","NA","NA","8005","NA","2589843","2543239","2590348","2590853","2591393","2592147","2592652","2593271","2594221","2542516","Norway Session 6","191","525634","227","0","223","yes","","copula_look","1024","NA","Zer","","","250","tie","250","look","285","pinkezur","385","but","250","zer","250","strawberry","495","not.","285","",""
"NA","NA","83.7719298245614","83.7719298245614","2306.061403508772","2306.061403508772","#242424","xpyriment","legacy","legacy","0","uniform","0","undefined","NA","NA","0","undefined","undefined","0","right_button","undefined","0","0","0","0","0","0","0","0","0","0","0","NA","NA","0","0","1","NA","NA","NA","NA","NA","NA","0","NA","0","223","223","223","223","NA","3","585","8","0","0","1567","0","0","0","0","0","0","0","223","0","NA","NA","223","223","223","223","223","3","223","223","224","0","0","0","NA","1","NA","0","0","3","0","0","223","223","223","0","0","0","0","0","0","0","0","0","NA","NA","0","0","NA","223","68","223","223","223","223","223","223","223","68","undefined","492","33","Thu Oct  3 17:47:30 2024","747","The main experiment item","yes","active","Norway_Session_6.osexp","1","C:\Users\Tromso\Desktop\LESS\Session 6","no","no","mono","no","18","no","white","no","Click to confirm or to begin from default part if nothing selected","NA","yes","","active","differential object marking","2","DOM violation","102","768","legacy","Mini-English","NA","List 1: grammatical, DOM violation, article location violation","223","223","C:/Users/Tromso/Desktop/LESS/Session 6/subject-9.csv","1.2.3","xpyriment","","NA","singular","Lentiform Loewenfeld","3.3.14","0","1","NA","space","NA","NA","NA","NA","NA","NA","NA","NA","NA","space","c","NA","space","NA","space","1","148","NA","9282","NA","NA","NA","NA","NA","NA","NA","NA","NA","43730","90525","NA","10897","NA","110933","148","NA","8789","NA","space","2","legacy","Emily ordered ze mug and ze letter too.","163","Session 6","NA","Experiment","2024-10-03 17:47","1024","2","48000","-16","Session6","Norway","9","odd","word3","44","NA","no","NA","109138","NA","26086","NA","16799","16795","5935","16795","NA","NA","NA","NA","NA","NA","NA","NA","NA","NA","NA","NA","NA","NA","NA","5934","2600001","2592079","2599537","2600244","NA","2333538","2603116","26086","NA","NA","2601507","NA","116646","NA","116649","NA","127550","238523","2597305","238513","NA","NA","2597328","2597999","2603369","2603369","2597306","16795","2595043","2595043","2603520","NA","NA","5935","NA","NA","NA","7993","NA","NA","NA","7994","2595027","2599491","2591394","5935","NA","5935","NA","NA","NA","16795","NA","5935","NA","NA","NA","8005","NA","2598269","2543239","2598845","2599491","2600244","2600750","2601255","2601865","2602718","2542516","Norway Session 6","191","525782","228","0","224","yes","108","","1024","NA","Emily","","","320","ordered","390","ze","210","mug","250","and","250","ze","250","letter","355","too.","285","",""
"NA","NA","83.84279475982532","83.84279475982532","2296.7816593886464","2296.7816593886464","#242424","xpyriment","legacy","legacy","0","uniform","1","undefined","NA","NA","0","undefined","undefined","1","right_button","undefined","0","0","0","0","0","0","0","0","0","0","0","NA","NA","0","0","1","NA","NA","NA","NA","NA","NA","0","NA","0","224","224","224","224","NA","3","587","8","0","0","1574","0","0","0","0","0","0","0","224","0","NA","NA","224","224","224","224","224","3","224","224","225","0","0","0","NA","1","NA","0","0","3","0","0","224","224","224","0","0","0","0","0","0","0","0","0","NA","NA","0","0","NA","224","68","224","224","224","224","224","224","224","68","undefined","492","33","Thu Oct  3 17:47:30 2024","751","The main experiment item","yes","active","Norway_Session_6.osexp","1","C:\Users\Tromso\Desktop\LESS\Session 6","no","no","mono","no","18","no","white","no","Click to confirm or to begin from default part if nothing selected","NA","yes","common","active","gender agreement","1","gender violation","102","768","legacy","Mini-English","NA","List 1: grammatical, gender violation, number violation","224","224","C:/Users/Tromso/Desktop/LESS/Session 6/subject-9.csv","1.2.3","xpyriment","1417","NA","singular","Lentiform Loewenfeld","3.3.14","0","3","NA","space","NA","NA","NA","NA","NA","NA","NA","NA","NA","space","c","NA","space","NA","space","3","181","NA","9282","NA","NA","NA","NA","NA","NA","NA","NA","NA","43730","90525","NA","10897","NA","110933","181","NA","8789","NA","space","2","legacy","Je box is yellowezu and je suitcase too.","231","Session 6","NA","Experiment","2024-10-03 17:47","1024","2","48000","-16","Session6","Norway","9","odd","word4","50","NA","no","NA","109138","NA","26086","NA","16799","16795","5935","16795","NA","NA","NA","NA","NA","NA","NA","NA","NA","NA","NA","NA","NA","NA","NA","5934","2600001","2608927","2607701","2608253","NA","2333538","2611374","26086","NA","NA","2609718","NA","116646","NA","116649","NA","127550","238523","2605725","238513","NA","NA","2605747","2606418","2611632","2611632","2605725","16795","2603540","2603540","2611815","NA","NA","5935","NA","NA","NA","7993","NA","NA","NA","7994","2603527","2599491","2608207","5935","NA","5935","NA","NA","NA","16795","NA","5935","NA","NA","NA","8005","NA","2606689","2543239","2607195","2607701","2608207","2608960","2609465","2610077","2610982","2542516","Norway Session 6","192","525963","229","0","225","yes","","copula_be","1024","NA","Je","","","250","box","250","is","250","yellowezu","420","and","250","je","250","suitcase","425","too.","285","",""
"NA","NA","83.91304347826087","83.91304347826087","2287.3434782608697","2287.3434782608697","#242424","xpyriment","legacy","legacy","0","uniform","1","undefined","NA","NA","0","undefined","undefined","1","right_button","undefined","0","0","0","0","0","0","0","0","0","0","0","NA","NA","0","0","1","NA","NA","NA","NA","NA","NA","0","NA","0","225","225","225","225","NA","3","589","8","0","0","1581","0","0","0","0","0","0","0","225","0","NA","NA","225","225","225","225","225","3","225","225","226","0","0","0","NA","1","NA","0","0","3","0","0","225","225","225","0","0","0","0","0","0","0","0","0","NA","NA","0","0","NA","225","68","225","225","225","225","225","225","225","68","undefined","491","36","Thu Oct  3 17:47:30 2024","741","The main experiment item","yes","active","Norway_Session_6.osexp","1","C:\Users\Tromso\Desktop\LESS\Session 6","no","no","mono","no","18","no","white","no","Click to confirm or to begin from default part if nothing selected","NA","yes","","active","differential object marking","2","article location violation","103","768","legacy","Mini-English","NA","List 1: grammatical, DOM violation, article location violation","225","225","C:/Users/Tromso/Desktop/LESS/Session 6/subject-9.csv","1.2.3","xpyriment","","NA","singular","Lentiform Loewenfeld","3.3.14","0","3","NA","space","NA","NA","NA","NA","NA","NA","NA","NA","NA","space","c","NA","space","NA","space","3","126","NA","9282","NA","NA","NA","NA","NA","NA","NA","NA","NA","43730","90525","NA","10897","NA","110933","126","NA","8789","NA","space","2","legacy","Jessica fixed fi zetable but not fi jestreet.","180","Session 6","NA","Experiment","2024-10-03 17:47","1024","2","48000","-16","Session6","Norway","9","odd","word4","45","NA","no","NA","109138","NA","26086","NA","16799","16795","5935","16795","NA","NA","NA","NA","NA","NA","NA","NA","NA","NA","NA","NA","NA","NA","NA","5934","2600001","2617358","2616203","2616756","NA","2333538","2619858","26086","NA","NA","2618220","NA","116646","NA","116649","NA","127550","238523","2614017","238513","NA","NA","2614039","2614710","2620111","2620111","2614018","16795","2611832","2611832","2620239","NA","NA","5935","NA","NA","NA","7993","NA","NA","NA","7994","2611819","2599491","2616709","5935","NA","5935","NA","NA","NA","16795","NA","5935","NA","NA","NA","8005","NA","2614981","2543239","2615627","2616203","2616709","2617461","2617967","2618580","2619295","2542516","Norway Session 6","193","526089","230","0","226","yes","159","","1024","NA","Jessica","","","390","fixed","320","fi","250","zetable","350","but","250","not","250","fi","250","jestreet.","460","",""
"NA","NA","83.98268398268398","83.98268398268398","2278.839826839827","2278.839826839827","#242424","xpyriment","legacy","legacy","0","uniform","1","undefined","NA","NA","0","undefined","undefined","1","right_button","undefined","0","0","0","0","0","0","0","0","0","0","0","NA","NA","0","0","1","NA","NA","NA","NA","NA","NA","0","NA","0","226","226","226","226","NA","3","591","8","0","0","1588","0","0","0","0","0","0","0","226","0","NA","NA","226","226","226","226","226","3","226","226","227","0","0","0","NA","1","NA","0","0","3","0","0","226","226","226","0","0","0","0","0","0","0","0","0","NA","NA","0","0","NA","226","68","226","226","226","226","226","226","226","68","undefined","501","44","Thu Oct  3 17:47:30 2024","756","The main experiment item","yes","active","Norway_Session_6.osexp","1","C:\Users\Tromso\Desktop\LESS\Session 6","no","no","mono","no","18","no","white","no","Click to confirm or to begin from default part if nothing selected","NA","yes","","active","verb-object agreement","3","article location violation","103","768","legacy","Mini-English","NA","List 1: grammatical, VOA violation, article location violation","226","226","C:/Users/Tromso/Desktop/LESS/Session 6/subject-9.csv","1.2.3","xpyriment","","NA","singular","Lentiform Loewenfeld","3.3.14","0","3","NA","space","NA","NA","NA","NA","NA","NA","NA","NA","NA","space","c","NA","space","NA","space","3","323","NA","9282","NA","NA","NA","NA","NA","NA","NA","NA","NA","43730","90525","NA","10897","NA","110933","323","NA","8789","NA","space","2","legacy","Olivia refused fi jewall and fi jetruck too.","141","Session 6","NA","Experiment","2024-10-03 17:47","1024","2","48000","-16","Session6","Norway","9","odd","word4","42","NA","no","NA","109138","NA","26086","NA","16799","16795","5935","16795","NA","NA","NA","NA","NA","NA","NA","NA","NA","NA","NA","NA","NA","NA","NA","5934","2600001","2625819","2624698","2625251","NA","2333538","2628307","26086","NA","NA","2626715","NA","116646","NA","116649","NA","127550","238523","2622481","238513","NA","NA","2622503","2623174","2628562","2628561","2622481","16795","2620261","2620261","2628887","NA","NA","5935","NA","NA","NA","7993","NA","NA","NA","7994","2620247","2599491","2625204","5935","NA","5935","NA","NA","NA","16795","NA","5935","NA","NA","NA","8005","NA","2623443","2543239","2624052","2624698","2625204","2625957","2626463","2627075","2627932","2542516","Norway Session 6","194","526412","231","0","227","yes","123","","1024","NA","Olivia","","","355","refused","390","fi","250","jewall","315","and","250","fi","250","jetruck","390","too.","285","",""
"NA","NA","84.05172413793103","84.05172413793103","2271.4741379310344","2271.4741379310344","#242424","xpyriment","legacy","legacy","0","uniform","1","undefined","NA","NA","0","undefined","undefined","1","right_button","undefined","0","0","0","0","0","0","0","0","0","0","0","NA","NA","0","0","1","NA","NA","NA","NA","NA","NA","0","NA","0","227","227","227","227","NA","3","593","8","0","0","1595","0","0","0","0","0","0","0","227","0","NA","NA","227","227","227","227","227","3","227","227","228","0","0","0","NA","1","NA","0","0","3","0","0","227","227","227","0","0","0","0","0","0","0","0","0","NA","NA","0","0","NA","227","68","227","227","227","227","227","227","227","68","undefined","501","44","Thu Oct  3 17:47:30 2024","736","The main experiment item","yes","active","Norway_Session_6.osexp","1","C:\Users\Tromso\Desktop\LESS\Session 6","no","no","mono","no","18","no","white","no","Click to confirm or to begin from default part if nothing selected","NA","yes","","active","differential object marking","2","article location violation","103","768","legacy","Mini-English","NA","List 1: grammatical, DOM violation, article location violation","227","227","C:/Users/Tromso/Desktop/LESS/Session 6/subject-9.csv","1.2.3","xpyriment","","NA","singular","Lentiform Loewenfeld","3.3.14","0","3","NA","space","NA","NA","NA","NA","NA","NA","NA","NA","NA","space","c","NA","space","NA","space","3","570","NA","9282","NA","NA","NA","NA","NA","NA","NA","NA","NA","43730","90525","NA","10897","NA","110933","570","NA","8789","NA","space","2","legacy","Oliver provided fi jesaucepan and fi zemug too.","210","Session 6","NA","Experiment","2024-10-03 17:47","1024","2","48000","-16","Session6","Norway","9","odd","word4","48","NA","no","NA","109138","NA","26086","NA","16799","16795","5935","16795","NA","NA","NA","NA","NA","NA","NA","NA","NA","NA","NA","NA","NA","NA","NA","5934","2600001","2625819","2633440","2633991","NA","2333538","2637022","26086","NA","NA","2635457","NA","116646","NA","116649","NA","127550","238523","2631180","238513","NA","NA","2631206","2631876","2637275","2637275","2631180","16795","2628910","2628910","2637848","NA","NA","5935","NA","NA","NA","7993","NA","NA","NA","7994","2628893","2599491","2633946","5935","NA","5935","NA","NA","NA","16795","NA","5935","NA","NA","NA","8005","NA","2632147","2543239","2632757","2633440","2633946","2634700","2635205","2635816","2636611","2542516","Norway Session 6","195","526982","232","0","228","yes","915","","1024","NA","Oliver","","","355","provided","425","fi","250","jesaucepan","455","and","250","fi","250","zemug","320","too.","285","",""
"NA","NA","83.69098712446352","83.69098712446352","2262.459227467811","2262.459227467811","#242424","xpyriment","legacy","legacy","0","uniform","0","undefined","NA","NA","0","undefined","undefined","0","right_button","undefined","0","0","0","0","0","0","0","0","0","0","0","NA","NA","0","0","1","NA","NA","NA","NA","NA","NA","0","NA","0","228","228","228","228","NA","3","595","8","0","0","1602","0","0","0","0","0","0","0","228","0","NA","NA","228","228","228","228","228","3","228","228","229","0","0","0","NA","1","NA","0","0","3","0","0","228","228","228","0","0","0","0","0","0","0","0","0","NA","NA","0","0","NA","228","68","228","228","228","228","228","228","228","68","undefined","501","44","Thu Oct  3 17:47:30 2024","739","The main experiment item","yes","active","Norway_Session_6.osexp","1","C:\Users\Tromso\Desktop\LESS\Session 6","no","no","mono","no","18","no","white","no","Click to confirm or to begin from default part if nothing selected","NA","yes","","active","differential object marking","2","DOM violation","102","768","legacy","Mini-English","NA","List 1: grammatical, DOM violation, article location violation","228","228","C:/Users/Tromso/Desktop/LESS/Session 6/subject-9.csv","1.2.3","xpyriment","","NA","singular","Lentiform Loewenfeld","3.3.14","0","1","NA","space","NA","NA","NA","NA","NA","NA","NA","NA","NA","space","c","NA","space","NA","space","1","171","NA","9282","NA","NA","NA","NA","NA","NA","NA","NA","NA","43730","90525","NA","10897","NA","110933","171","NA","8789","NA","space","2","legacy","Olivia provided je box but not ze tray.","198","Session 6","NA","Experiment","2024-10-03 17:47","1024","2","48000","-16","Session6","Norway","9","odd","word3","47","NA","no","NA","109138","NA","26086","NA","16799","16795","5935","16795","NA","NA","NA","NA","NA","NA","NA","NA","NA","NA","NA","NA","NA","NA","NA","5934","2642829","2625819","2642366","2643072","NA","2333538","2645877","26086","NA","NA","2644335","NA","116646","NA","116649","NA","127550","238523","2640065","238513","NA","NA","2640088","2640758","2646130","2646130","2640065","16795","2637867","2637867","2646303","NA","NA","5935","NA","NA","NA","7993","NA","NA","NA","7994","2637854","2642320","2633946","5935","NA","5935","NA","NA","NA","16795","NA","5935","NA","NA","NA","8005","NA","2641030","2543239","2641641","2642320","2643072","2643577","2644082","2644702","2645434","2542516","Norway Session 6","195","527153","233","0","229","yes","914","","1024","NA","Olivia","","","355","provided","425","je","210","box","250","but","250","not","250","ze","250","tray.","320","",""
"NA","NA","83.76068376068376","83.76068376068376","2253.059829059829","2253.059829059829","#242424","xpyriment","legacy","legacy","0","uniform","1","undefined","NA","NA","0","undefined","undefined","1","right_button","undefined","0","0","0","0","0","0","0","0","0","0","0","NA","NA","0","0","1","NA","NA","NA","NA","NA","NA","0","NA","0","229","229","229","229","NA","3","599","8","0","0","1609","0","0","0","0","0","0","0","229","0","NA","NA","229","229","229","229","229","3","229","229","230","0","0","0","NA","1","NA","0","0","3","0","0","229","229","229","0","0","0","0","0","0","0","0","0","NA","NA","0","0","NA","229","69","229","229","229","229","229","229","229","69","undefined","502","14","Thu Oct  3 17:47:30 2024","746","The main experiment item","yes","active","Norway_Session_6.osexp","1","C:\Users\Tromso\Desktop\LESS\Session 6","no","no","mono","no","18","no","white","no","Click to confirm or to begin from default part if nothing selected","NA","yes","","active","verb-object agreement","3","VOA violation","102","768","legacy","Mini-English","NA","List 1: grammatical, VOA violation, article location violation","229","229","C:/Users/Tromso/Desktop/LESS/Session 6/subject-9.csv","1.2.3","xpyriment","","NA","singular","Lentiform Loewenfeld","3.3.14","0","3","NA","space","NA","NA","NA","NA","NA","NA","NA","NA","NA","space","c","NA","space","NA","space","3","63","NA","9282","NA","NA","NA","NA","NA","NA","NA","NA","NA","43730","90525","NA","10897","NA","110933","63","NA","8789","NA","space","2","legacy","Lily refusedevo fi ze roof and fi ze pool too.","237","Session 6","NA","Experiment","2024-10-03 17:47","1024","2","48000","-16","Session6","Norway","9","odd","word4","50","NA","no","NA","109138","NA","26086","NA","16799","16795","5935","16795","NA","NA","NA","NA","NA","NA","NA","NA","NA","NA","NA","NA","NA","NA","NA","5934","2642829","2651805","2650788","2651341","NA","2333538","2655793","26086","NA","NA","2652842","NA","116646","NA","116649","NA","127550","238523","2648534","238513","NA","NA","2648556","2649227","2656046","2656046","2648534","16795","2646323","2646323","2656113","NA","NA","5935","NA","NA","NA","7993","NA","NA","NA","7994","2646310","2642320","2651294","5935","NA","5935","NA","NA","NA","16795","NA","5935","NA","NA","NA","8005","NA","2649495","2655392","2650037","2650788","2651294","2652048","2652589","2653198","2653925","2654633","Norway Session 6","196","527216","234","0","230","yes","1211","","1024","NA","Lily","too.","285","285","refusedevo","495","fi","250","ze","210","roof","285","and","250","fi","250","ze","250","pool","285"
"NA","NA","83.82978723404256","83.82978723404256","2244.4170212765957","2244.4170212765957","#242424","xpyriment","legacy","legacy","0","uniform","1","undefined","NA","NA","0","undefined","undefined","1","left_button","undefined","0","0","0","0","0","0","0","0","0","0","0","NA","NA","0","0","1","NA","NA","NA","NA","NA","NA","0","NA","0","230","230","230","230","NA","3","603","8","0","0","1616","0","0","0","0","0","0","0","230","0","NA","NA","230","230","230","230","230","3","230","230","231","0","0","0","NA","1","NA","0","0","3","0","0","230","230","230","0","0","0","0","0","0","0","0","0","NA","NA","0","0","NA","230","70","230","230","230","230","230","230","230","70","undefined","502","14","Thu Oct  3 17:47:30 2024","758","The main experiment item","yes","active","Norway_Session_6.osexp","1","C:\Users\Tromso\Desktop\LESS\Session 6","no","no","mono","no","18","no","white","no","Click to confirm or to begin from default part if nothing selected","NA","yes","","active","verb-object agreement","3","grammatical","101","768","legacy","Mini-English","NA","List 1: grammatical, VOA violation, article location violation","230","230","C:/Users/Tromso/Desktop/LESS/Session 6/subject-9.csv","1.2.3","xpyriment","","NA","singular","Lentiform Loewenfeld","3.3.14","0","1","NA","space","NA","NA","NA","NA","NA","NA","NA","NA","NA","space","c","NA","space","NA","space","1","222","NA","9282","NA","NA","NA","NA","NA","NA","NA","NA","NA","43730","90525","NA","10897","NA","110933","222","NA","8789","NA","space","2","legacy","Amelia dirtied fi je backpack but not fi ze mug.","149","Session 6","NA","Experiment","2024-10-03 17:47","1024","2","48000","-16","Session6","Norway","9","odd","word4","43","NA","no","NA","109138","NA","26086","NA","16799","16795","5935","16795","NA","NA","NA","NA","NA","NA","NA","NA","NA","NA","NA","NA","NA","NA","NA","5934","2642829","2661465","2660450","2661002","NA","2333538","2665578","26086","NA","NA","2662641","NA","116646","NA","116649","NA","127550","238523","2658232","238513","NA","NA","2658255","2658925","2665831","2665831","2658232","16795","2656139","2656139","2666054","NA","NA","5935","NA","NA","NA","7993","NA","NA","NA","7994","2656125","2642320","2660955","5935","NA","5935","NA","NA","NA","16795","NA","5935","NA","NA","NA","8005","NA","2659195","2665162","2659804","2660449","2660955","2661708","2662389","2662988","2663709","2664428","Norway Session 6","197","527438","235","0","231","yes","84","","1024","NA","Amelia","mug.","285","355","dirtied","390","fi","250","je","210","backpack","425","but","250","not","250","fi","250","ze","250"
"NA","NA","83.89830508474576","83.89830508474576","2235.364406779661","2235.364406779661","#242424","xpyriment","legacy","legacy","0","uniform","1","undefined","NA","NA","0","undefined","undefined","1","right_button","undefined","0","0","0","0","0","0","0","0","0","0","0","NA","NA","0","0","1","NA","NA","NA","NA","NA","NA","0","NA","0","231","231","231","231","NA","3","605","8","0","0","1623","0","0","0","0","0","0","0","231","0","NA","NA","231","231","231","231","231","3","231","231","232","0","0","0","NA","1","NA","0","0","3","0","0","231","231","231","0","0","0","0","0","0","0","0","0","NA","NA","0","0","NA","231","70","231","231","231","231","231","231","231","70","undefined","579","378","Thu Oct  3 17:47:30 2024","756","The main experiment item","yes","active","Norway_Session_6.osexp","1","C:\Users\Tromso\Desktop\LESS\Session 6","no","no","mono","no","18","no","white","no","Click to confirm or to begin from default part if nothing selected","NA","yes","common","active","gender agreement","1","gender violation","102","768","legacy","Mini-English","NA","List 1: grammatical, gender violation, number violation","231","231","C:/Users/Tromso/Desktop/LESS/Session 6/subject-9.csv","1.2.3","xpyriment","1611","NA","singular","Lentiform Loewenfeld","3.3.14","0","3","NA","space","NA","NA","NA","NA","NA","NA","NA","NA","NA","space","c","NA","space","NA","space","3","108","NA","9282","NA","NA","NA","NA","NA","NA","NA","NA","NA","43730","90525","NA","10897","NA","110933","108","NA","8789","NA","space","2","legacy","Je suitcase is safezu and je drum too.","161","Session 6","NA","Experiment","2024-10-03 17:47","1024","2","48000","-16","Session6","Norway","9","odd","word4","44","NA","no","NA","109138","NA","26086","NA","16799","16795","5935","16795","NA","NA","NA","NA","NA","NA","NA","NA","NA","NA","NA","NA","NA","NA","NA","5934","2642829","2671467","2670347","2670898","NA","2333538","2673844","26086","NA","NA","2672363","NA","116646","NA","116649","NA","127550","238523","2668202","238513","NA","NA","2668224","2668895","2674097","2674097","2668203","16795","2666075","2666075","2674207","NA","NA","5935","NA","NA","NA","7993","NA","NA","NA","7994","2666062","2642320","2670852","5935","NA","5935","NA","NA","NA","16795","NA","5935","NA","NA","NA","8005","NA","2669164","2665162","2669668","2670347","2670852","2671605","2672110","2672716","2673452","2664428","Norway Session 6","198","527546","236","0","232","yes","","copula_be","1024","NA","Je","","","250","suitcase","425","is","250","safezu","315","and","250","je","250","drum","285","too.","285","",""
"NA","NA","83.96624472573839","83.96624472573839","2226.6202531645567","2226.6202531645567","#242424","xpyriment","legacy","legacy","0","uniform","1","undefined","NA","NA","0","undefined","undefined","1","left_button","undefined","0","0","0","0","0","0","0","0","0","0","0","NA","NA","0","0","1","NA","NA","NA","NA","NA","NA","0","NA","0","232","232","232","232","NA","3","609","8","0","0","1630","0","0","0","0","0","0","0","232","0","NA","NA","232","232","232","232","232","3","232","232","233","0","0","0","NA","1","NA","0","0","3","0","0","232","232","232","0","0","0","0","0","0","0","0","0","NA","NA","0","0","NA","232","71","232","232","232","232","232","232","232","71","undefined","579","378","Thu Oct  3 17:47:30 2024","767","The main experiment item","yes","active","Norway_Session_6.osexp","1","C:\Users\Tromso\Desktop\LESS\Session 6","no","no","mono","no","18","no","white","no","Click to confirm or to begin from default part if nothing selected","NA","yes","","active","differential object marking","2","grammatical","101","768","legacy","Mini-English","NA","List 1: grammatical, DOM violation, article location violation","232","232","C:/Users/Tromso/Desktop/LESS/Session 6/subject-9.csv","1.2.3","xpyriment","","NA","singular","Lentiform Loewenfeld","3.3.14","0","1","NA","space","NA","NA","NA","NA","NA","NA","NA","NA","NA","space","c","NA","space","NA","space","1","163","NA","9282","NA","NA","NA","NA","NA","NA","NA","NA","NA","43730","90525","NA","10897","NA","110933","163","NA","8789","NA","space","2","legacy","Jessica chose fi je street and fi ze leaf too.","116","Session 6","NA","Experiment","2024-10-03 17:47","1024","2","48000","-16","Session6","Norway","9","odd","word4","40","NA","no","NA","109138","NA","26086","NA","16799","16795","5935","16795","NA","NA","NA","NA","NA","NA","NA","NA","NA","NA","NA","NA","NA","NA","NA","5934","2642829","2679623","2678608","2679160","NA","2333538","2683685","26086","NA","NA","2680729","NA","116646","NA","116649","NA","127550","238523","2676422","238513","NA","NA","2676444","2677115","2683938","2683938","2676422","16795","2674234","2674234","2684103","NA","NA","5935","NA","NA","NA","7993","NA","NA","NA","7994","2674216","2642320","2679114","5935","NA","5935","NA","NA","NA","16795","NA","5935","NA","NA","NA","8005","NA","2677386","2683265","2678032","2678608","2679114","2679866","2680477","2681089","2681794","2682513","Norway Session 6","199","527709","237","0","233","yes","111","","1024","NA","Jessica","too.","285","390","chose","320","fi","250","je","210","street","355","and","250","fi","250","ze","250","leaf","285"
"NA","NA","84.03361344537815","84.03361344537815","2217.8067226890757","2217.8067226890757","#242424","xpyriment","legacy","legacy","0","uniform","1","undefined","NA","NA","0","undefined","undefined","1","left_button","undefined","0","0","0","0","0","0","0","0","0","0","0","NA","NA","0","0","1","NA","NA","NA","NA","NA","NA","0","NA","0","233","233","233","233","NA","3","613","8","0","0","1637","0","0","0","0","0","0","0","233","0","NA","NA","233","233","233","233","233","3","233","233","234","0","0","0","NA","1","NA","0","0","3","0","0","233","233","233","0","0","0","0","0","0","0","0","0","NA","NA","0","0","NA","233","72","233","233","233","233","233","233","233","72","undefined","579","378","Thu Oct  3 17:47:30 2024","753","The main experiment item","yes","active","Norway_Session_6.osexp","1","C:\Users\Tromso\Desktop\LESS\Session 6","no","no","mono","no","18","no","white","no","Click to confirm or to begin from default part if nothing selected","NA","yes","","active","verb-object agreement","3","grammatical","101","768","legacy","Mini-English","NA","List 1: grammatical, VOA violation, article location violation","233","233","C:/Users/Tromso/Desktop/LESS/Session 6/subject-9.csv","1.2.3","xpyriment","","NA","singular","Lentiform Loewenfeld","3.3.14","0","1","NA","space","NA","NA","NA","NA","NA","NA","NA","NA","NA","space","c","NA","space","NA","space","1","129","NA","9282","NA","NA","NA","NA","NA","NA","NA","NA","NA","43730","90525","NA","10897","NA","110933","129","NA","8789","NA","space","2","legacy","Jessica refused fi je street and fi je backpack too.","117","Session 6","NA","Experiment","2024-10-03 17:47","1024","2","48000","-16","Session6","Norway","9","odd","word4","40","NA","no","NA","109138","NA","26086","NA","16799","16795","5935","16795","NA","NA","NA","NA","NA","NA","NA","NA","NA","NA","NA","NA","NA","NA","NA","5934","2642829","2689605","2688592","2689142","NA","2333538","2693839","26086","NA","NA","2690713","NA","116646","NA","116649","NA","127550","238523","2686336","238513","NA","NA","2686359","2687030","2694092","2694092","2686336","16795","2684124","2684124","2694223","NA","NA","5935","NA","NA","NA","7993","NA","NA","NA","7994","2684110","2642320","2689096","5935","NA","5935","NA","NA","NA","16795","NA","5935","NA","NA","NA","8005","NA","2687300","2693444","2687946","2688592","2689096","2689848","2690460","2691073","2691822","2692529","Norway Session 6","200","527838","238","0","234","yes","121","","1024","NA","Jessica","too.","285","390","refused","390","fi","250","je","210","street","355","and","250","fi","250","je","250","backpack","425"
"NA","NA","84.10041841004184","84.10041841004184","2208.7615062761506","2208.7615062761506","#242424","xpyriment","legacy","legacy","0","uniform","1","undefined","NA","NA","0","undefined","undefined","1","right_button","undefined","0","0","0","0","0","0","0","0","0","0","0","NA","NA","0","0","1","NA","NA","NA","NA","NA","NA","0","NA","0","234","234","234","234","NA","3","615","8","0","0","1644","0","0","0","0","0","0","0","234","0","NA","NA","234","234","234","234","234","3","234","234","235","0","0","0","NA","1","NA","0","0","3","0","0","234","234","234","0","0","0","0","0","0","0","0","0","NA","NA","0","0","NA","234","72","234","234","234","234","234","234","234","72","undefined","579","378","Thu Oct  3 17:47:30 2024","769","The main experiment item","yes","active","Norway_Session_6.osexp","1","C:\Users\Tromso\Desktop\LESS\Session 6","no","no","mono","no","18","no","white","no","Click to confirm or to begin from default part if nothing selected","NA","yes","","active","verb-object agreement","3","article location violation","103","768","legacy","Mini-English","NA","List 1: grammatical, VOA violation, article location violation","234","234","C:/Users/Tromso/Desktop/LESS/Session 6/subject-9.csv","1.2.3","xpyriment","","NA","plural","Lentiform Loewenfeld","3.3.14","0","3","NA","space","NA","NA","NA","NA","NA","NA","NA","NA","NA","space","c","NA","space","NA","space","3","56","NA","9282","NA","NA","NA","NA","NA","NA","NA","NA","NA","43730","90525","NA","10897","NA","110933","56","NA","8789","NA","space","2","legacy","Jacob driedevo fi zerpool but not fi zermug.","250","Session 6","NA","Experiment","2024-10-03 17:47","1024","2","48000","-16","Session6","Norway","9","odd","word4","51","NA","no","NA","109138","NA","26086","NA","16799","16795","5935","16795","NA","NA","NA","NA","NA","NA","NA","NA","NA","NA","NA","NA","NA","NA","NA","5934","2642829","2699807","2698652","2699204","NA","2333538","2702264","26086","NA","NA","2700668","NA","116646","NA","116649","NA","127550","238523","2696435","238513","NA","NA","2696457","2697127","2702517","2702517","2696435","16795","2694242","2694242","2702576","NA","NA","5935","NA","NA","NA","7993","NA","NA","NA","7994","2694229","2642320","2699157","5935","NA","5935","NA","NA","NA","16795","NA","5935","NA","NA","NA","8005","NA","2697396","2693444","2697971","2698652","2699157","2699909","2700415","2701026","2701770","2692529","Norway Session 6","201","527894","239","0","235","yes","1312","","1024","NA","Jacob","","","320","driedevo","425","fi","250","zerpool","350","but","250","not","250","fi","250","zermug.","390","",""
"NA","NA","84.16666666666667","84.16666666666667","2201.5208333333335","2201.5208333333335","#242424","xpyriment","legacy","legacy","0","uniform","1","undefined","NA","NA","0","undefined","undefined","1","right_button","undefined","0","0","0","0","0","0","0","0","0","0","0","NA","NA","0","0","1","NA","NA","NA","NA","NA","NA","0","NA","0","235","235","235","235","NA","3","617","8","0","0","1651","0","0","0","0","0","0","0","235","0","NA","NA","235","235","235","235","235","3","235","235","236","0","0","0","NA","1","NA","0","0","3","0","0","235","235","235","0","0","0","0","0","0","0","0","0","NA","NA","0","0","NA","235","72","235","235","235","235","235","235","235","72","undefined","579","378","Thu Oct  3 17:47:30 2024","751","The main experiment item","yes","active","Norway_Session_6.osexp","1","C:\Users\Tromso\Desktop\LESS\Session 6","no","no","mono","no","18","no","white","no","Click to confirm or to begin from default part if nothing selected","NA","yes","","active","verb-object agreement","3","article location violation","103","768","legacy","Mini-English","NA","List 1: grammatical, VOA violation, article location violation","235","235","C:/Users/Tromso/Desktop/LESS/Session 6/subject-9.csv","1.2.3","xpyriment","","NA","singular","Lentiform Loewenfeld","3.3.14","0","3","NA","space","NA","NA","NA","NA","NA","NA","NA","NA","NA","space","c","NA","space","NA","space","3","471","NA","9282","NA","NA","NA","NA","NA","NA","NA","NA","NA","43730","90525","NA","10897","NA","110933","471","NA","8789","NA","space","2","legacy","Thomas spoiled fi zetable and fi zemug too.","217","Session 6","NA","Experiment","2024-10-03 17:47","1024","2","48000","-16","Session6","Norway","9","odd","word4","48","NA","no","NA","109138","NA","26086","NA","16799","16795","5935","16795","NA","NA","NA","NA","NA","NA","NA","NA","NA","NA","NA","NA","NA","NA","NA","5934","2642829","2708245","2707092","2707643","NA","2333538","2710665","26086","NA","NA","2709106","NA","116646","NA","116649","NA","127550","238523","2704874","238513","NA","NA","2704897","2705567","2710918","2710917","2704875","16795","2702596","2702596","2711391","NA","NA","5935","NA","NA","NA","7993","NA","NA","NA","7994","2702583","2642320","2707597","5935","NA","5935","NA","NA","NA","16795","NA","5935","NA","NA","NA","8005","NA","2705836","2693444","2706447","2707092","2707597","2708347","2708854","2709471","2710271","2692529","Norway Session 6","202","528365","240","0","236","yes","169","","1024","NA","Thomas","","","355","spoiled","390","fi","250","zetable","350","and","250","fi","250","zemug","320","too.","285","",""
"NA","NA","84.23236514522821","84.23236514522821","2192.792531120332","2192.792531120332","#242424","xpyriment","legacy","legacy","0","uniform","1","undefined","NA","NA","0","undefined","undefined","1","right_button","undefined","0","0","0","0","0","0","0","0","0","0","0","NA","NA","0","0","1","NA","NA","NA","NA","NA","NA","0","NA","0","236","236","236","236","NA","3","619","8","0","0","1658","0","0","0","0","0","0","0","236","0","NA","NA","236","236","236","236","236","3","236","236","237","0","0","0","NA","1","NA","0","0","3","0","0","236","236","236","0","0","0","0","0","0","0","0","0","NA","NA","0","0","NA","236","72","236","236","236","236","236","236","236","72","undefined","579","378","Thu Oct  3 17:47:30 2024","738","The main experiment item","yes","active","Norway_Session_6.osexp","1","C:\Users\Tromso\Desktop\LESS\Session 6","no","no","mono","no","18","no","white","no","Click to confirm or to begin from default part if nothing selected","NA","yes","","active","differential object marking","2","article location violation","103","768","legacy","Mini-English","NA","List 1: grammatical, DOM violation, article location violation","236","236","C:/Users/Tromso/Desktop/LESS/Session 6/subject-9.csv","1.2.3","xpyriment","","NA","singular","Lentiform Loewenfeld","3.3.14","0","3","NA","space","NA","NA","NA","NA","NA","NA","NA","NA","NA","space","c","NA","space","NA","space","3","98","NA","9282","NA","NA","NA","NA","NA","NA","NA","NA","NA","43730","90525","NA","10897","NA","110933","98","NA","8789","NA","space","2","legacy","Oliver refused fi jesaucepan and fi zestrawberry too.","213","Session 6","NA","Experiment","2024-10-03 17:47","1024","2","48000","-16","Session6","Norway","9","odd","word4","48","NA","no","NA","109138","NA","26086","NA","16799","16795","5935","16795","NA","NA","NA","NA","NA","NA","NA","NA","NA","NA","NA","NA","NA","NA","NA","5934","2642829","2708245","2715811","2716363","NA","2333538","2719621","26086","NA","NA","2717831","NA","116646","NA","116649","NA","127550","238523","2713592","238513","NA","NA","2713614","2714285","2719875","2719875","2713592","16795","2711413","2711413","2719975","NA","NA","5935","NA","NA","NA","7993","NA","NA","NA","7994","2711399","2642320","2716316","5935","NA","5935","NA","NA","NA","16795","NA","5935","NA","NA","NA","8005","NA","2714556","2693444","2715166","2715811","2716316","2717074","2717579","2718192","2719228","2692529","Norway Session 6","203","528463","241","0","237","yes","1215","","1024","NA","Oliver","","","355","refused","390","fi","250","jesaucepan","455","and","250","fi","250","zestrawberry","565","too.","285","",""
"NA","NA","84.29752066115702","84.29752066115702","2188.7561983471073","2188.7561983471073","#242424","xpyriment","legacy","legacy","0","uniform","1","undefined","NA","NA","0","undefined","undefined","1","right_button","undefined","0","0","0","0","0","0","0","0","0","0","0","NA","NA","0","0","1","NA","NA","NA","NA","NA","NA","0","NA","0","237","237","237","237","NA","3","621","8","0","0","1665","0","0","0","0","0","0","0","237","0","NA","NA","237","237","237","237","237","3","237","237","238","0","0","0","NA","1","NA","0","0","3","0","0","237","237","237","0","0","0","0","0","0","0","0","0","NA","NA","0","0","NA","237","72","237","237","237","237","237","237","237","72","undefined","579","378","Thu Oct  3 17:47:30 2024","739","The main experiment item","yes","active","Norway_Session_6.osexp","1","C:\Users\Tromso\Desktop\LESS\Session 6","no","no","mono","no","18","no","white","no","Click to confirm or to begin from default part if nothing selected","NA","yes","","active","verb-object agreement","3","article location violation","103","768","legacy","Mini-English","NA","List 1: grammatical, VOA violation, article location violation","237","237","C:/Users/Tromso/Desktop/LESS/Session 6/subject-9.csv","1.2.3","xpyriment","","NA","singular","Lentiform Loewenfeld","3.3.14","0","3","NA","space","NA","NA","NA","NA","NA","NA","NA","NA","NA","space","c","NA","space","NA","space","3","1216","NA","9282","NA","NA","NA","NA","NA","NA","NA","NA","NA","43730","90525","NA","10897","NA","110933","1216","NA","8789","NA","space","2","legacy","Jessica ordered fi jewall and fi zeroof too.","139","Session 6","NA","Experiment","2024-10-03 17:47","1024","2","48000","-16","Session6","Norway","9","odd","word4","42","NA","no","NA","109138","NA","26086","NA","16799","16795","5935","16795","NA","NA","NA","NA","NA","NA","NA","NA","NA","NA","NA","NA","NA","NA","NA","5934","2642829","2725546","2724424","2724977","NA","2333538","2728040","26086","NA","NA","2726442","NA","116646","NA","116649","NA","127550","238523","2722165","238513","NA","NA","2722189","2722860","2728293","2728292","2722165","16795","2719999","2719999","2729511","NA","NA","5935","NA","NA","NA","7993","NA","NA","NA","7994","2719986","2642320","2724931","5935","NA","5935","NA","NA","NA","16795","NA","5935","NA","NA","NA","8005","NA","2723131","2693444","2723778","2724424","2724931","2725683","2726189","2726833","2727647","2692529","Norway Session 6","204","529679","242","0","238","yes","103","","1024","NA","Jessica","","","390","ordered","390","fi","250","jewall","315","and","250","fi","250","zeroof","355","too.","285","",""
"NA","NA","84.36213991769547","84.36213991769547","2180.7119341563784","2180.7119341563784","#242424","xpyriment","legacy","legacy","0","uniform","1","undefined","NA","NA","0","undefined","undefined","1","right_button","undefined","0","0","0","0","0","0","0","0","0","0","0","NA","NA","0","0","1","NA","NA","NA","NA","NA","NA","0","NA","0","238","238","238","238","NA","3","623","8","0","0","1672","0","0","0","0","0","0","0","238","0","NA","NA","238","238","238","238","238","3","238","238","239","0","0","0","NA","1","NA","0","0","3","0","0","238","238","238","0","0","0","0","0","0","0","0","0","NA","NA","0","0","NA","238","72","238","238","238","238","238","238","238","72","undefined","579","378","Thu Oct  3 17:47:30 2024","745","The main experiment item","yes","active","Norway_Session_6.osexp","1","C:\Users\Tromso\Desktop\LESS\Session 6","no","no","mono","no","18","no","white","no","Click to confirm or to begin from default part if nothing selected","NA","yes","neuter","active","gender agreement","1","gender violation","102","768","legacy","Mini-English","NA","List 1: grammatical, gender violation, number violation","238","238","C:/Users/Tromso/Desktop/LESS/Session 6/subject-9.csv","1.2.3","xpyriment","208","NA","plural","Lentiform Loewenfeld","3.3.14","0","3","NA","space","NA","NA","NA","NA","NA","NA","NA","NA","NA","space","c","NA","space","NA","space","3","234","NA","9282","NA","NA","NA","NA","NA","NA","NA","NA","NA","43730","90525","NA","10897","NA","110933","234","NA","8789","NA","space","2","legacy","Zer leaf look darkejur but zer mirror not.","129","Session 6","NA","Experiment","2024-10-03 17:47","1024","2","48000","-16","Session6","Norway","9","odd","word4","41","NA","no","NA","109138","NA","26086","NA","16799","16795","5935","16795","NA","NA","NA","NA","NA","NA","NA","NA","NA","NA","NA","NA","NA","NA","NA","5934","2642829","2734994","2733768","2734356","NA","2333538","2737398","26086","NA","NA","2735821","NA","116646","NA","116649","NA","127550","238523","2731758","238513","NA","NA","2731781","2732451","2737651","2737651","2731759","16795","2729534","2729534","2737887","NA","NA","5935","NA","NA","NA","7993","NA","NA","NA","7994","2729518","2642320","2734309","5935","NA","5935","NA","NA","NA","16795","NA","5935","NA","NA","NA","8005","NA","2732721","2693444","2733227","2733768","2734309","2735061","2735567","2736180","2737006","2692529","Norway Session 6","205","529913","243","0","239","yes","","copula_look","1024","NA","Zer","","","250","leaf","285","look","285","darkejur","385","but","250","zer","250","mirror","355","not.","285","",""
"NA","NA","84.42622950819673","84.42622950819673","2171.8893442622953","2171.8893442622953","#242424","xpyriment","legacy","legacy","0","uniform","1","undefined","NA","NA","0","undefined","undefined","1","right_button","undefined","0","0","0","0","0","0","0","0","0","0","0","NA","NA","0","0","1","NA","NA","NA","NA","NA","NA","0","NA","0","239","239","239","239","NA","3","625","8","0","0","1679","0","0","0","0","0","0","0","239","0","NA","NA","239","239","239","239","239","3","239","239","240","0","0","0","NA","1","NA","0","0","3","0","0","239","239","239","0","0","0","0","0","0","0","0","0","NA","NA","0","0","NA","239","72","239","239","239","239","239","239","239","72","undefined","579","378","Thu Oct  3 17:47:30 2024","744","The main experiment item","yes","active","Norway_Session_6.osexp","1","C:\Users\Tromso\Desktop\LESS\Session 6","no","no","mono","no","18","no","white","no","Click to confirm or to begin from default part if nothing selected","NA","yes","","active","verb-object agreement","3","article location violation","103","768","legacy","Mini-English","NA","List 1: grammatical, VOA violation, article location violation","239","239","C:/Users/Tromso/Desktop/LESS/Session 6/subject-9.csv","1.2.3","xpyriment","","NA","plural","Lentiform Loewenfeld","3.3.14","0","3","NA","space","NA","NA","NA","NA","NA","NA","NA","NA","NA","space","c","NA","space","NA","space","3","28","NA","9282","NA","NA","NA","NA","NA","NA","NA","NA","NA","43730","90525","NA","10897","NA","110933","28","NA","8789","NA","space","2","legacy","Olivia rememberedevo fi zerpool but not fi jerstreet.","242","Session 6","NA","Experiment","2024-10-03 17:47","1024","2","48000","-16","Session6","Norway","9","odd","word4","51","NA","no","NA","109138","NA","26086","NA","16799","16795","5935","16795","NA","NA","NA","NA","NA","NA","NA","NA","NA","NA","NA","NA","NA","NA","NA","5934","2642829","2743703","2742545","2743098","NA","2333538","2746235","26086","NA","NA","2744564","NA","116646","NA","116649","NA","127550","238523","2740116","238513","NA","NA","2740138","2740808","2746489","2746489","2740116","16795","2737910","2737910","2746519","NA","NA","5935","NA","NA","NA","7993","NA","NA","NA","7994","2737892","2642320","2743050","5935","NA","5935","NA","NA","NA","16795","NA","5935","NA","NA","NA","8005","NA","2741079","2693444","2741688","2742545","2743050","2743806","2744311","2744907","2745623","2692529","Norway Session 6","206","529941","244","0","240","yes","512","","1024","NA","Olivia","","","355","rememberedevo","600","fi","250","zerpool","350","but","250","not","250","fi","250","jerstreet.","495","",""
"NA","NA","84.08163265306122","84.08163265306122","2163.204081632653","2163.204081632653","#242424","xpyriment","legacy","legacy","0","uniform","0","undefined","NA","NA","0","undefined","undefined","0","right_button","undefined","0","0","0","0","0","0","0","0","0","0","0","NA","NA","0","0","1","NA","NA","NA","NA","NA","NA","0","NA","0","240","240","240","240","NA","3","627","8","0","0","1686","0","0","0","0","0","0","0","240","0","NA","NA","240","240","240","240","240","3","240","240","241","0","0","0","NA","1","NA","0","0","3","0","0","240","240","240","0","0","0","0","0","0","0","0","0","NA","NA","0","0","NA","240","72","240","240","240","240","240","240","240","72","undefined","536","393","Thu Oct  3 17:47:30 2024","729","The main experiment item","yes","active","Norway_Session_6.osexp","1","C:\Users\Tromso\Desktop\LESS\Session 6","no","no","mono","no","18","no","white","no","Click to confirm or to begin from default part if nothing selected","NA","yes","","active","differential object marking","2","DOM violation","102","768","legacy","Mini-English","NA","List 1: grammatical, DOM violation, article location violation","240","240","C:/Users/Tromso/Desktop/LESS/Session 6/subject-9.csv","1.2.3","xpyriment","","NA","singular","Lentiform Loewenfeld","3.3.14","0","1","NA","space","NA","NA","NA","NA","NA","NA","NA","NA","NA","space","c","NA","space","NA","space","1","44","NA","9282","NA","NA","NA","NA","NA","NA","NA","NA","NA","43730","90525","NA","10897","NA","110933","44","NA","8789","NA","space","2","legacy","Jessica dried ze mug and je drum too.","166","Session 6","NA","Experiment","2024-10-03 17:47","1024","2","48000","-16","Session6","Norway","9","odd","word3","44","NA","no","NA","109138","NA","26086","NA","16799","16795","5935","16795","NA","NA","NA","NA","NA","NA","NA","NA","NA","NA","NA","NA","NA","NA","NA","5934","2751385","2743703","2750922","2751628","NA","2333538","2754405","26086","NA","NA","2752891","NA","116646","NA","116649","NA","127550","238523","2748691","238513","NA","NA","2748713","2749384","2754658","2754658","2748691","16795","2746542","2746542","2754707","NA","NA","5935","NA","NA","NA","7993","NA","NA","NA","7994","2746528","2750876","2743050","5935","NA","5935","NA","NA","NA","16795","NA","5935","NA","NA","NA","8005","NA","2749654","2693444","2750300","2750876","2751628","2752133","2752639","2753254","2754014","2692529","Norway Session 6","206","529985","245","0","241","yes","138","","1024","NA","Jessica","","","390","dried","320","ze","210","mug","250","and","250","je","250","drum","285","too.","285","",""
"NA","NA","84.14634146341463","84.14634146341463","2154.5","2154.5","#242424","xpyriment","legacy","legacy","0","uniform","1","undefined","NA","NA","0","undefined","undefined","1","right_button","undefined","0","0","0","0","0","0","0","0","0","0","0","NA","NA","0","0","1","NA","NA","NA","NA","NA","NA","0","NA","0","241","241","241","241","NA","3","629","8","0","0","1693","0","0","0","0","0","0","0","241","0","NA","NA","241","241","241","241","241","3","241","241","242","0","0","0","NA","1","NA","0","0","3","0","0","241","241","241","0","0","0","0","0","0","0","0","0","NA","NA","0","0","NA","241","72","241","241","241","241","241","241","241","72","undefined","536","393","Thu Oct  3 17:47:30 2024","741","The main experiment item","yes","active","Norway_Session_6.osexp","1","C:\Users\Tromso\Desktop\LESS\Session 6","no","no","mono","no","18","no","white","no","Click to confirm or to begin from default part if nothing selected","NA","yes","","active","verb-object agreement","3","article location violation","103","768","legacy","Mini-English","NA","List 1: grammatical, VOA violation, article location violation","241","241","C:/Users/Tromso/Desktop/LESS/Session 6/subject-9.csv","1.2.3","xpyriment","","NA","singular","Lentiform Loewenfeld","3.3.14","0","3","NA","space","NA","NA","NA","NA","NA","NA","NA","NA","NA","space","c","NA","space","NA","space","3","22","NA","9282","NA","NA","NA","NA","NA","NA","NA","NA","NA","43730","90525","NA","10897","NA","110933","22","NA","8789","NA","space","2","legacy","Harry spoiled fi jewall and fi jestreet too.","145","Session 6","NA","Experiment","2024-10-03 17:47","1024","2","48000","-16","Session6","Norway","9","odd","word4","42","NA","no","NA","109138","NA","26086","NA","16799","16795","5935","16795","NA","NA","NA","NA","NA","NA","NA","NA","NA","NA","NA","NA","NA","NA","NA","5934","2751385","2760331","2759211","2759763","NA","2333538","2762882","26086","NA","NA","2761227","NA","116646","NA","116649","NA","127550","238523","2757028","238513","NA","NA","2757050","2757720","2763136","2763135","2757028","16795","2754732","2754732","2763160","NA","NA","5935","NA","NA","NA","7993","NA","NA","NA","7994","2754717","2750876","2759716","5935","NA","5935","NA","NA","NA","16795","NA","5935","NA","NA","NA","8005","NA","2757990","2693444","2758565","2759211","2759716","2760468","2760974","2761587","2762492","2692529","Norway Session 6","207","530007","246","0","242","yes","163","","1024","NA","Harry","","","320","spoiled","390","fi","250","jewall","315","and","250","fi","250","jestreet","425","too.","285","",""
"NA","NA","84.21052631578948","84.21052631578948","2145.914979757085","2145.914979757085","#242424","xpyriment","legacy","legacy","0","uniform","1","undefined","NA","NA","0","undefined","undefined","1","right_button","undefined","0","0","0","0","0","0","0","0","0","0","0","NA","NA","0","0","1","NA","NA","NA","NA","NA","NA","0","NA","0","242","242","242","242","NA","3","631","8","0","0","1700","0","0","0","0","0","0","0","242","0","NA","NA","242","242","242","242","242","3","242","242","243","0","0","0","NA","1","NA","0","0","3","0","0","242","242","242","0","0","0","0","0","0","0","0","0","NA","NA","0","0","NA","242","72","242","242","242","242","242","242","242","72","undefined","536","393","Thu Oct  3 17:47:30 2024","746","The main experiment item","yes","active","Norway_Session_6.osexp","1","C:\Users\Tromso\Desktop\LESS\Session 6","no","no","mono","no","18","no","white","no","Click to confirm or to begin from default part if nothing selected","NA","yes","","active","verb-object agreement","3","article location violation","103","768","legacy","Mini-English","NA","List 1: grammatical, VOA violation, article location violation","242","242","C:/Users/Tromso/Desktop/LESS/Session 6/subject-9.csv","1.2.3","xpyriment","","NA","plural","Lentiform Loewenfeld","3.3.14","0","3","NA","space","NA","NA","NA","NA","NA","NA","NA","NA","NA","space","c","NA","space","NA","space","3","34","NA","9282","NA","NA","NA","NA","NA","NA","NA","NA","NA","43730","90525","NA","10897","NA","110933","34","NA","8789","NA","space","2","legacy","Harry rememberedevo fi jerpencil but not fi jertruck.","170","Session 6","NA","Experiment","2024-10-03 17:47","1024","2","48000","-16","Session6","Norway","9","odd","word4","45","NA","no","NA","109138","NA","26086","NA","16799","16795","5935","16795","NA","NA","NA","NA","NA","NA","NA","NA","NA","NA","NA","NA","NA","NA","NA","5934","2751385","2768962","2767738","2768288","NA","2333538","2771430","26086","NA","NA","2769753","NA","116646","NA","116649","NA","127550","238523","2765346","238513","NA","NA","2765369","2766039","2771683","2771683","2765346","16795","2763179","2763179","2771720","NA","NA","5935","NA","NA","NA","7993","NA","NA","NA","7994","2763165","2750876","2768242","5935","NA","5935","NA","NA","NA","16795","NA","5935","NA","NA","NA","8005","NA","2766308","2693444","2766882","2767738","2768242","2768994","2769500","2770116","2770838","2692529","Norway Session 6","208","530041","247","0","243","yes","56","","1024","NA","Harry","","","320","rememberedevo","600","fi","250","jerpencil","420","but","250","not","250","fi","250","jertruck.","460","",""
"NA","NA","84.2741935483871","84.2741935483871","2137.564516129032","2137.564516129032","#242424","xpyriment","legacy","legacy","0","uniform","1","undefined","NA","NA","0","undefined","undefined","1","right_button","undefined","0","0","0","0","0","0","0","0","0","0","0","NA","NA","0","0","1","NA","NA","NA","NA","NA","NA","0","NA","0","243","243","243","243","NA","3","633","8","0","0","1707","0","0","0","0","0","0","0","243","0","NA","NA","243","243","243","243","243","3","243","243","244","0","0","0","NA","1","NA","0","0","3","0","0","243","243","243","0","0","0","0","0","0","0","0","0","NA","NA","0","0","NA","243","72","243","243","243","243","243","243","243","72","undefined","536","393","Thu Oct  3 17:47:30 2024","735","The main experiment item","yes","active","Norway_Session_6.osexp","1","C:\Users\Tromso\Desktop\LESS\Session 6","no","no","mono","no","18","no","white","no","Click to confirm or to begin from default part if nothing selected","NA","yes","","active","verb-object agreement","3","article location violation","103","768","legacy","Mini-English","NA","List 1: grammatical, VOA violation, article location violation","243","243","C:/Users/Tromso/Desktop/LESS/Session 6/subject-9.csv","1.2.3","xpyriment","","NA","singular","Lentiform Loewenfeld","3.3.14","0","3","NA","space","NA","NA","NA","NA","NA","NA","NA","NA","NA","space","c","NA","space","NA","space","3","75","NA","9282","NA","NA","NA","NA","NA","NA","NA","NA","NA","43730","90525","NA","10897","NA","110933","75","NA","8789","NA","space","2","legacy","Emily dirtied fi jewall and fi jestreet too.","137","Session 6","NA","Experiment","2024-10-03 17:47","1024","2","48000","-16","Session6","Norway","9","odd","word4","42","NA","no","NA","109138","NA","26086","NA","16799","16795","5935","16795","NA","NA","NA","NA","NA","NA","NA","NA","NA","NA","NA","NA","NA","NA","NA","5934","2751385","2777198","2776079","2776631","NA","2333538","2779773","26086","NA","NA","2778094","NA","116646","NA","116649","NA","127550","238523","2773896","238513","NA","NA","2773919","2774589","2780026","2780026","2773896","16795","2771742","2771742","2780103","NA","NA","5935","NA","NA","NA","7993","NA","NA","NA","7994","2771729","2750876","2776585","5935","NA","5935","NA","NA","NA","16795","NA","5935","NA","NA","NA","8005","NA","2774859","2693444","2775434","2776078","2776585","2777336","2777840","2778462","2779374","2692529","Norway Session 6","209","530116","248","0","244","yes","83","","1024","NA","Emily","","","320","dirtied","390","fi","250","jewall","315","and","250","fi","250","jestreet","425","too.","285","",""
"NA","NA","84.33734939759036","84.33734939759036","2129.59437751004","2129.59437751004","#242424","xpyriment","legacy","legacy","0","uniform","1","undefined","NA","NA","0","undefined","undefined","1","left_button","undefined","0","0","0","0","0","0","0","0","0","0","0","NA","NA","0","0","1","NA","NA","NA","NA","NA","NA","0","NA","0","244","244","244","244","NA","3","637","8","0","0","1714","0","0","0","0","0","0","0","244","0","NA","NA","244","244","244","244","244","3","244","244","245","0","0","0","NA","1","NA","0","0","3","0","0","244","244","244","0","0","0","0","0","0","0","0","0","NA","NA","0","0","NA","244","73","244","244","244","244","244","244","244","73","undefined","541","392","Thu Oct  3 17:47:30 2024","752","The main experiment item","yes","active","Norway_Session_6.osexp","1","C:\Users\Tromso\Desktop\LESS\Session 6","no","no","mono","no","18","no","white","no","Click to confirm or to begin from default part if nothing selected","NA","yes","","active","differential object marking","2","grammatical","101","768","legacy","Mini-English","NA","List 1: grammatical, DOM violation, article location violation","244","244","C:/Users/Tromso/Desktop/LESS/Session 6/subject-9.csv","1.2.3","xpyriment","","NA","singular","Lentiform Loewenfeld","3.3.14","0","1","NA","space","NA","NA","NA","NA","NA","NA","NA","NA","NA","space","c","NA","space","NA","space","1","153","NA","9282","NA","NA","NA","NA","NA","NA","NA","NA","NA","43730","90525","NA","10897","NA","110933","153","NA","8789","NA","space","2","legacy","Ava wetted fi ze letter but not fi je box.","155","Session 6","NA","Experiment","2024-10-03 17:47","1024","2","48000","-16","Session6","Norway","9","odd","word4","43","NA","no","NA","109138","NA","26086","NA","16799","16795","5935","16795","NA","NA","NA","NA","NA","NA","NA","NA","NA","NA","NA","NA","NA","NA","NA","5934","2751385","2785374","2784363","2784912","NA","2333538","2789375","26086","NA","NA","2786482","NA","116646","NA","116649","NA","127550","238523","2782280","238513","NA","NA","2782306","2782976","2789628","2789628","2782281","16795","2780125","2780125","2789782","NA","NA","5935","NA","NA","NA","7993","NA","NA","NA","7994","2780111","2750876","2784868","5935","NA","5935","NA","NA","NA","16795","NA","5935","NA","NA","NA","8005","NA","2783245","2788999","2783751","2784362","2784868","2785618","2786228","2786846","2787564","2788270","Norway Session 6","210","530269","249","0","245","yes","147","","1024","NA","Ava","box.","285","250","wetted","355","fi","250","ze","210","letter","355","but","250","not","250","fi","250","je","250"
"NA","NA","84","84","2121.228","2121.228","#242424","xpyriment","legacy","legacy","0","uniform","0","undefined","NA","NA","0","undefined","undefined","0","right_button","undefined","0","0","0","0","0","0","0","0","0","0","0","NA","NA","0","0","1","NA","NA","NA","NA","NA","NA","0","NA","0","245","245","245","245","NA","3","641","8","0","0","1721","0","0","0","0","0","0","0","245","0","NA","NA","245","245","245","245","245","3","245","245","246","0","0","0","NA","1","NA","0","0","3","0","0","245","245","245","0","0","0","0","0","0","0","0","0","NA","NA","0","0","NA","245","74","245","245","245","245","245","245","245","74","undefined","541","392","Thu Oct  3 17:47:30 2024","757","The main experiment item","yes","active","Norway_Session_6.osexp","1","C:\Users\Tromso\Desktop\LESS\Session 6","no","no","mono","no","18","no","white","no","Click to confirm or to begin from default part if nothing selected","NA","yes","","active","verb-object agreement","3","VOA violation","102","768","legacy","Mini-English","NA","List 1: grammatical, VOA violation, article location violation","245","245","C:/Users/Tromso/Desktop/LESS/Session 6/subject-9.csv","1.2.3","xpyriment","","NA","plural","Lentiform Loewenfeld","3.3.14","0","1","NA","space","NA","NA","NA","NA","NA","NA","NA","NA","NA","space","c","NA","space","NA","space","1","38","NA","9282","NA","NA","NA","NA","NA","NA","NA","NA","NA","43730","90525","NA","10897","NA","110933","38","NA","8789","NA","space","2","legacy","Emily remembered fi zer roof and fi zer closet too.","230","Session 6","NA","Experiment","2024-10-03 17:47","1024","2","48000","-16","Session6","Norway","9","odd","word4","50","NA","no","NA","109138","NA","26086","NA","16799","16795","5935","16795","NA","NA","NA","NA","NA","NA","NA","NA","NA","NA","NA","NA","NA","NA","NA","5934","2751385","2795314","2794300","2794851","NA","2333538","2799378","26086","NA","NA","2796351","NA","116646","NA","116649","NA","127550","238523","2792010","238513","NA","NA","2792032","2792703","2799631","2799631","2792010","16795","2789804","2789804","2799672","NA","NA","5935","NA","NA","NA","7993","NA","NA","NA","7994","2789789","2750876","2794805","5935","NA","5935","NA","NA","NA","16795","NA","5935","NA","NA","NA","8005","NA","2792974","2798988","2793550","2794300","2794805","2795557","2796097","2796724","2797443","2798146","Norway Session 6","210","530307","250","0","246","yes","511","","1024","NA","Emily","too.","285","320","remembered","495","fi","250","zer","210","roof","285","and","250","fi","250","zer","250","closet","355"
"NA","NA","83.66533864541833","83.66533864541833","2113.7091633466134","2113.7091633466134","#242424","xpyriment","legacy","legacy","0","uniform","0","undefined","NA","NA","0","undefined","undefined","0","right_button","undefined","0","0","0","0","0","0","0","0","0","0","0","NA","NA","0","0","1","NA","NA","NA","NA","NA","NA","0","NA","0","246","246","246","246","NA","3","643","8","0","0","1728","0","0","0","0","0","0","0","246","0","NA","NA","246","246","246","246","246","3","246","246","247","0","0","0","NA","1","NA","0","0","3","0","0","246","246","246","0","0","0","0","0","0","0","0","0","NA","NA","0","0","NA","246","74","246","246","246","246","246","246","246","74","undefined","536","394","Thu Oct  3 17:47:30 2024","749","The main experiment item","yes","active","Norway_Session_6.osexp","1","C:\Users\Tromso\Desktop\LESS\Session 6","no","no","mono","no","18","no","white","no","Click to confirm or to begin from default part if nothing selected","NA","yes","","active","differential object marking","2","DOM violation","102","768","legacy","Mini-English","NA","List 1: grammatical, DOM violation, article location violation","246","246","C:/Users/Tromso/Desktop/LESS/Session 6/subject-9.csv","1.2.3","xpyriment","","NA","singular","Lentiform Loewenfeld","3.3.14","0","1","NA","space","NA","NA","NA","NA","NA","NA","NA","NA","NA","space","c","NA","space","NA","space","1","234","NA","9282","NA","NA","NA","NA","NA","NA","NA","NA","NA","43730","90525","NA","10897","NA","110933","234","NA","8789","NA","space","2","legacy","Ava chose ze mug and je drum too.","164","Session 6","NA","Experiment","2024-10-03 17:47","1024","2","48000","-16","Session6","Norway","9","odd","word3","44","NA","no","NA","109138","NA","26086","NA","16799","16795","5935","16795","NA","NA","NA","NA","NA","NA","NA","NA","NA","NA","NA","NA","NA","NA","NA","5934","2804432","2795314","2803970","2804675","NA","2333538","2807471","26086","NA","NA","2805938","NA","116646","NA","116649","NA","127550","238523","2801880","238513","NA","NA","2801902","2802572","2807724","2807724","2801880","16795","2799692","2799692","2807959","NA","NA","5935","NA","NA","NA","7993","NA","NA","NA","7994","2799678","2803921","2794805","5935","NA","5935","NA","NA","NA","16795","NA","5935","NA","NA","NA","8005","NA","2802842","2798988","2803346","2803921","2804675","2805181","2805686","2806299","2807065","2798146","Norway Session 6","210","530541","251","0","247","yes","118","","1024","NA","Ava","","","250","chose","320","ze","210","mug","250","and","250","je","250","drum","285","too.","285","",""
"NA","NA","83.33333333333333","83.33333333333333","2105.8015873015875","2105.8015873015875","#242424","xpyriment","legacy","legacy","0","uniform","0","undefined","NA","NA","0","undefined","undefined","0","right_button","undefined","0","0","0","0","0","0","0","0","0","0","0","NA","NA","0","0","1","NA","NA","NA","NA","NA","NA","0","NA","0","247","247","247","247","NA","3","647","8","0","0","1735","0","0","0","0","0","0","0","247","0","NA","NA","247","247","247","247","247","3","247","247","248","0","0","0","NA","1","NA","0","0","3","0","0","247","247","247","0","0","0","0","0","0","0","0","0","NA","NA","0","0","NA","247","75","247","247","247","247","247","247","247","75","undefined","535","405","Thu Oct  3 17:47:30 2024","756","The main experiment item","yes","active","Norway_Session_6.osexp","1","C:\Users\Tromso\Desktop\LESS\Session 6","no","no","mono","no","18","no","white","no","Click to confirm or to begin from default part if nothing selected","NA","yes","","active","verb-object agreement","3","VOA violation","102","768","legacy","Mini-English","NA","List 1: grammatical, VOA violation, article location violation","247","247","C:/Users/Tromso/Desktop/LESS/Session 6/subject-9.csv","1.2.3","xpyriment","","NA","plural","Lentiform Loewenfeld","3.3.14","0","1","NA","space","NA","NA","NA","NA","NA","NA","NA","NA","NA","space","c","NA","space","NA","space","1","121","NA","9282","NA","NA","NA","NA","NA","NA","NA","NA","NA","43730","90525","NA","10897","NA","110933","121","NA","8789","NA","space","2","legacy","Oliver fixed fi jer key but not fi jer backpack.","132","Session 6","NA","Experiment","2024-10-03 17:47","1024","2","48000","-16","Session6","Norway","9","odd","word4","41","NA","no","NA","109138","NA","26086","NA","16799","16795","5935","16795","NA","NA","NA","NA","NA","NA","NA","NA","NA","NA","NA","NA","NA","NA","NA","5934","2804432","2813301","2812288","2812838","NA","2333538","2817431","26086","NA","NA","2814303","NA","116646","NA","116649","NA","127550","238523","2810138","238513","NA","NA","2810161","2810831","2817684","2817684","2810138","16795","2807977","2807977","2817808","NA","NA","5935","NA","NA","NA","7993","NA","NA","NA","7994","2807963","2803921","2812794","5935","NA","5935","NA","NA","NA","16795","NA","5935","NA","NA","NA","8005","NA","2811102","2816859","2811712","2812288","2812793","2813544","2814050","2814665","2815417","2816129","Norway Session 6","210","530662","252","0","248","yes","152","","1024","NA","Oliver","backpack.","460","355","fixed","320","fi","250","jer","210","key","250","but","250","not","250","fi","250","jer","250"
"NA","NA","83.39920948616601","83.39920948616601","2098.209486166008","2098.209486166008","#242424","xpyriment","legacy","legacy","0","uniform","1","undefined","NA","NA","0","undefined","undefined","1","left_button","undefined","0","0","0","0","0","0","0","0","0","0","0","NA","NA","0","0","1","NA","NA","NA","NA","NA","NA","0","NA","0","248","248","248","248","NA","3","651","8","0","0","1742","0","0","0","0","0","0","0","248","0","NA","NA","248","248","248","248","248","3","248","248","249","0","0","0","NA","1","NA","0","0","3","0","0","248","248","248","0","0","0","0","0","0","0","0","0","NA","NA","0","0","NA","248","76","248","248","248","248","248","248","248","76","undefined","535","405","Thu Oct  3 17:47:30 2024","745","The main experiment item","yes","active","Norway_Session_6.osexp","1","C:\Users\Tromso\Desktop\LESS\Session 6","no","no","mono","no","18","no","white","no","Click to confirm or to begin from default part if nothing selected","NA","yes","","active","verb-object agreement","3","grammatical","101","768","legacy","Mini-English","NA","List 1: grammatical, VOA violation, article location violation","248","248","C:/Users/Tromso/Desktop/LESS/Session 6/subject-9.csv","1.2.3","xpyriment","","NA","singular","Lentiform Loewenfeld","3.3.14","0","1","NA","space","NA","NA","NA","NA","NA","NA","NA","NA","NA","space","c","NA","space","NA","space","1","185","NA","9282","NA","NA","NA","NA","NA","NA","NA","NA","NA","43730","90525","NA","10897","NA","110933","185","NA","8789","NA","space","2","legacy","Lily ordered fi je street and fi je backpack too.","115","Session 6","NA","Experiment","2024-10-03 17:47","1024","2","48000","-16","Session6","Norway","9","odd","word4","40","NA","no","NA","109138","NA","26086","NA","16799","16795","5935","16795","NA","NA","NA","NA","NA","NA","NA","NA","NA","NA","NA","NA","NA","NA","NA","5934","2804432","2823246","2822229","2822783","NA","2333538","2827463","26086","NA","NA","2824353","NA","116646","NA","116649","NA","127550","238523","2820082","238513","NA","NA","2820104","2820774","2827716","2827716","2820082","16795","2817824","2817824","2827903","NA","NA","5935","NA","NA","NA","7993","NA","NA","NA","7994","2817811","2803921","2822735","5935","NA","5935","NA","NA","NA","16795","NA","5935","NA","NA","NA","8005","NA","2821043","2827067","2821584","2822229","2822735","2823489","2824100","2824712","2825436","2826161","Norway Session 6","211","530847","253","0","249","yes","101","","1024","NA","Lily","too.","285","285","ordered","390","fi","250","je","210","street","355","and","250","fi","250","je","250","backpack","425"
"NA","NA","83.46456692913385","83.46456692913385","2090.7952755905512","2090.7952755905512","#242424","xpyriment","legacy","legacy","0","uniform","1","undefined","NA","NA","0","undefined","undefined","1","right_button","undefined","0","0","0","0","0","0","0","0","0","0","0","NA","NA","0","0","1","NA","NA","NA","NA","NA","NA","0","NA","0","249","249","249","249","NA","3","653","8","0","0","1749","0","0","0","0","0","0","0","249","0","NA","NA","249","249","249","249","249","3","249","249","250","0","0","0","NA","1","NA","0","0","3","0","0","249","249","249","0","0","0","0","0","0","0","0","0","NA","NA","0","0","NA","249","76","249","249","249","249","249","249","249","76","undefined","535","405","Thu Oct  3 17:47:30 2024","760","The main experiment item","yes","active","Norway_Session_6.osexp","1","C:\Users\Tromso\Desktop\LESS\Session 6","no","no","mono","no","18","no","white","no","Click to confirm or to begin from default part if nothing selected","NA","yes","neuter","active","gender agreement","1","number violation","103","768","legacy","Mini-English","NA","List 1: grammatical, gender violation, number violation","249","249","C:/Users/Tromso/Desktop/LESS/Session 6/subject-9.csv","1.2.3","xpyriment","249","NA","singular","Lentiform Loewenfeld","3.3.14","0","3","NA","space","NA","NA","NA","NA","NA","NA","NA","NA","NA","space","c","NA","space","NA","space","3","215","NA","9282","NA","NA","NA","NA","NA","NA","NA","NA","NA","43730","90525","NA","10897","NA","110933","215","NA","8789","NA","space","2","legacy","Ze mirror is blackezur and ze strawberry too.","145","Session 6","NA","Experiment","2024-10-03 17:47","1024","2","48000","-16","Session6","Norway","9","odd","word4","42","NA","no","NA","109138","NA","26086","NA","16799","16795","5935","16795","NA","NA","NA","NA","NA","NA","NA","NA","NA","NA","NA","NA","NA","NA","NA","5934","2804432","2833439","2832215","2832766","NA","2333538","2835946","26086","NA","NA","2834231","NA","116646","NA","116649","NA","127550","238523","2830138","238513","NA","NA","2830160","2830830","2836199","2836199","2830138","16795","2827921","2827921","2836416","NA","NA","5935","NA","NA","NA","7993","NA","NA","NA","7994","2827908","2803921","2832721","5935","NA","5935","NA","NA","NA","16795","NA","5935","NA","NA","NA","8005","NA","2831098","2827067","2831605","2832215","2832721","2833472","2833978","2834583","2835559","2826161","Norway Session 6","212","531062","254","0","250","yes","","copula_be","1024","NA","Ze","","","250","mirror","355","is","250","blackezur","420","and","250","ze","250","strawberry","495","too.","285","",""
"NA","NA","83.52941176470588","83.52941176470588","2082.98431372549","2082.98431372549","#242424","xpyriment","legacy","legacy","0","uniform","1","undefined","NA","NA","0","undefined","undefined","1","right_button","undefined","0","0","0","0","0","0","0","0","0","0","0","NA","NA","0","0","1","NA","NA","NA","NA","NA","NA","0","NA","0","250","250","250","250","NA","4","655","8","0","0","1756","0","0","0","0","0","0","0","250","0","NA","NA","250","250","250","250","250","3","250","250","251","0","0","0","NA","1","NA","0","0","3","0","0","250","250","250","0","0","0","0","0","0","0","0","0","NA","NA","0","0","NA","250","76","250","250","250","250","250","250","250","76","undefined","545","379","Thu Oct  3 17:47:30 2024","747","The main experiment item","yes","active","Norway_Session_6.osexp","1","C:\Users\Tromso\Desktop\LESS\Session 6","no","no","mono","no","18","no","white","no","Click to confirm or to begin from default part if nothing selected","NA","yes","","active","verb-object agreement","3","article location violation","103","768","legacy","Mini-English","NA","List 1: grammatical, VOA violation, article location violation","250","250","C:/Users/Tromso/Desktop/LESS/Session 6/subject-9.csv","1.2.3","xpyriment","","NA","plural","Lentiform Loewenfeld","3.3.14","0","3","NA","space","NA","NA","NA","NA","NA","NA","NA","NA","NA","o","c","NA","space","NA","space","3","99","NA","9282","NA","NA","NA","NA","NA","NA","NA","NA","NA","25807","90525","NA","10897","NA","110933","99","NA","8789","NA","space","2","legacy","Emily driedevo fi jerpencil but not fi zercloset.","178","Session 6","NA","Experiment","2024-10-03 17:47","1024","2","48000","-16","Session6","Norway","9","odd","word4","45","NA","no","NA","109138","NA","26086","NA","16799","16795","5935","16795","NA","NA","NA","NA","NA","NA","NA","NA","NA","NA","NA","NA","NA","NA","NA","5934","2804432","2868187","2866960","2867514","NA","2836614","2870677","26086","NA","NA","2868978","NA","116646","NA","116649","NA","127550","238523","2864742","238513","NA","NA","2864764","2865434","2870930","2870930","2864742","16795","2862426","2862426","2871031","NA","NA","5935","NA","NA","NA","7993","NA","NA","NA","7994","2836422","2803921","2867465","5935","NA","5935","NA","NA","NA","16795","NA","5935","NA","NA","NA","8005","NA","2865703","2827067","2866279","2866960","2867465","2868220","2868726","2869338","2870067","2826161","Norway Session 6","213","531161","255","0","251","yes","136","","1024","NA","Emily","","","320","driedevo","425","fi","250","jerpencil","420","but","250","not","250","fi","250","zercloset.","495","",""
"NA","NA","83.59375","83.59375","2075.15625","2075.15625","#242424","xpyriment","legacy","legacy","0","uniform","1","undefined","NA","NA","0","undefined","undefined","1","left_button","undefined","0","0","0","0","0","0","0","0","0","0","0","NA","NA","0","0","1","NA","NA","NA","NA","NA","NA","0","NA","0","251","251","251","251","NA","4","659","8","0","0","1763","0","0","0","0","0","0","0","251","0","NA","NA","251","251","251","251","251","3","251","251","252","0","0","0","NA","1","NA","0","0","3","0","0","251","251","251","0","0","0","0","0","0","0","0","0","NA","NA","0","0","NA","251","77","251","251","251","251","251","251","251","77","undefined","549","395","Thu Oct  3 17:47:30 2024","756","The main experiment item","yes","active","Norway_Session_6.osexp","1","C:\Users\Tromso\Desktop\LESS\Session 6","no","no","mono","no","18","no","white","no","Click to confirm or to begin from default part if nothing selected","NA","yes","","active","verb-object agreement","3","grammatical","101","768","legacy","Mini-English","NA","List 1: grammatical, VOA violation, article location violation","251","251","C:/Users/Tromso/Desktop/LESS/Session 6/subject-9.csv","1.2.3","xpyriment","","NA","plural","Lentiform Loewenfeld","3.3.14","0","1","NA","space","NA","NA","NA","NA","NA","NA","NA","NA","NA","o","c","NA","space","NA","space","1","79","NA","9282","NA","NA","NA","NA","NA","NA","NA","NA","NA","25807","90525","NA","10897","NA","110933","79","NA","8789","NA","space","2","legacy","Jack cleanedevo fi jer backpack but not fi jer street.","148","Session 6","NA","Experiment","2024-10-03 17:47","1024","2","48000","-16","Session6","Norway","9","odd","word4","43","NA","no","NA","109138","NA","26086","NA","16799","16795","5935","16795","NA","NA","NA","NA","NA","NA","NA","NA","NA","NA","NA","NA","NA","NA","NA","5934","2804432","2876559","2875546","2876096","NA","2836614","2880785","26086","NA","NA","2877736","NA","116646","NA","116649","NA","127550","238523","2873292","238513","NA","NA","2873315","2873985","2881038","2881038","2873292","16795","2871052","2871052","2881119","NA","NA","5935","NA","NA","NA","7993","NA","NA","NA","7994","2871038","2803921","2876050","5935","NA","5935","NA","NA","NA","16795","NA","5935","NA","NA","NA","8005","NA","2874254","2880281","2874795","2875546","2876050","2876802","2877483","2878112","2878839","2879564","Norway Session 6","214","531240","256","0","252","yes","74","","1024","NA","Jack","street.","390","285","cleanedevo","495","fi","250","jer","210","backpack","425","but","250","not","250","fi","250","jer","250"
"NA","NA","83.65758754863813","83.65758754863813","2067.5603112840467","2067.5603112840467","#242424","xpyriment","legacy","legacy","0","uniform","1","undefined","NA","NA","0","undefined","undefined","1","left_button","undefined","0","0","0","0","0","0","0","0","0","0","0","NA","NA","0","0","1","NA","NA","NA","NA","NA","NA","0","NA","0","252","252","252","252","NA","4","663","8","0","0","1770","0","0","0","0","0","0","0","252","0","NA","NA","252","252","252","252","252","3","252","252","253","0","0","0","NA","1","NA","0","0","3","0","0","252","252","252","0","0","0","0","0","0","0","0","0","NA","NA","0","0","NA","252","78","252","252","252","252","252","252","252","78","undefined","545","400","Thu Oct  3 17:47:30 2024","733","The main experiment item","yes","active","Norway_Session_6.osexp","1","C:\Users\Tromso\Desktop\LESS\Session 6","no","no","mono","no","18","no","white","no","Click to confirm or to begin from default part if nothing selected","NA","yes","","active","verb-object agreement","3","grammatical","101","768","legacy","Mini-English","NA","List 1: grammatical, VOA violation, article location violation","252","252","C:/Users/Tromso/Desktop/LESS/Session 6/subject-9.csv","1.2.3","xpyriment","","NA","plural","Lentiform Loewenfeld","3.3.14","0","1","NA","space","NA","NA","NA","NA","NA","NA","NA","NA","NA","o","c","NA","space","NA","space","1","123","NA","9282","NA","NA","NA","NA","NA","NA","NA","NA","NA","25807","90525","NA","10897","NA","110933","123","NA","8789","NA","space","2","legacy","Olivia chosevo fi jer backpack but not fi jer wall.","152","Session 6","NA","Experiment","2024-10-03 17:47","1024","2","48000","-16","Session6","Norway","9","odd","word4","43","NA","no","NA","109138","NA","26086","NA","16799","16795","5935","16795","NA","NA","NA","NA","NA","NA","NA","NA","NA","NA","NA","NA","NA","NA","NA","5934","2804432","2886715","2885699","2886251","NA","2836614","2890821","26086","NA","NA","2887890","NA","116646","NA","116649","NA","127550","238523","2883480","238513","NA","NA","2883504","2884174","2891074","2891074","2883480","16795","2881141","2881141","2891200","NA","NA","5935","NA","NA","NA","7993","NA","NA","NA","7994","2881126","2803921","2886205","5935","NA","5935","NA","NA","NA","16795","NA","5935","NA","NA","NA","8005","NA","2884446","2890388","2885055","2885699","2886205","2886958","2887637","2888251","2888963","2889685","Norway Session 6","215","531363","257","0","253","yes","114","","1024","NA","Olivia","wall.","320","355","chosevo","390","fi","250","jer","210","backpack","425","but","250","not","250","fi","250","jer","250"
"NA","NA","83.72093023255815","83.72093023255815","2059.9457364341083","2059.9457364341083","#242424","xpyriment","legacy","legacy","0","uniform","1","undefined","NA","NA","0","undefined","undefined","1","left_button","undefined","0","0","0","0","0","0","0","0","0","0","0","NA","NA","0","0","1","NA","NA","NA","NA","NA","NA","0","NA","0","253","253","253","253","NA","4","667","8","0","0","1777","0","0","0","0","0","0","0","253","0","NA","NA","253","253","253","253","253","3","253","253","254","0","0","0","NA","1","NA","0","0","3","0","0","253","253","253","0","0","0","0","0","0","0","0","0","NA","NA","0","0","NA","253","79","253","253","253","253","253","253","253","79","undefined","511","410","Thu Oct  3 17:47:30 2024","745","The main experiment item","yes","active","Norway_Session_6.osexp","1","C:\Users\Tromso\Desktop\LESS\Session 6","no","no","mono","no","18","no","white","no","Click to confirm or to begin from default part if nothing selected","NA","yes","","active","differential object marking","2","grammatical","101","768","legacy","Mini-English","NA","List 1: grammatical, DOM violation, article location violation","253","253","C:/Users/Tromso/Desktop/LESS/Session 6/subject-9.csv","1.2.3","xpyriment","","NA","singular","Lentiform Loewenfeld","3.3.14","0","1","NA","space","NA","NA","NA","NA","NA","NA","NA","NA","NA","o","c","NA","space","NA","space","1","103","NA","9282","NA","NA","NA","NA","NA","NA","NA","NA","NA","25807","90525","NA","10897","NA","110933","103","NA","8789","NA","space","2","legacy","Lily chose fi je drum and fi je saucepan too.","188","Session 6","NA","Experiment","2024-10-03 17:47","1024","2","48000","-16","Session6","Norway","9","odd","word4","46","NA","no","NA","109138","NA","26086","NA","16799","16795","5935","16795","NA","NA","NA","NA","NA","NA","NA","NA","NA","NA","NA","NA","NA","NA","NA","5934","2804432","2896524","2895507","2896062","NA","2836614","2900658","26086","NA","NA","2897559","NA","116646","NA","116649","NA","127550","238523","2893430","238513","NA","NA","2893452","2894122","2900911","2900911","2893430","16795","2891218","2891218","2901016","NA","NA","5935","NA","NA","NA","7993","NA","NA","NA","7994","2891205","2803921","2896015","5935","NA","5935","NA","NA","NA","16795","NA","5935","NA","NA","NA","8005","NA","2894393","2900246","2894932","2895507","2896015","2896767","2897308","2897920","2898634","2899358","Norway Session 6","216","531466","258","0","254","yes","1113","","1024","NA","Lily","too.","285","285","chose","320","fi","250","je","210","drum","285","and","250","fi","250","je","250","saucepan","425"
"NA","NA","83.78378378378379","83.78378378378379","2052.015444015444","2052.015444015444","#242424","xpyriment","legacy","legacy","0","uniform","1","undefined","NA","NA","0","undefined","undefined","1","right_button","undefined","0","0","0","0","0","0","0","0","0","0","0","NA","NA","0","0","1","NA","NA","NA","NA","NA","NA","0","NA","0","254","254","254","254","NA","4","671","8","0","0","1784","0","0","0","0","0","0","0","254","0","NA","NA","254","254","254","254","254","3","254","254","255","0","0","0","NA","1","NA","0","0","3","0","0","254","254","254","0","0","0","0","0","0","0","0","0","NA","NA","0","0","NA","254","80","254","254","254","254","254","254","254","80","undefined","510","410","Thu Oct  3 17:47:30 2024","741","The main experiment item","yes","active","Norway_Session_6.osexp","1","C:\Users\Tromso\Desktop\LESS\Session 6","no","no","mono","no","18","no","white","no","Click to confirm or to begin from default part if nothing selected","NA","yes","","active","verb-object agreement","3","VOA violation","102","768","legacy","Mini-English","NA","List 1: grammatical, VOA violation, article location violation","254","254","C:/Users/Tromso/Desktop/LESS/Session 6/subject-9.csv","1.2.3","xpyriment","","NA","plural","Lentiform Loewenfeld","3.3.14","0","3","NA","space","NA","NA","NA","NA","NA","NA","NA","NA","NA","o","c","NA","space","NA","space","3","6","NA","9282","NA","NA","NA","NA","NA","NA","NA","NA","NA","25807","90525","NA","10897","NA","110933","6","NA","8789","NA","space","2","legacy","Ava cleaned fi zer roof and fi jer truck too.","232","Session 6","NA","Experiment","2024-10-03 17:47","1024","2","48000","-16","Session6","Norway","9","odd","word4","50","NA","no","NA","109138","NA","26086","NA","16799","16795","5935","16795","NA","NA","NA","NA","NA","NA","NA","NA","NA","NA","NA","NA","NA","NA","NA","5934","2804432","2906389","2905373","2905925","NA","2836614","2910443","26086","NA","NA","2907429","NA","116646","NA","116649","NA","127550","238523","2903254","238513","NA","NA","2903278","2903950","2910696","2910696","2903254","16795","2901036","2901036","2910709","NA","NA","5935","NA","NA","NA","7993","NA","NA","NA","7994","2901021","2803921","2905879","5935","NA","5935","NA","NA","NA","16795","NA","5935","NA","NA","NA","8005","NA","2904222","2910035","2904727","2905373","2905879","2906632","2907173","2907813","2908542","2909259","Norway Session 6","217","531472","259","0","255","yes","711","","1024","NA","Ava","too.","285","250","cleaned","390","fi","250","zer","210","roof","285","and","250","fi","250","jer","250","truck","320"
"NA","NA","83.84615384615384","83.84615384615384","2045.7076923076922","2045.7076923076922","#242424","xpyriment","legacy","legacy","0","uniform","1","undefined","NA","NA","0","undefined","undefined","1","left_button","undefined","0","0","0","0","0","0","0","0","0","0","0","NA","NA","0","0","1","NA","NA","NA","NA","NA","NA","0","NA","0","255","255","255","255","NA","4","675","8","0","0","1791","0","0","0","0","0","0","0","255","0","NA","NA","255","255","255","255","255","3","255","255","256","0","0","0","NA","1","NA","0","0","3","0","0","255","255","255","0","0","0","0","0","0","0","0","0","NA","NA","0","0","NA","255","81","255","255","255","255","255","255","255","81","undefined","510","411","Thu Oct  3 17:47:30 2024","755","The main experiment item","yes","active","Norway_Session_6.osexp","1","C:\Users\Tromso\Desktop\LESS\Session 6","no","no","mono","no","18","no","white","no","Click to confirm or to begin from default part if nothing selected","NA","yes","","active","verb-object agreement","3","grammatical","101","768","legacy","Mini-English","NA","List 1: grammatical, VOA violation, article location violation","255","255","C:/Users/Tromso/Desktop/LESS/Session 6/subject-9.csv","1.2.3","xpyriment","","NA","plural","Lentiform Loewenfeld","3.3.14","0","1","NA","space","NA","NA","NA","NA","NA","NA","NA","NA","NA","o","c","NA","space","NA","space","1","412","NA","9282","NA","NA","NA","NA","NA","NA","NA","NA","NA","25807","90525","NA","10897","NA","110933","412","NA","8789","NA","space","2","legacy","Amelia providedevo fi zer closet but not fi jer truck.","222","Session 6","NA","Experiment","2024-10-03 17:47","1024","2","48000","-16","Session6","Norway","9","odd","word4","49","NA","no","NA","109138","NA","26086","NA","16799","16795","5935","16795","NA","NA","NA","NA","NA","NA","NA","NA","NA","NA","NA","NA","NA","NA","NA","5934","2804432","2916318","2915304","2915855","NA","2836614","2920452","26086","NA","NA","2917423","NA","116646","NA","116649","NA","127550","238523","2912944","238513","NA","NA","2912966","2913636","2920705","2920705","2912944","16795","2910736","2910736","2921119","NA","NA","5935","NA","NA","NA","7993","NA","NA","NA","7994","2910722","2803921","2915809","5935","NA","5935","NA","NA","NA","16795","NA","5935","NA","NA","NA","8005","NA","2913907","2919991","2914518","2915304","2915809","2916561","2917171","2917808","2918543","2919267","Norway Session 6","218","531884","260","0","256","yes","910","","1024","NA","Amelia","truck.","355","355","providedevo","530","fi","250","zer","210","closet","355","but","250","not","250","fi","250","jer","250"
"NA","NA","83.9080459770115","83.9080459770115","2038.5862068965516","2038.5862068965516","#242424","xpyriment","legacy","legacy","0","uniform","1","undefined","NA","NA","0","undefined","undefined","1","right_button","undefined","0","0","0","0","0","0","0","0","0","0","0","NA","NA","0","0","1","NA","NA","NA","NA","NA","NA","0","NA","0","256","256","256","256","NA","4","677","8","0","0","1798","0","0","0","0","0","0","0","256","0","NA","NA","256","256","256","256","256","3","256","256","257","0","0","0","NA","1","NA","0","0","3","0","0","256","256","256","0","0","0","0","0","0","0","0","0","NA","NA","0","0","NA","256","81","256","256","256","256","256","256","256","81","undefined","510","411","Thu Oct  3 17:47:30 2024","753","The main experiment item","yes","active","Norway_Session_6.osexp","1","C:\Users\Tromso\Desktop\LESS\Session 6","no","no","mono","no","18","no","white","no","Click to confirm or to begin from default part if nothing selected","NA","yes","","active","verb-object agreement","3","article location violation","103","768","legacy","Mini-English","NA","List 1: grammatical, VOA violation, article location violation","256","256","C:/Users/Tromso/Desktop/LESS/Session 6/subject-9.csv","1.2.3","xpyriment","","NA","plural","Lentiform Loewenfeld","3.3.14","0","3","NA","space","NA","NA","NA","NA","NA","NA","NA","NA","NA","o","c","NA","space","NA","space","3","187","NA","9282","NA","NA","NA","NA","NA","NA","NA","NA","NA","25807","90525","NA","10897","NA","110933","187","NA","8789","NA","space","2","legacy","Amelia cleanedevo fi jerpencil but not fi jerwall.","172","Session 6","NA","Experiment","2024-10-03 17:47","1024","2","48000","-16","Session6","Norway","9","odd","word4","45","NA","no","NA","109138","NA","26086","NA","16799","16795","5935","16795","NA","NA","NA","NA","NA","NA","NA","NA","NA","NA","NA","NA","NA","NA","NA","5934","2804432","2926973","2925748","2926300","NA","2836614","2929367","26086","NA","NA","2927765","NA","116646","NA","116649","NA","127550","238523","2923424","238513","NA","NA","2923446","2924117","2929619","2929619","2923425","16795","2921144","2921144","2929808","NA","NA","5935","NA","NA","NA","7993","NA","NA","NA","7994","2921126","2803921","2926254","5935","NA","5935","NA","NA","NA","16795","NA","5935","NA","NA","NA","8005","NA","2924387","2919991","2924998","2925748","2926254","2927006","2927513","2928120","2928852","2919267","Norway Session 6","219","532071","261","0","257","yes","76","","1024","NA","Amelia","","","355","cleanedevo","495","fi","250","jerpencil","420","but","250","not","250","fi","250","jerwall.","425","",""
"NA","NA","83.96946564885496","83.96946564885496","2032.1259541984732","2032.1259541984732","#242424","xpyriment","legacy","legacy","0","uniform","1","undefined","NA","NA","0","undefined","undefined","1","right_button","undefined","0","0","0","0","0","0","0","0","0","0","0","NA","NA","0","0","1","NA","NA","NA","NA","NA","NA","0","NA","0","257","257","257","257","NA","4","679","8","0","0","1805","0","0","0","0","0","0","0","257","0","NA","NA","257","257","257","257","257","3","257","257","258","0","0","0","NA","1","NA","0","0","3","0","0","257","257","257","0","0","0","0","0","0","0","0","0","NA","NA","0","0","NA","257","81","257","257","257","257","257","257","257","81","undefined","510","411","Thu Oct  3 17:47:30 2024","746","The main experiment item","yes","active","Norway_Session_6.osexp","1","C:\Users\Tromso\Desktop\LESS\Session 6","no","no","mono","no","18","no","white","no","Click to confirm or to begin from default part if nothing selected","NA","yes","","active","differential object marking","2","article location violation","103","768","legacy","Mini-English","NA","List 1: grammatical, DOM violation, article location violation","257","257","C:/Users/Tromso/Desktop/LESS/Session 6/subject-9.csv","1.2.3","xpyriment","","NA","singular","Lentiform Loewenfeld","3.3.14","0","3","NA","space","NA","NA","NA","NA","NA","NA","NA","NA","NA","o","c","NA","space","NA","space","3","346","NA","9282","NA","NA","NA","NA","NA","NA","NA","NA","NA","25807","90525","NA","10897","NA","110933","346","NA","8789","NA","space","2","legacy","Oliver cleaned fi zestrawberry but not fi jedrum.","244","Session 6","NA","Experiment","2024-10-03 17:47","1024","2","48000","-16","Session6","Norway","9","odd","word4","51","NA","no","NA","109138","NA","26086","NA","16799","16795","5935","16795","NA","NA","NA","NA","NA","NA","NA","NA","NA","NA","NA","NA","NA","NA","NA","5934","2804432","2926973","2934279","2934834","NA","2836614","2937974","26086","NA","NA","2936373","NA","116646","NA","116649","NA","127550","238523","2932064","238513","NA","NA","2932087","2932757","2938227","2938227","2932064","16795","2929825","2929825","2938576","NA","NA","5935","NA","NA","NA","7993","NA","NA","NA","7994","2929812","2803921","2934786","5935","NA","5935","NA","NA","NA","16795","NA","5935","NA","NA","NA","8005","NA","2933026","2919991","2933635","2934279","2934786","2935615","2936120","2936735","2937466","2919267","Norway Session 6","220","532417","262","0","258","yes","721","","1024","NA","Oliver","","","355","cleaned","390","fi","250","zestrawberry","525","but","250","not","250","fi","250","jedrum.","390","",""
"NA","NA","84.03041825095058","84.03041825095058","2024.828897338403","2024.828897338403","#242424","xpyriment","legacy","legacy","0","uniform","1","undefined","NA","NA","0","undefined","undefined","1","left_button","undefined","0","0","0","0","0","0","0","0","0","0","0","NA","NA","0","0","1","NA","NA","NA","NA","NA","NA","0","NA","0","258","258","258","258","NA","4","683","8","0","0","1812","0","0","0","0","0","0","0","258","0","NA","NA","258","258","258","258","258","3","258","258","259","0","0","0","NA","1","NA","0","0","3","0","0","258","258","258","0","0","0","0","0","0","0","0","0","NA","NA","0","0","NA","258","82","258","258","258","258","258","258","258","82","undefined","510","411","Thu Oct  3 17:47:30 2024","754","The main experiment item","yes","active","Norway_Session_6.osexp","1","C:\Users\Tromso\Desktop\LESS\Session 6","no","no","mono","no","18","no","white","no","Click to confirm or to begin from default part if nothing selected","NA","yes","","active","differential object marking","2","grammatical","101","768","legacy","Mini-English","NA","List 1: grammatical, DOM violation, article location violation","258","258","C:/Users/Tromso/Desktop/LESS/Session 6/subject-9.csv","1.2.3","xpyriment","","NA","singular","Lentiform Loewenfeld","3.3.14","0","1","NA","space","NA","NA","NA","NA","NA","NA","NA","NA","NA","o","c","NA","space","NA","space","1","113","NA","9282","NA","NA","NA","NA","NA","NA","NA","NA","NA","25807","90525","NA","10897","NA","110933","113","NA","8789","NA","space","2","legacy","Harry dried fi ze letter but not fi ze leaf.","154","Session 6","NA","Experiment","2024-10-03 17:47","1024","2","48000","-16","Session6","Norway","9","odd","word4","43","NA","no","NA","109138","NA","26086","NA","16799","16795","5935","16795","NA","NA","NA","NA","NA","NA","NA","NA","NA","NA","NA","NA","NA","NA","NA","5934","2804432","2943911","2942897","2943448","NA","2836614","2947992","26086","NA","NA","2945018","NA","116646","NA","116649","NA","127550","238523","2940781","238513","NA","NA","2940806","2941476","2948245","2948245","2940782","16795","2938596","2938596","2948361","NA","NA","5935","NA","NA","NA","7993","NA","NA","NA","7994","2938582","2803921","2943401","5935","NA","5935","NA","NA","NA","16795","NA","5935","NA","NA","NA","8005","NA","2941746","2947559","2942321","2942897","2943401","2944154","2944765","2945376","2946092","2946817","Norway Session 6","221","532530","263","0","259","yes","137","","1024","NA","Harry","leaf.","320","320","dried","320","fi","250","ze","210","letter","355","but","250","not","250","fi","250","ze","250"
"NA","NA","83.71212121212122","83.71212121212122","2017.7689393939395","2017.7689393939395","#242424","xpyriment","legacy","legacy","0","uniform","0","undefined","NA","NA","0","undefined","undefined","0","right_button","undefined","0","0","0","0","0","0","0","0","0","0","0","NA","NA","0","0","1","NA","NA","NA","NA","NA","NA","0","NA","0","259","259","259","259","NA","4","685","8","0","0","1819","0","0","0","0","0","0","0","259","0","NA","NA","259","259","259","259","259","3","259","259","260","0","0","0","NA","1","NA","0","0","3","0","0","259","259","259","0","0","0","0","0","0","0","0","0","NA","NA","0","0","NA","259","82","259","259","259","259","259","259","259","82","undefined","510","411","Thu Oct  3 17:47:30 2024","735","The main experiment item","yes","active","Norway_Session_6.osexp","1","C:\Users\Tromso\Desktop\LESS\Session 6","no","no","mono","no","18","no","white","no","Click to confirm or to begin from default part if nothing selected","NA","yes","","active","differential object marking","2","DOM violation","102","768","legacy","Mini-English","NA","List 1: grammatical, DOM violation, article location violation","259","259","C:/Users/Tromso/Desktop/LESS/Session 6/subject-9.csv","1.2.3","xpyriment","","NA","singular","Lentiform Loewenfeld","3.3.14","0","1","NA","space","NA","NA","NA","NA","NA","NA","NA","NA","NA","o","c","NA","space","NA","space","1","161","NA","9282","NA","NA","NA","NA","NA","NA","NA","NA","NA","25807","90525","NA","10897","NA","110933","161","NA","8789","NA","space","2","legacy","Jessica forgot ze leaf and je box too.","231","Session 6","NA","Experiment","2024-10-03 17:47","1024","2","48000","-16","Session6","Norway","9","odd","word3","50","NA","no","NA","109138","NA","26086","NA","16799","16795","5935","16795","NA","NA","NA","NA","NA","NA","NA","NA","NA","NA","NA","NA","NA","NA","NA","5934","2953361","2943911","2952898","2953603","NA","2836614","2956361","26086","NA","NA","2954901","NA","116646","NA","116649","NA","127550","238523","2950637","238513","NA","NA","2950659","2951329","2956613","2956613","2950637","16795","2948384","2948384","2956776","NA","NA","5935","NA","NA","NA","7993","NA","NA","NA","7994","2948371","2952853","2943401","5935","NA","5935","NA","NA","NA","16795","NA","5935","NA","NA","NA","8005","NA","2951598","2947559","2952243","2952853","2953603","2954144","2954649","2955242","2955977","2946817","Norway Session 6","221","532691","264","0","260","yes","620","","1024","NA","Jessica","","","390","forgot","355","ze","210","leaf","285","and","250","je","250","box","250","too.","285","",""
"NA","NA","83.77358490566037","83.77358490566037","2010.233962264151","2010.233962264151","#242424","xpyriment","legacy","legacy","0","uniform","1","undefined","NA","NA","0","undefined","undefined","1","right_button","undefined","0","0","0","0","0","0","0","0","0","0","0","NA","NA","0","0","1","NA","NA","NA","NA","NA","NA","0","NA","0","260","260","260","260","NA","4","687","8","0","0","1826","0","0","0","0","0","0","0","260","0","NA","NA","260","260","260","260","260","3","260","260","261","0","0","0","NA","1","NA","0","0","3","0","0","260","260","260","0","0","0","0","0","0","0","0","0","NA","NA","0","0","NA","260","82","260","260","260","260","260","260","260","82","undefined","488","418","Thu Oct  3 17:47:30 2024","761","The main experiment item","yes","active","Norway_Session_6.osexp","1","C:\Users\Tromso\Desktop\LESS\Session 6","no","no","mono","no","18","no","white","no","Click to confirm or to begin from default part if nothing selected","NA","yes","","active","differential object marking","2","article location violation","103","768","legacy","Mini-English","NA","List 1: grammatical, DOM violation, article location violation","260","260","C:/Users/Tromso/Desktop/LESS/Session 6/subject-9.csv","1.2.3","xpyriment","","NA","singular","Lentiform Loewenfeld","3.3.14","0","3","NA","space","NA","NA","NA","NA","NA","NA","NA","NA","NA","o","c","NA","space","NA","space","3","21","NA","9282","NA","NA","NA","NA","NA","NA","NA","NA","NA","25807","90525","NA","10897","NA","110933","21","NA","8789","NA","space","2","legacy","Olivia remembered fi zestrawberry but not fi jestreet.","242","Session 6","NA","Experiment","2024-10-03 17:47","1024","2","48000","-16","Session6","Norway","9","odd","word4","51","NA","no","NA","109138","NA","26086","NA","16799","16795","5935","16795","NA","NA","NA","NA","NA","NA","NA","NA","NA","NA","NA","NA","NA","NA","NA","5934","2953361","2943911","2961304","2961856","NA","2836614","2965052","26086","NA","NA","2963395","NA","116646","NA","116649","NA","127550","238523","2958980","238513","NA","NA","2959003","2959673","2965305","2965305","2958980","16795","2956800","2956800","2965330","NA","NA","5935","NA","NA","NA","7993","NA","NA","NA","7994","2956786","2952853","2961809","5935","NA","5935","NA","NA","NA","16795","NA","5935","NA","NA","NA","8005","NA","2959944","2947559","2960554","2961304","2961809","2962637","2963142","2963757","2964481","2946817","Norway Session 6","222","532712","265","0","261","yes","521","","1024","NA","Olivia","","","355","remembered","495","fi","250","zestrawberry","525","but","250","not","250","fi","250","jestreet.","460","",""
"NA","NA","83.83458646616542","83.83458646616542","2003.0037593984962","2003.0037593984962","#242424","xpyriment","legacy","legacy","0","uniform","1","undefined","NA","NA","0","undefined","undefined","1","left_button","undefined","0","0","0","0","0","0","0","0","0","0","0","NA","NA","0","0","1","NA","NA","NA","NA","NA","NA","0","NA","0","261","261","261","261","NA","4","691","8","0","0","1833","0","0","0","0","0","0","0","261","0","NA","NA","261","261","261","261","261","3","261","261","262","0","0","0","NA","1","NA","0","0","3","0","0","261","261","261","0","0","0","0","0","0","0","0","0","NA","NA","0","0","NA","261","83","261","261","261","261","261","261","261","83","undefined","488","418","Thu Oct  3 17:47:30 2024","769","The main experiment item","yes","active","Norway_Session_6.osexp","1","C:\Users\Tromso\Desktop\LESS\Session 6","no","no","mono","no","18","no","white","no","Click to confirm or to begin from default part if nothing selected","NA","yes","","active","verb-object agreement","3","grammatical","101","768","legacy","Mini-English","NA","List 1: grammatical, VOA violation, article location violation","261","261","C:/Users/Tromso/Desktop/LESS/Session 6/subject-9.csv","1.2.3","xpyriment","","NA","plural","Lentiform Loewenfeld","3.3.14","0","1","NA","space","NA","NA","NA","NA","NA","NA","NA","NA","NA","o","c","NA","space","NA","space","1","87","NA","9282","NA","NA","NA","NA","NA","NA","NA","NA","NA","25807","90525","NA","10897","NA","110933","87","NA","8789","NA","space","2","legacy","Amelia fixedevo fi jer backpack but not fi jer truck.","156","Session 6","NA","Experiment","2024-10-03 17:47","1024","2","48000","-16","Session6","Norway","9","odd","word4","43","NA","no","NA","109138","NA","26086","NA","16799","16795","5935","16795","NA","NA","NA","NA","NA","NA","NA","NA","NA","NA","NA","NA","NA","NA","NA","5934","2953361","2970821","2969806","2970359","NA","2836614","2975011","26086","NA","NA","2971995","NA","116646","NA","116649","NA","127550","238523","2967553","238513","NA","NA","2967575","2968245","2975263","2975263","2967553","16795","2965349","2965349","2975352","NA","NA","5935","NA","NA","NA","7993","NA","NA","NA","7994","2965336","2952853","2970312","5935","NA","5935","NA","NA","NA","16795","NA","5935","NA","NA","NA","8005","NA","2968514","2974549","2969125","2969806","2970312","2971063","2971743","2972365","2973116","2973831","Norway Session 6","223","532799","266","0","262","yes","154","","1024","NA","Amelia","truck.","355","355","fixedevo","425","fi","250","jer","210","backpack","425","but","250","not","250","fi","250","jer","250"
"NA","NA","83.89513108614233","83.89513108614233","1996.0224719101125","1996.0224719101125","#242424","xpyriment","legacy","legacy","0","uniform","1","undefined","NA","NA","0","undefined","undefined","1","left_button","undefined","0","0","0","0","0","0","0","0","0","0","0","NA","NA","0","0","1","NA","NA","NA","NA","NA","NA","0","NA","0","262","262","262","262","NA","4","695","8","0","0","1840","0","0","0","0","0","0","0","262","0","NA","NA","262","262","262","262","262","3","262","262","263","0","0","0","NA","1","NA","0","0","3","0","0","262","262","262","0","0","0","0","0","0","0","0","0","NA","NA","0","0","NA","262","84","262","262","262","262","262","262","262","84","undefined","487","419","Thu Oct  3 17:47:30 2024","747","The main experiment item","yes","active","Norway_Session_6.osexp","1","C:\Users\Tromso\Desktop\LESS\Session 6","no","no","mono","no","18","no","white","no","Click to confirm or to begin from default part if nothing selected","NA","yes","","active","verb-object agreement","3","grammatical","101","768","legacy","Mini-English","NA","List 1: grammatical, VOA violation, article location violation","262","262","C:/Users/Tromso/Desktop/LESS/Session 6/subject-9.csv","1.2.3","xpyriment","","NA","singular","Lentiform Loewenfeld","3.3.14","0","1","NA","space","NA","NA","NA","NA","NA","NA","NA","NA","NA","o","c","NA","space","NA","space","1","139","NA","9282","NA","NA","NA","NA","NA","NA","NA","NA","NA","25807","90525","NA","10897","NA","110933","139","NA","8789","NA","space","2","legacy","Amelia refused fi ze closet but not fi je street.","225","Session 6","NA","Experiment","2024-10-03 17:47","1024","2","48000","-16","Session6","Norway","9","odd","word4","49","NA","no","NA","109138","NA","26086","NA","16799","16795","5935","16795","NA","NA","NA","NA","NA","NA","NA","NA","NA","NA","NA","NA","NA","NA","NA","5934","2953361","2980693","2979679","2980230","NA","2836614","2984869","26086","NA","NA","2981798","NA","116646","NA","116649","NA","127550","238523","2977461","238513","NA","NA","2977484","2978154","2985122","2985122","2977462","16795","2975371","2975371","2985263","NA","NA","5935","NA","NA","NA","7993","NA","NA","NA","7994","2975356","2952853","2980184","5935","NA","5935","NA","NA","NA","16795","NA","5935","NA","NA","NA","8005","NA","2978424","2984360","2979034","2979679","2980184","2980935","2981545","2982158","2982894","2983626","Norway Session 6","224","532938","267","0","263","yes","1210","","1024","NA","Amelia","street.","390","355","refused","390","fi","250","ze","210","closet","355","but","250","not","250","fi","250","je","250"
"NA","NA","83.95522388059702","83.95522388059702","1989.3358208955224","1989.3358208955224","#242424","xpyriment","legacy","legacy","0","uniform","1","undefined","NA","NA","0","undefined","undefined","1","right_button","undefined","0","0","0","0","0","0","0","0","0","0","0","NA","NA","0","0","1","NA","NA","NA","NA","NA","NA","0","NA","0","263","263","263","263","NA","4","699","8","0","0","1847","0","0","0","0","0","0","0","263","0","NA","NA","263","263","263","263","263","3","263","263","264","0","0","0","NA","1","NA","0","0","3","0","0","263","263","263","0","0","0","0","0","0","0","0","0","NA","NA","0","0","NA","263","85","263","263","263","263","263","263","263","85","undefined","486","420","Thu Oct  3 17:47:30 2024","757","The main experiment item","yes","active","Norway_Session_6.osexp","1","C:\Users\Tromso\Desktop\LESS\Session 6","no","no","mono","no","18","no","white","no","Click to confirm or to begin from default part if nothing selected","NA","yes","","active","verb-object agreement","3","VOA violation","102","768","legacy","Mini-English","NA","List 1: grammatical, VOA violation, article location violation","263","263","C:/Users/Tromso/Desktop/LESS/Session 6/subject-9.csv","1.2.3","xpyriment","","NA","singular","Lentiform Loewenfeld","3.3.14","0","3","NA","space","NA","NA","NA","NA","NA","NA","NA","NA","NA","o","c","NA","space","NA","space","3","204","NA","9282","NA","NA","NA","NA","NA","NA","NA","NA","NA","25807","90525","NA","10897","NA","110933","204","NA","8789","NA","space","2","legacy","Harry refusedevo fi ze mug but not fi ze letter.","201","Session 6","NA","Experiment","2024-10-03 17:47","1024","2","48000","-16","Session6","Norway","9","odd","word4","47","NA","no","NA","109138","NA","26086","NA","16799","16795","5935","16795","NA","NA","NA","NA","NA","NA","NA","NA","NA","NA","NA","NA","NA","NA","NA","5934","2953361","2990791","2989775","2990327","NA","2836614","2994846","26086","NA","NA","2991791","NA","116646","NA","116649","NA","127550","238523","2987487","238513","NA","NA","2987509","2988180","2995098","2995098","2987488","16795","2985282","2985282","2995304","NA","NA","5935","NA","NA","NA","7993","NA","NA","NA","7994","2985268","2952853","2990282","5935","NA","5935","NA","NA","NA","16795","NA","5935","NA","NA","NA","8005","NA","2988451","2994345","2989025","2989775","2990282","2991034","2991539","2992149","2992873","2993632","Norway Session 6","225","533142","268","0","264","yes","128","","1024","NA","Harry","letter.","390","320","refusedevo","495","fi","250","ze","210","mug","250","but","250","not","250","fi","250","ze","250"
"NA","NA","84.01486988847584","84.01486988847584","1987.3866171003717","1987.3866171003717","#242424","xpyriment","legacy","legacy","0","uniform","1","undefined","NA","NA","0","undefined","undefined","1","right_button","undefined","0","0","0","0","0","0","0","0","0","0","0","NA","NA","0","0","1","NA","NA","NA","NA","NA","NA","0","NA","0","264","264","264","264","NA","4","703","8","0","0","1854","0","0","0","0","0","0","0","264","0","NA","NA","264","264","264","264","264","3","264","264","265","0","0","0","NA","1","NA","0","0","3","0","0","264","264","264","0","0","0","0","0","0","0","0","0","NA","NA","0","0","NA","264","86","264","264","264","264","264","264","264","86","undefined","486","427","Thu Oct  3 17:47:30 2024","755","The main experiment item","yes","active","Norway_Session_6.osexp","1","C:\Users\Tromso\Desktop\LESS\Session 6","no","no","mono","no","18","no","white","no","Click to confirm or to begin from default part if nothing selected","NA","yes","","active","verb-object agreement","3","VOA violation","102","768","legacy","Mini-English","NA","List 1: grammatical, VOA violation, article location violation","264","264","C:/Users/Tromso/Desktop/LESS/Session 6/subject-9.csv","1.2.3","xpyriment","","NA","plural","Lentiform Loewenfeld","3.3.14","0","3","NA","space","NA","NA","NA","NA","NA","NA","NA","NA","NA","o","c","NA","space","NA","space","3","1465","NA","9282","NA","NA","NA","NA","NA","NA","NA","NA","NA","25807","90525","NA","10897","NA","110933","1465","NA","8789","NA","space","2","legacy","Jack provided fi jer key but not fi jer backpack.","126","Session 6","NA","Experiment","2024-10-03 17:47","1024","2","48000","-16","Session6","Norway","9","odd","word4","41","NA","no","NA","109138","NA","26086","NA","16799","16795","5935","16795","NA","NA","NA","NA","NA","NA","NA","NA","NA","NA","NA","NA","NA","NA","NA","5934","2953361","3000713","2999700","3000248","NA","2836614","3004814","26086","NA","NA","3001713","NA","116646","NA","116649","NA","127550","238523","2997516","238513","NA","NA","2997540","2998210","3005068","3005067","2997517","16795","2995323","2995323","3006535","NA","NA","5935","NA","NA","NA","7993","NA","NA","NA","7994","2995309","2952853","3000204","5935","NA","5935","NA","NA","NA","16795","NA","5935","NA","NA","NA","8005","NA","2998478","3004242","2999019","2999700","3000204","3000956","3001461","3002061","3002782","3003509","Norway Session 6","226","534607","269","0","265","yes","92","","1024","NA","Jack","backpack.","460","285","provided","425","fi","250","jer","210","key","250","but","250","not","250","fi","250","jer","250"
"NA","NA","84.07407407407408","84.07407407407408","1983.7888888888888","1983.7888888888888","#242424","xpyriment","legacy","legacy","0","uniform","1","undefined","NA","NA","0","undefined","undefined","1","right_button","undefined","0","0","0","0","0","0","0","0","0","0","0","NA","NA","0","0","1","NA","NA","NA","NA","NA","NA","0","NA","0","265","265","265","265","NA","4","707","8","0","0","1861","0","0","0","0","0","0","0","265","0","NA","NA","265","265","265","265","265","3","265","265","266","0","0","0","NA","1","NA","0","0","3","0","0","265","265","265","0","0","0","0","0","0","0","0","0","NA","NA","0","0","NA","265","87","265","265","265","265","265","265","265","87","undefined","525","475","Thu Oct  3 17:47:30 2024","734","The main experiment item","yes","active","Norway_Session_6.osexp","1","C:\Users\Tromso\Desktop\LESS\Session 6","no","no","mono","no","18","no","white","no","Click to confirm or to begin from default part if nothing selected","NA","yes","","active","verb-object agreement","3","VOA violation","102","768","legacy","Mini-English","NA","List 1: grammatical, VOA violation, article location violation","265","265","C:/Users/Tromso/Desktop/LESS/Session 6/subject-9.csv","1.2.3","xpyriment","","NA","plural","Lentiform Loewenfeld","3.3.14","0","3","NA","space","NA","NA","NA","NA","NA","NA","NA","NA","NA","o","c","NA","space","NA","space","3","1016","NA","9282","NA","NA","NA","NA","NA","NA","NA","NA","NA","25807","90525","NA","10897","NA","110933","1016","NA","8789","NA","space","2","legacy","Thomas chose fi jer key but not fi jer backpack.","128","Session 6","NA","Experiment","2024-10-03 17:47","1024","2","48000","-16","Session6","Norway","9","odd","word4","41","NA","no","NA","109138","NA","26086","NA","16799","16795","5935","16795","NA","NA","NA","NA","NA","NA","NA","NA","NA","NA","NA","NA","NA","NA","NA","5934","2953361","3011922","3010910","3011460","NA","2836614","3015984","26086","NA","NA","3012923","NA","116646","NA","116649","NA","127550","238523","3008759","238513","NA","NA","3008782","3009452","3016238","3016237","3008759","16795","3006552","3006552","3017256","NA","NA","5935","NA","NA","NA","7993","NA","NA","NA","7994","3006539","2952853","3011415","5935","NA","5935","NA","NA","NA","16795","NA","5935","NA","NA","NA","8005","NA","3009723","3015414","3010334","3010910","3011415","3012164","3012670","3013285","3014009","3014714","Norway Session 6","227","535623","270","0","266","yes","112","","1024","NA","Thomas","backpack.","460","355","chose","320","fi","250","jer","210","key","250","but","250","not","250","fi","250","jer","250"
"NA","NA","84.13284132841328","84.13284132841328","1977.4428044280444","1977.4428044280444","#242424","xpyriment","legacy","legacy","0","uniform","1","undefined","NA","NA","0","undefined","undefined","1","left_button","undefined","0","0","0","0","0","0","0","0","0","0","0","NA","NA","0","0","1","NA","NA","NA","NA","NA","NA","0","NA","0","266","266","266","266","NA","4","711","8","0","0","1868","0","0","0","0","0","0","0","266","0","NA","NA","266","266","266","266","266","3","266","266","267","0","0","0","NA","1","NA","0","0","3","0","0","266","266","266","0","0","0","0","0","0","0","0","0","NA","NA","0","0","NA","266","88","266","266","266","266","266","266","266","88","undefined","525","475","Thu Oct  3 17:47:30 2024","759","The main experiment item","yes","active","Norway_Session_6.osexp","1","C:\Users\Tromso\Desktop\LESS\Session 6","no","no","mono","no","18","no","white","no","Click to confirm or to begin from default part if nothing selected","NA","yes","","active","differential object marking","2","grammatical","101","768","legacy","Mini-English","NA","List 1: grammatical, DOM violation, article location violation","266","266","C:/Users/Tromso/Desktop/LESS/Session 6/subject-9.csv","1.2.3","xpyriment","","NA","singular","Lentiform Loewenfeld","3.3.14","0","1","NA","space","NA","NA","NA","NA","NA","NA","NA","NA","NA","o","c","NA","space","NA","space","1","264","NA","9282","NA","NA","NA","NA","NA","NA","NA","NA","NA","25807","90525","NA","10897","NA","110933","264","NA","8789","NA","space","2","legacy","Oliver ordered fi ze tray but not fi je wall.","223","Session 6","NA","Experiment","2024-10-03 17:47","1024","2","48000","-16","Session6","Norway","9","odd","word4","49","NA","no","NA","109138","NA","26086","NA","16799","16795","5935","16795","NA","NA","NA","NA","NA","NA","NA","NA","NA","NA","NA","NA","NA","NA","NA","5934","2953361","3022718","3021701","3022254","NA","2836614","3026689","26086","NA","NA","3023753","NA","116646","NA","116649","NA","127550","238523","3019484","238513","NA","NA","3019507","3020177","3026942","3026942","3019485","16795","3017277","3017277","3027208","NA","NA","5935","NA","NA","NA","7993","NA","NA","NA","7994","3017263","2952853","3022207","5935","NA","5935","NA","NA","NA","16795","NA","5935","NA","NA","NA","8005","NA","3020446","3026269","3021055","3021701","3022207","3022961","3023501","3024111","3024835","3025547","Norway Session 6","228","535887","271","0","267","yes","1019","","1024","NA","Oliver","wall.","320","355","ordered","390","fi","250","ze","210","tray","285","but","250","not","250","fi","250","je","250"
"NA","NA","84.19117647058823","84.19117647058823","1971.0845588235295","1971.0845588235295","#242424","xpyriment","legacy","legacy","0","uniform","1","undefined","NA","NA","0","undefined","undefined","1","right_button","undefined","0","0","0","0","0","0","0","0","0","0","0","NA","NA","0","0","1","NA","NA","NA","NA","NA","NA","0","NA","0","267","267","267","267","NA","4","713","8","0","0","1875","0","0","0","0","0","0","0","267","0","NA","NA","267","267","267","267","267","3","267","267","268","0","0","0","NA","1","NA","0","0","3","0","0","267","267","267","0","0","0","0","0","0","0","0","0","NA","NA","0","0","NA","267","88","267","267","267","267","267","267","267","88","undefined","525","475","Thu Oct  3 17:47:30 2024","745","The main experiment item","yes","active","Norway_Session_6.osexp","1","C:\Users\Tromso\Desktop\LESS\Session 6","no","no","mono","no","18","no","white","no","Click to confirm or to begin from default part if nothing selected","NA","yes","","active","differential object marking","2","article location violation","103","768","legacy","Mini-English","NA","List 1: grammatical, DOM violation, article location violation","267","267","C:/Users/Tromso/Desktop/LESS/Session 6/subject-9.csv","1.2.3","xpyriment","","NA","singular","Lentiform Loewenfeld","3.3.14","0","3","NA","space","NA","NA","NA","NA","NA","NA","NA","NA","NA","o","c","NA","space","NA","space","3","248","NA","9282","NA","NA","NA","NA","NA","NA","NA","NA","NA","25807","90525","NA","10897","NA","110933","248","NA","8789","NA","space","2","legacy","Oliver remembered fi jewall and fi jekey too.","134","Session 6","NA","Experiment","2024-10-03 17:47","1024","2","48000","-16","Session6","Norway","9","odd","word4","42","NA","no","NA","109138","NA","26086","NA","16799","16795","5935","16795","NA","NA","NA","NA","NA","NA","NA","NA","NA","NA","NA","NA","NA","NA","NA","5934","2953361","3032940","3031819","3032373","NA","2836614","3035408","26086","NA","NA","3033835","NA","116646","NA","116649","NA","127550","238523","3029496","238513","NA","NA","3029518","3030189","3035662","3035662","3029496","16795","3027228","3027228","3035911","NA","NA","5935","NA","NA","NA","7993","NA","NA","NA","7994","3027215","2952853","3032325","5935","NA","5935","NA","NA","NA","16795","NA","5935","NA","NA","NA","8005","NA","3030458","3026269","3031068","3031819","3032325","3033078","3033583","3034228","3035021","3025547","Norway Session 6","229","536135","272","0","268","yes","53","","1024","NA","Oliver","","","355","remembered","495","fi","250","jewall","315","and","250","fi","250","jekey","320","too.","285","",""
"NA","NA","84.24908424908425","84.24908424908425","1964.142857142857","1964.142857142857","#242424","xpyriment","legacy","legacy","0","uniform","1","undefined","NA","NA","0","undefined","undefined","1","right_button","undefined","0","0","0","0","0","0","0","0","0","0","0","NA","NA","0","0","1","NA","NA","NA","NA","NA","NA","0","NA","0","268","268","268","268","NA","4","715","8","0","0","1882","0","0","0","0","0","0","0","268","0","NA","NA","268","268","268","268","268","3","268","268","269","0","0","0","NA","1","NA","0","0","3","0","0","268","268","268","0","0","0","0","0","0","0","0","0","NA","NA","0","0","NA","268","88","268","268","268","268","268","268","268","88","undefined","525","475","Thu Oct  3 17:47:30 2024","753","The main experiment item","yes","active","Norway_Session_6.osexp","1","C:\Users\Tromso\Desktop\LESS\Session 6","no","no","mono","no","18","no","white","no","Click to confirm or to begin from default part if nothing selected","NA","yes","neuter","active","gender agreement","1","number violation","103","768","legacy","Mini-English","NA","List 1: grammatical, gender violation, number violation","268","268","C:/Users/Tromso/Desktop/LESS/Session 6/subject-9.csv","1.2.3","xpyriment","209","NA","singular","Lentiform Loewenfeld","3.3.14","0","3","NA","space","NA","NA","NA","NA","NA","NA","NA","NA","NA","o","c","NA","space","NA","space","3","76","NA","9282","NA","NA","NA","NA","NA","NA","NA","NA","NA","25807","90525","NA","10897","NA","110933","76","NA","8789","NA","space","2","legacy","Ze leaf is blackezur and ze tie too.","141","Session 6","NA","Experiment","2024-10-03 17:47","1024","2","48000","-16","Session6","Norway","9","odd","word4","42","NA","no","NA","109138","NA","26086","NA","16799","16795","5935","16795","NA","NA","NA","NA","NA","NA","NA","NA","NA","NA","NA","NA","NA","NA","NA","5934","2953361","3041483","3040260","3040809","NA","2836614","3043765","26086","NA","NA","3042274","NA","116646","NA","116649","NA","127550","238523","3038247","238513","NA","NA","3038273","3038943","3044018","3044018","3038248","16795","3035931","3035931","3044097","NA","NA","5935","NA","NA","NA","7993","NA","NA","NA","7994","3035916","2952853","3040765","5935","NA","5935","NA","NA","NA","16795","NA","5935","NA","NA","NA","8005","NA","3039215","3026269","3039719","3040260","3040765","3041516","3042022","3042636","3043367","3025547","Norway Session 6","230","536211","273","0","269","yes","","copula_be","1024","NA","Ze","","","250","leaf","285","is","250","blackezur","420","and","250","ze","250","tie","250","too.","285","",""
"NA","NA","84.30656934306569","84.30656934306569","1957.4452554744526","1957.4452554744526","#242424","xpyriment","legacy","legacy","0","uniform","1","undefined","NA","NA","0","undefined","undefined","1","left_button","undefined","0","0","0","0","0","0","0","0","0","0","0","NA","NA","0","0","1","NA","NA","NA","NA","NA","NA","0","NA","0","269","269","269","269","NA","4","719","8","0","0","1889","0","0","0","0","0","0","0","269","0","NA","NA","269","269","269","269","269","3","269","269","270","0","0","0","NA","1","NA","0","0","3","0","0","269","269","269","0","0","0","0","0","0","0","0","0","NA","NA","0","0","NA","269","89","269","269","269","269","269","269","269","89","undefined","509","479","Thu Oct  3 17:47:30 2024","749","The main experiment item","yes","active","Norway_Session_6.osexp","1","C:\Users\Tromso\Desktop\LESS\Session 6","no","no","mono","no","18","no","white","no","Click to confirm or to begin from default part if nothing selected","NA","yes","","active","verb-object agreement","3","grammatical","101","768","legacy","Mini-English","NA","List 1: grammatical, VOA violation, article location violation","269","269","C:/Users/Tromso/Desktop/LESS/Session 6/subject-9.csv","1.2.3","xpyriment","","NA","singular","Lentiform Loewenfeld","3.3.14","0","1","NA","space","NA","NA","NA","NA","NA","NA","NA","NA","NA","o","c","NA","space","NA","space","1","129","NA","9282","NA","NA","NA","NA","NA","NA","NA","NA","NA","25807","90525","NA","10897","NA","110933","129","NA","8789","NA","space","2","legacy","Jack ordered fi je backpack but not fi ze pool.","151","Session 6","NA","Experiment","2024-10-03 17:47","1024","2","48000","-16","Session6","Norway","9","odd","word4","43","NA","no","NA","109138","NA","26086","NA","16799","16795","5935","16795","NA","NA","NA","NA","NA","NA","NA","NA","NA","NA","NA","NA","NA","NA","NA","5934","2953361","3049512","3048498","3049050","NA","2836614","3053656","26086","NA","NA","3050688","NA","116646","NA","116649","NA","127550","238523","3046348","238513","NA","NA","3046370","3047040","3053909","3053909","3046348","16795","3044122","3044123","3054039","NA","NA","5935","NA","NA","NA","7993","NA","NA","NA","7994","3044107","2952853","3049004","5935","NA","5935","NA","NA","NA","16795","NA","5935","NA","NA","NA","8005","NA","3047312","3053226","3047852","3048498","3049004","3049755","3050435","3051046","3051776","3052503","Norway Session 6","231","536340","274","0","270","yes","104","","1024","NA","Jack","pool.","320","285","ordered","390","fi","250","je","210","backpack","425","but","250","not","250","fi","250","ze","250"
"NA","NA","84.36363636363636","84.36363636363636","1950.8254545454545","1950.8254545454545","#242424","xpyriment","legacy","legacy","0","uniform","1","undefined","NA","NA","0","undefined","undefined","1","left_button","undefined","0","0","0","0","0","0","0","0","0","0","0","NA","NA","0","0","1","NA","NA","NA","NA","NA","NA","0","NA","0","270","270","270","270","NA","4","723","8","0","0","1896","0","0","0","0","0","0","0","270","0","NA","NA","270","270","270","270","270","3","270","270","271","0","0","0","NA","1","NA","0","0","3","0","0","270","270","270","0","0","0","0","0","0","0","0","0","NA","NA","0","0","NA","270","90","270","270","270","270","270","270","270","90","undefined","509","479","Thu Oct  3 17:47:30 2024","766","The main experiment item","yes","active","Norway_Session_6.osexp","1","C:\Users\Tromso\Desktop\LESS\Session 6","no","no","mono","no","18","no","white","no","Click to confirm or to begin from default part if nothing selected","NA","yes","","active","differential object marking","2","grammatical","101","768","legacy","Mini-English","NA","List 1: grammatical, DOM violation, article location violation","270","270","C:/Users/Tromso/Desktop/LESS/Session 6/subject-9.csv","1.2.3","xpyriment","","NA","singular","Lentiform Loewenfeld","3.3.14","0","1","NA","space","NA","NA","NA","NA","NA","NA","NA","NA","NA","o","c","NA","space","NA","space","1","137","NA","9282","NA","NA","NA","NA","NA","NA","NA","NA","NA","25807","90525","NA","10897","NA","110933","137","NA","8789","NA","space","2","legacy","Oliver wetted fi je drum and fi ze table too.","191","Session 6","NA","Experiment","2024-10-03 17:47","1024","2","48000","-16","Session6","Norway","9","odd","word4","46","NA","no","NA","109138","NA","26086","NA","16799","16795","5935","16795","NA","NA","NA","NA","NA","NA","NA","NA","NA","NA","NA","NA","NA","NA","NA","5934","2953361","3059473","3058458","3059009","NA","2836614","3063513","26086","NA","NA","3060508","NA","116646","NA","116649","NA","127550","238523","3056273","238513","NA","NA","3056298","3056968","3063765","3063765","3056273","16795","3054061","3054061","3063903","NA","NA","5935","NA","NA","NA","7993","NA","NA","NA","7994","3054048","2952853","3058962","5935","NA","5935","NA","NA","NA","16795","NA","5935","NA","NA","NA","8005","NA","3057238","3063108","3057847","3058458","3058962","3059716","3060257","3060872","3061598","3062314","Norway Session 6","232","536477","275","0","271","yes","1413","","1024","NA","Oliver","too.","285","355","wetted","355","fi","250","je","210","drum","285","and","250","fi","250","ze","250","table","320"
"NA","NA","84.42028985507247","84.42028985507247","1944.6014492753623","1944.6014492753623","#242424","xpyriment","legacy","legacy","0","uniform","1","undefined","NA","NA","0","undefined","undefined","1","right_button","undefined","0","0","0","0","0","0","0","0","0","0","0","NA","NA","0","0","1","NA","NA","NA","NA","NA","NA","0","NA","0","271","271","271","271","NA","4","727","8","0","0","1903","0","0","0","0","0","0","0","271","0","NA","NA","271","271","271","271","271","3","271","271","272","0","0","0","NA","1","NA","0","0","3","0","0","271","271","271","0","0","0","0","0","0","0","0","0","NA","NA","0","0","NA","271","91","271","271","271","271","271","271","271","91","undefined","509","479","Thu Oct  3 17:47:30 2024","741","The main experiment item","yes","active","Norway_Session_6.osexp","1","C:\Users\Tromso\Desktop\LESS\Session 6","no","no","mono","no","18","no","white","no","Click to confirm or to begin from default part if nothing selected","NA","yes","","active","verb-object agreement","3","VOA violation","102","768","legacy","Mini-English","NA","List 1: grammatical, VOA violation, article location violation","271","271","C:/Users/Tromso/Desktop/LESS/Session 6/subject-9.csv","1.2.3","xpyriment","","NA","plural","Lentiform Loewenfeld","3.3.14","0","3","NA","space","NA","NA","NA","NA","NA","NA","NA","NA","NA","o","c","NA","space","NA","space","3","233","NA","9282","NA","NA","NA","NA","NA","NA","NA","NA","NA","25807","90525","NA","10897","NA","110933","233","NA","8789","NA","space","2","legacy","Amelia dried fi zer roof and fi jer pencil too.","238","Session 6","NA","Experiment","2024-10-03 17:47","1024","2","48000","-16","Session6","Norway","9","odd","word4","50","NA","no","NA","109138","NA","26086","NA","16799","16795","5935","16795","NA","NA","NA","NA","NA","NA","NA","NA","NA","NA","NA","NA","NA","NA","NA","5934","2953361","3069345","3068331","3068882","NA","2836614","3073367","26086","NA","NA","3070381","NA","116646","NA","116649","NA","127550","238523","3066180","238513","NA","NA","3066203","3066874","3073621","3073619","3066180","16795","3063929","3063929","3073855","NA","NA","5935","NA","NA","NA","7993","NA","NA","NA","7994","3063913","2952853","3068836","5935","NA","5935","NA","NA","NA","16795","NA","5935","NA","NA","NA","8005","NA","3067143","3072981","3067755","3068331","3068836","3069588","3070127","3070738","3071462","3072167","Norway Session 6","233","536710","276","0","272","yes","1311","","1024","NA","Amelia","too.","285","355","dried","320","fi","250","zer","210","roof","285","and","250","fi","250","jer","250","pencil","355"
"NA","NA","84.47653429602889","84.47653429602889","1937.7400722021662","1937.7400722021662","#242424","xpyriment","legacy","legacy","0","uniform","1","undefined","NA","NA","0","undefined","undefined","1","left_button","undefined","0","0","0","0","0","0","0","0","0","0","0","NA","NA","0","0","1","NA","NA","NA","NA","NA","NA","0","NA","0","272","272","272","272","NA","4","729","8","0","0","1910","0","0","0","0","0","0","0","272","0","NA","NA","272","272","272","272","272","3","272","272","273","0","0","0","NA","1","NA","0","0","3","0","0","272","272","272","0","0","0","0","0","0","0","0","0","NA","NA","0","0","NA","272","91","272","272","272","272","272","272","272","91","undefined","505","480","Thu Oct  3 17:47:30 2024","741","The main experiment item","yes","active","Norway_Session_6.osexp","1","C:\Users\Tromso\Desktop\LESS\Session 6","no","no","mono","no","18","no","white","no","Click to confirm or to begin from default part if nothing selected","NA","yes","neuter","active","gender agreement","1","grammatical","101","768","legacy","Mini-English","NA","List 1: grammatical, gender violation, number violation","272","272","C:/Users/Tromso/Desktop/LESS/Session 6/subject-9.csv","1.2.3","xpyriment","2313","NA","singular","Lentiform Loewenfeld","3.3.14","0","1","NA","space","NA","NA","NA","NA","NA","NA","NA","NA","NA","o","c","NA","space","NA","space","1","44","NA","9282","NA","NA","NA","NA","NA","NA","NA","NA","NA","25807","90525","NA","10897","NA","110933","44","NA","8789","NA","space","2","legacy","Ze candle is goodezu and ze tie too.","192","Session 6","NA","Experiment","2024-10-03 17:47","1024","2","48000","-16","Session6","Norway","9","odd","word4","46","NA","no","NA","109138","NA","26086","NA","16799","16795","5935","16795","NA","NA","NA","NA","NA","NA","NA","NA","NA","NA","NA","NA","NA","NA","NA","5934","2953361","3079309","3078155","3078706","NA","2836614","3081637","26086","NA","NA","3080169","NA","116646","NA","116649","NA","127550","238523","3076078","238513","NA","NA","3076099","3076771","3081890","3081890","3076078","16795","3073877","3073877","3081936","NA","NA","5935","NA","NA","NA","7993","NA","NA","NA","7994","3073862","2952853","3078661","5935","NA","5935","NA","NA","NA","16795","NA","5935","NA","NA","NA","8005","NA","3077039","3072981","3077545","3078155","3078661","3079412","3079917","3080534","3081244","3072167","Norway Session 6","234","536754","277","0","273","yes","","copula_be","1024","NA","Ze","","","250","candle","355","is","250","goodezu","350","and","250","ze","250","tie","250","too.","285","",""
"NA","NA","84.53237410071942","84.53237410071942","1931.6187050359713","1931.6187050359713","#242424","xpyriment","legacy","legacy","0","uniform","1","undefined","NA","NA","0","undefined","undefined","1","left_button","undefined","0","0","0","0","0","0","0","0","0","0","0","NA","NA","0","0","1","NA","NA","NA","NA","NA","NA","0","NA","0","273","273","273","273","NA","4","733","8","0","0","1917","0","0","0","0","0","0","0","273","0","NA","NA","273","273","273","273","273","3","273","273","274","0","0","0","NA","1","NA","0","0","3","0","0","273","273","273","0","0","0","0","0","0","0","0","0","NA","NA","0","0","NA","273","92","273","273","273","273","273","273","273","92","undefined","504","480","Thu Oct  3 17:47:30 2024","765","The main experiment item","yes","active","Norway_Session_6.osexp","1","C:\Users\Tromso\Desktop\LESS\Session 6","no","no","mono","no","18","no","white","no","Click to confirm or to begin from default part if nothing selected","NA","yes","","active","differential object marking","2","grammatical","101","768","legacy","Mini-English","NA","List 1: grammatical, DOM violation, article location violation","273","273","C:/Users/Tromso/Desktop/LESS/Session 6/subject-9.csv","1.2.3","xpyriment","","NA","singular","Lentiform Loewenfeld","3.3.14","0","1","NA","space","NA","NA","NA","NA","NA","NA","NA","NA","NA","o","c","NA","space","NA","space","1","236","NA","9282","NA","NA","NA","NA","NA","NA","NA","NA","NA","25807","90525","NA","10897","NA","110933","236","NA","8789","NA","space","2","legacy","Emily refused fi je drum and fi ze strawberry too.","189","Session 6","NA","Experiment","2024-10-03 17:47","1024","2","48000","-16","Session6","Norway","9","odd","word4","46","NA","no","NA","109138","NA","26086","NA","16799","16795","5935","16795","NA","NA","NA","NA","NA","NA","NA","NA","NA","NA","NA","NA","NA","NA","NA","5934","2953361","3087304","3086291","3086841","NA","2836614","3091477","26086","NA","NA","3088340","NA","116646","NA","116649","NA","127550","238523","3084107","238513","NA","NA","3084129","3084800","3091730","3091730","3084107","16795","3081958","3081958","3091967","NA","NA","5935","NA","NA","NA","7993","NA","NA","NA","7994","3081945","2952853","3086795","5935","NA","5935","NA","NA","NA","16795","NA","5935","NA","NA","NA","8005","NA","3085071","3091088","3085646","3086291","3086794","3087547","3088088","3088699","3089402","3090122","Norway Session 6","235","536990","278","0","274","yes","1213","","1024","NA","Emily","too.","285","320","refused","390","fi","250","je","210","drum","285","and","250","fi","250","ze","250","strawberry","495"
"NA","NA","84.58781362007169","84.58781362007169","1932.7347670250897","1932.7347670250897","#242424","xpyriment","legacy","legacy","0","uniform","1","undefined","NA","NA","0","undefined","undefined","1","left_button","undefined","0","0","0","0","0","0","0","0","0","0","0","NA","NA","0","0","1","NA","NA","NA","NA","NA","NA","0","NA","0","274","274","274","274","NA","4","735","8","0","0","1924","0","0","0","0","0","0","0","274","0","NA","NA","274","274","274","274","274","3","274","274","275","0","0","0","NA","1","NA","0","0","3","0","0","274","274","274","0","0","0","0","0","0","0","0","0","NA","NA","0","0","NA","274","92","274","274","274","274","274","274","274","92","undefined","503","481","Thu Oct  3 17:47:30 2024","743","The main experiment item","yes","active","Norway_Session_6.osexp","1","C:\Users\Tromso\Desktop\LESS\Session 6","no","no","mono","no","18","no","white","no","Click to confirm or to begin from default part if nothing selected","NA","yes","neuter","active","gender agreement","1","grammatical","101","768","legacy","Mini-English","NA","List 1: grammatical, gender violation, number violation","274","274","C:/Users/Tromso/Desktop/LESS/Session 6/subject-9.csv","1.2.3","xpyriment","1916","NA","plural","Lentiform Loewenfeld","3.3.14","0","1","NA","space","NA","NA","NA","NA","NA","NA","NA","NA","NA","o","c","NA","space","NA","space","1","2243","NA","9282","NA","NA","NA","NA","NA","NA","NA","NA","NA","25807","90525","NA","10897","NA","110933","2243","NA","8789","NA","space","2","legacy","Zer tray look wetezur but zer candle not.","224","Session 6","NA","Experiment","2024-10-03 17:47","1024","2","48000","-16","Session6","Norway","9","odd","word4","49","NA","no","NA","109138","NA","26086","NA","16799","16795","5935","16795","NA","NA","NA","NA","NA","NA","NA","NA","NA","NA","NA","NA","NA","NA","NA","5934","2953361","3097375","3096185","3096772","NA","2836614","3099854","26086","NA","NA","3098237","NA","116646","NA","116649","NA","127550","238523","3094176","238513","NA","NA","3094199","3094869","3100107","3100107","3094177","16795","3091988","3091988","3102351","NA","NA","5935","NA","NA","NA","7993","NA","NA","NA","7994","3091975","2952853","3096726","5935","NA","5935","NA","NA","NA","16795","NA","5935","NA","NA","NA","8005","NA","3095139","3091088","3095645","3096185","3096726","3097477","3097985","3098619","3099461","3090122","Norway Session 6","236","539233","279","0","275","yes","","copula_look","1024","NA","Zer","","","250","tray","285","look","285","wetezur","350","but","250","zer","250","candle","355","not.","285","",""
"NA","NA","84.64285714285714","84.64285714285714","1926.2357142857143","1926.2357142857143","#242424","xpyriment","legacy","legacy","0","uniform","1","undefined","NA","NA","0","undefined","undefined","1","left_button","undefined","0","0","0","0","0","0","0","0","0","0","0","NA","NA","0","0","1","NA","NA","NA","NA","NA","NA","0","NA","0","275","275","275","275","NA","4","739","8","0","0","1931","0","0","0","0","0","0","0","275","0","NA","NA","275","275","275","275","275","3","275","275","276","0","0","0","NA","1","NA","0","0","3","0","0","275","275","275","0","0","0","0","0","0","0","0","0","NA","NA","0","0","NA","275","93","275","275","275","275","275","275","275","93","undefined","501","482","Thu Oct  3 17:47:30 2024","750","The main experiment item","yes","active","Norway_Session_6.osexp","1","C:\Users\Tromso\Desktop\LESS\Session 6","no","no","mono","no","18","no","white","no","Click to confirm or to begin from default part if nothing selected","NA","yes","","active","differential object marking","2","grammatical","101","768","legacy","Mini-English","NA","List 1: grammatical, DOM violation, article location violation","275","275","C:/Users/Tromso/Desktop/LESS/Session 6/subject-9.csv","1.2.3","xpyriment","","NA","singular","Lentiform Loewenfeld","3.3.14","0","1","NA","space","NA","NA","NA","NA","NA","NA","NA","NA","NA","o","c","NA","space","NA","space","1","113","NA","9282","NA","NA","NA","NA","NA","NA","NA","NA","NA","25807","90525","NA","10897","NA","110933","113","NA","8789","NA","space","2","legacy","Olivia dried fi ze tray but not fi je saucepan.","226","Session 6","NA","Experiment","2024-10-03 17:47","1024","2","48000","-16","Session6","Norway","9","odd","word4","49","NA","no","NA","109138","NA","26086","NA","16799","16795","5935","16795","NA","NA","NA","NA","NA","NA","NA","NA","NA","NA","NA","NA","NA","NA","NA","5934","2953361","3107694","3106680","3107231","NA","2836614","3111832","26086","NA","NA","3108729","NA","116646","NA","116649","NA","127550","238523","3104533","238513","NA","NA","3104555","3105226","3112085","3112085","3104533","16795","3102372","3102372","3112203","NA","NA","5935","NA","NA","NA","7993","NA","NA","NA","7994","3102358","2952853","3107185","5935","NA","5935","NA","NA","NA","16795","NA","5935","NA","NA","NA","8005","NA","3105495","3111255","3106106","3106680","3107185","3107937","3108477","3109088","3109815","3110529","Norway Session 6","237","539346","280","0","276","yes","1319","","1024","NA","Olivia","saucepan.","460","355","dried","320","fi","250","ze","210","tray","285","but","250","not","250","fi","250","je","250"
"NA","NA","84.69750889679716","84.69750889679716","1920.629893238434","1920.629893238434","#242424","xpyriment","legacy","legacy","0","uniform","1","undefined","NA","NA","0","undefined","undefined","1","right_button","undefined","0","0","0","0","0","0","0","0","0","0","0","NA","NA","0","0","1","NA","NA","NA","NA","NA","NA","0","NA","0","276","276","276","276","NA","4","741","8","0","0","1938","0","0","0","0","0","0","0","276","0","NA","NA","276","276","276","276","276","3","276","276","277","0","0","0","NA","1","NA","0","0","3","0","0","276","276","276","0","0","0","0","0","0","0","0","0","NA","NA","0","0","NA","276","93","276","276","276","276","276","276","276","93","undefined","501","482","Thu Oct  3 17:47:30 2024","745","The main experiment item","yes","active","Norway_Session_6.osexp","1","C:\Users\Tromso\Desktop\LESS\Session 6","no","no","mono","no","18","no","white","no","Click to confirm or to begin from default part if nothing selected","NA","yes","","active","differential object marking","2","article location violation","103","768","legacy","Mini-English","NA","List 1: grammatical, DOM violation, article location violation","276","276","C:/Users/Tromso/Desktop/LESS/Session 6/subject-9.csv","1.2.3","xpyriment","","NA","singular","Lentiform Loewenfeld","3.3.14","0","3","NA","space","NA","NA","NA","NA","NA","NA","NA","NA","NA","o","c","NA","space","NA","space","3","351","NA","9282","NA","NA","NA","NA","NA","NA","NA","NA","NA","25807","90525","NA","10897","NA","110933","351","NA","8789","NA","space","2","legacy","Charlie cleaned fi jesaucepan and fi zemug too.","208","Session 6","NA","Experiment","2024-10-03 17:47","1024","2","48000","-16","Session6","Norway","9","odd","word4","48","NA","no","NA","109138","NA","26086","NA","16799","16795","5935","16795","NA","NA","NA","NA","NA","NA","NA","NA","NA","NA","NA","NA","NA","NA","NA","5934","2953361","3107694","3116737","3117288","NA","2836614","3120302","26086","NA","NA","3118755","NA","116646","NA","116649","NA","127550","238523","3114483","238513","NA","NA","3114506","3115176","3120559","3120559","3114483","16795","3112227","3112227","3120912","NA","NA","5935","NA","NA","NA","7993","NA","NA","NA","7994","3112212","2952853","3117243","5935","NA","5935","NA","NA","NA","16795","NA","5935","NA","NA","NA","8005","NA","3115447","3111255","3116092","3116737","3117242","3117998","3118503","3119115","3119912","3110529","Norway Session 6","238","539697","281","0","277","yes","715","","1024","NA","Charlie","","","390","cleaned","390","fi","250","jesaucepan","455","and","250","fi","250","zemug","320","too.","285","",""
"NA","NA","84.7517730496454","84.7517730496454","1914.5851063829787","1914.5851063829787","#242424","xpyriment","legacy","legacy","0","uniform","1","undefined","NA","NA","0","undefined","undefined","1","left_button","undefined","0","0","0","0","0","0","0","0","0","0","0","NA","NA","0","0","1","NA","NA","NA","NA","NA","NA","0","NA","0","277","277","277","277","NA","4","745","8","0","0","1945","0","0","0","0","0","0","0","277","0","NA","NA","277","277","277","277","277","3","277","277","278","0","0","0","NA","1","NA","0","0","3","0","0","277","277","277","0","0","0","0","0","0","0","0","0","NA","NA","0","0","NA","277","94","277","277","277","277","277","277","277","94","undefined","501","482","Thu Oct  3 17:47:30 2024","764","The main experiment item","yes","active","Norway_Session_6.osexp","1","C:\Users\Tromso\Desktop\LESS\Session 6","no","no","mono","no","18","no","white","no","Click to confirm or to begin from default part if nothing selected","NA","yes","","active","verb-object agreement","3","grammatical","101","768","legacy","Mini-English","NA","List 1: grammatical, VOA violation, article location violation","277","277","C:/Users/Tromso/Desktop/LESS/Session 6/subject-9.csv","1.2.3","xpyriment","","NA","singular","Lentiform Loewenfeld","3.3.14","0","1","NA","space","NA","NA","NA","NA","NA","NA","NA","NA","NA","o","c","NA","space","NA","space","1","216","NA","9282","NA","NA","NA","NA","NA","NA","NA","NA","NA","25807","90525","NA","10897","NA","110933","216","NA","8789","NA","space","2","legacy","Olivia dirtied fi ze closet but not fi ze roof.","221","Session 6","NA","Experiment","2024-10-03 17:47","1024","2","48000","-16","Session6","Norway","9","odd","word4","49","NA","no","NA","109138","NA","26086","NA","16799","16795","5935","16795","NA","NA","NA","NA","NA","NA","NA","NA","NA","NA","NA","NA","NA","NA","NA","5934","2953361","3126319","3125303","3125856","NA","2836614","3130384","26086","NA","NA","3127424","NA","116646","NA","116649","NA","127550","238523","3123087","238513","NA","NA","3123109","3123779","3130638","3130638","3123087","16795","3120930","3120930","3130857","NA","NA","5935","NA","NA","NA","7993","NA","NA","NA","7994","3120916","2952853","3125808","5935","NA","5935","NA","NA","NA","16795","NA","5935","NA","NA","NA","8005","NA","3124048","3129961","3124659","3125303","3125808","3126562","3127172","3127790","3128529","3129252","Norway Session 6","239","539913","282","0","278","yes","810","","1024","NA","Olivia","roof.","320","355","dirtied","390","fi","250","ze","210","closet","355","but","250","not","250","fi","250","ze","250"
"NA","NA","84.80565371024736","84.80565371024736","1908.4982332155478","1908.4982332155478","#242424","xpyriment","legacy","legacy","0","uniform","1","undefined","NA","NA","0","undefined","undefined","1","right_button","undefined","0","0","0","0","0","0","0","0","0","0","0","NA","NA","0","0","1","NA","NA","NA","NA","NA","NA","0","NA","0","278","278","278","278","NA","4","749","8","0","0","1952","0","0","0","0","0","0","0","278","0","NA","NA","278","278","278","278","278","3","278","278","279","0","0","0","NA","1","NA","0","0","3","0","0","278","278","278","0","0","0","0","0","0","0","0","0","NA","NA","0","0","NA","278","95","278","278","278","278","278","278","278","95","undefined","501","482","Thu Oct  3 17:47:30 2024","740","The main experiment item","yes","active","Norway_Session_6.osexp","1","C:\Users\Tromso\Desktop\LESS\Session 6","no","no","mono","no","18","no","white","no","Click to confirm or to begin from default part if nothing selected","NA","yes","","active","verb-object agreement","3","VOA violation","102","768","legacy","Mini-English","NA","List 1: grammatical, VOA violation, article location violation","278","278","C:/Users/Tromso/Desktop/LESS/Session 6/subject-9.csv","1.2.3","xpyriment","","NA","singular","Lentiform Loewenfeld","3.3.14","0","3","NA","space","NA","NA","NA","NA","NA","NA","NA","NA","NA","o","c","NA","space","NA","space","3","192","NA","9282","NA","NA","NA","NA","NA","NA","NA","NA","NA","25807","90525","NA","10897","NA","110933","192","NA","8789","NA","space","2","legacy","Emily spoiledevo fi ze mug but not fi je street.","205","Session 6","NA","Experiment","2024-10-03 17:47","1024","2","48000","-16","Session6","Norway","9","odd","word4","47","NA","no","NA","109138","NA","26086","NA","16799","16795","5935","16795","NA","NA","NA","NA","NA","NA","NA","NA","NA","NA","NA","NA","NA","NA","NA","5934","2953361","3136383","3135368","3135921","NA","2836614","3140393","26086","NA","NA","3137383","NA","116646","NA","116649","NA","127550","238523","3133078","238513","NA","NA","3133101","3133771","3140646","3140646","3133078","16795","3130879","3130879","3140841","NA","NA","5935","NA","NA","NA","7993","NA","NA","NA","7994","3130865","2952853","3135874","5935","NA","5935","NA","NA","NA","16795","NA","5935","NA","NA","NA","8005","NA","3134042","3139898","3134618","3135368","3135874","3136626","3137131","3137733","3138459","3139187","Norway Session 6","240","540105","283","0","279","yes","168","","1024","NA","Emily","street.","390","320","spoiledevo","495","fi","250","ze","210","mug","250","but","250","not","250","fi","250","je","250"
"NA","NA","84.85915492957747","84.85915492957747","1902.8028169014085","1902.8028169014085","#242424","xpyriment","legacy","legacy","0","uniform","1","undefined","NA","NA","0","undefined","undefined","1","right_button","undefined","0","0","0","0","0","0","0","0","0","0","0","NA","NA","0","0","1","NA","NA","NA","NA","NA","NA","0","NA","0","279","279","279","279","NA","4","751","8","0","0","1959","0","0","0","0","0","0","0","279","0","NA","NA","279","279","279","279","279","3","279","279","280","0","0","0","NA","1","NA","0","0","3","0","0","279","279","279","0","0","0","0","0","0","0","0","0","NA","NA","0","0","NA","279","95","279","279","279","279","279","279","279","95","undefined","501","482","Thu Oct  3 17:47:30 2024","752","The main experiment item","yes","active","Norway_Session_6.osexp","1","C:\Users\Tromso\Desktop\LESS\Session 6","no","no","mono","no","18","no","white","no","Click to confirm or to begin from default part if nothing selected","NA","yes","neuter","active","gender agreement","1","gender violation","102","768","legacy","Mini-English","NA","List 1: grammatical, gender violation, number violation","279","279","C:/Users/Tromso/Desktop/LESS/Session 6/subject-9.csv","1.2.3","xpyriment","2117","NA","singular","Lentiform Loewenfeld","3.3.14","0","3","NA","space","NA","NA","NA","NA","NA","NA","NA","NA","NA","o","c","NA","space","NA","space","3","291","NA","9282","NA","NA","NA","NA","NA","NA","NA","NA","NA","25807","90525","NA","10897","NA","110933","291","NA","8789","NA","space","2","legacy","Ze strawberry is yelloweju and ze candle too.","238","Session 6","NA","Experiment","2024-10-03 17:47","1024","2","48000","-16","Session6","Norway","9","odd","word4","50","NA","no","NA","109138","NA","26086","NA","16799","16795","5935","16795","NA","NA","NA","NA","NA","NA","NA","NA","NA","NA","NA","NA","NA","NA","NA","5934","2953361","3146464","3145238","3145792","NA","2836614","3148838","26086","NA","NA","3147255","NA","116646","NA","116649","NA","127550","238523","3143021","238513","NA","NA","3143044","3143714","3149091","3149091","3143021","16795","3140861","3140861","3149384","NA","NA","5935","NA","NA","NA","7993","NA","NA","NA","7994","3140847","2952853","3145745","5935","NA","5935","NA","NA","NA","16795","NA","5935","NA","NA","NA","8005","NA","3143983","3139898","3144488","3145238","3145745","3146497","3147002","3147615","3148443","3139187","Norway Session 6","241","540396","284","0","280","yes","","copula_be","1024","NA","Ze","","","250","strawberry","495","is","250","yelloweju","420","and","250","ze","250","candle","355","too.","285","",""
"NA","NA","84.91228070175438","84.91228070175438","1896.6561403508772","1896.6561403508772","#242424","xpyriment","legacy","legacy","0","uniform","1","undefined","NA","NA","0","undefined","undefined","1","left_button","undefined","0","0","0","0","0","0","0","0","0","0","0","NA","NA","0","0","1","NA","NA","NA","NA","NA","NA","0","NA","0","280","280","280","280","NA","4","753","8","0","0","1966","0","0","0","0","0","0","0","280","0","NA","NA","280","280","280","280","280","3","280","280","281","0","0","0","NA","1","NA","0","0","3","0","0","280","280","280","0","0","0","0","0","0","0","0","0","NA","NA","0","0","NA","280","95","280","280","280","280","280","280","280","95","undefined","501","482","Thu Oct  3 17:47:30 2024","749","The main experiment item","yes","active","Norway_Session_6.osexp","1","C:\Users\Tromso\Desktop\LESS\Session 6","no","no","mono","no","18","no","white","no","Click to confirm or to begin from default part if nothing selected","NA","yes","common","active","gender agreement","1","grammatical","101","768","legacy","Mini-English","NA","List 1: grammatical, gender violation, number violation","280","280","C:/Users/Tromso/Desktop/LESS/Session 6/subject-9.csv","1.2.3","xpyriment","1310","NA","plural","Lentiform Loewenfeld","3.3.14","0","1","NA","space","NA","NA","NA","NA","NA","NA","NA","NA","NA","o","c","NA","space","NA","space","1","151","NA","9282","NA","NA","NA","NA","NA","NA","NA","NA","NA","25807","90525","NA","10897","NA","110933","151","NA","8789","NA","space","2","legacy","Jer drum look pinkejur but jer suitcase not.","146","Session 6","NA","Experiment","2024-10-03 17:47","1024","2","48000","-16","Session6","Norway","9","odd","word4","43","NA","no","NA","109138","NA","26086","NA","16799","16795","5935","16795","NA","NA","NA","NA","NA","NA","NA","NA","NA","NA","NA","NA","NA","NA","NA","5934","2953361","3154855","3153630","3154217","NA","2836614","3157346","26086","NA","NA","3155680","NA","116646","NA","116649","NA","127550","238523","3151624","238513","NA","NA","3151647","3152317","3157599","3157599","3151625","16795","3149405","3149405","3157752","NA","NA","5935","NA","NA","NA","7993","NA","NA","NA","7994","3149391","2952853","3154169","5935","NA","5935","NA","NA","NA","16795","NA","5935","NA","NA","NA","8005","NA","3152585","3139898","3153089","3153630","3154169","3154923","3155428","3156040","3156949","3139187","Norway Session 6","242","540547","285","0","281","yes","","copula_look","1024","NA","Jer","","","250","drum","285","look","285","pinkejur","385","but","250","jer","250","suitcase","425","not.","285","",""
"NA","NA","84.96503496503496","84.96503496503496","1890.1503496503497","1890.1503496503497","#242424","xpyriment","legacy","legacy","0","uniform","1","undefined","NA","NA","0","undefined","undefined","1","right_button","undefined","0","0","0","0","0","0","0","0","0","0","0","NA","NA","0","0","1","NA","NA","NA","NA","NA","NA","0","NA","0","281","281","281","281","NA","4","757","8","0","0","1973","0","0","0","0","0","0","0","281","0","NA","NA","281","281","281","281","281","3","281","281","282","0","0","0","NA","1","NA","0","0","3","0","0","281","281","281","0","0","0","0","0","0","0","0","0","NA","NA","0","0","NA","281","96","281","281","281","281","281","281","281","96","undefined","501","482","Thu Oct  3 17:47:30 2024","746","The main experiment item","yes","active","Norway_Session_6.osexp","1","C:\Users\Tromso\Desktop\LESS\Session 6","no","no","mono","no","18","no","white","no","Click to confirm or to begin from default part if nothing selected","NA","yes","","active","verb-object agreement","3","VOA violation","102","768","legacy","Mini-English","NA","List 1: grammatical, VOA violation, article location violation","281","281","C:/Users/Tromso/Desktop/LESS/Session 6/subject-9.csv","1.2.3","xpyriment","","NA","singular","Lentiform Loewenfeld","3.3.14","0","3","NA","space","NA","NA","NA","NA","NA","NA","NA","NA","NA","o","c","NA","space","NA","space","3","36","NA","9282","NA","NA","NA","NA","NA","NA","NA","NA","NA","25807","90525","NA","10897","NA","110933","36","NA","8789","NA","space","2","legacy","Olivia forgotevo fi ze mug but not fi ze table.","195","Session 6","NA","Experiment","2024-10-03 17:47","1024","2","48000","-16","Session6","Norway","9","odd","word4","47","NA","no","NA","109138","NA","26086","NA","16799","16795","5935","16795","NA","NA","NA","NA","NA","NA","NA","NA","NA","NA","NA","NA","NA","NA","NA","5934","2953361","3163279","3162263","3162816","NA","2836614","3167268","26086","NA","NA","3164280","NA","116646","NA","116649","NA","127550","238523","3159974","238513","NA","NA","3159997","3160667","3167522","3167521","3159974","16795","3157773","3157773","3167566","NA","NA","5935","NA","NA","NA","7993","NA","NA","NA","7994","3157759","2952853","3162769","5935","NA","5935","NA","NA","NA","16795","NA","5935","NA","NA","NA","8005","NA","3160936","3166794","3161548","3162263","3162769","3163522","3164027","3164634","3165362","3166080","Norway Session 6","243","540583","286","0","282","yes","68","","1024","NA","Olivia","table.","355","355","forgotevo","460","fi","250","ze","210","mug","250","but","250","not","250","fi","250","ze","250"
"NA","NA","85.01742160278745","85.01742160278745","1884","1884","#242424","xpyriment","legacy","legacy","0","uniform","1","undefined","NA","NA","0","undefined","undefined","1","left_button","undefined","0","0","0","0","0","0","0","0","0","0","0","NA","NA","0","0","1","NA","NA","NA","NA","NA","NA","0","NA","0","282","282","282","282","NA","4","761","8","0","0","1980","0","0","0","0","0","0","0","282","0","NA","NA","282","282","282","282","282","3","282","282","283","0","0","0","NA","1","NA","0","0","3","0","0","282","282","282","0","0","0","0","0","0","0","0","0","NA","NA","0","0","NA","282","97","282","282","282","282","282","282","282","97","undefined","501","482","Thu Oct  3 17:47:30 2024","747","The main experiment item","yes","active","Norway_Session_6.osexp","1","C:\Users\Tromso\Desktop\LESS\Session 6","no","no","mono","no","18","no","white","no","Click to confirm or to begin from default part if nothing selected","NA","yes","","active","differential object marking","2","grammatical","101","768","legacy","Mini-English","NA","List 1: grammatical, DOM violation, article location violation","282","282","C:/Users/Tromso/Desktop/LESS/Session 6/subject-9.csv","1.2.3","xpyriment","","NA","singular","Lentiform Loewenfeld","3.3.14","0","1","NA","space","NA","NA","NA","NA","NA","NA","NA","NA","NA","o","c","NA","space","NA","space","1","125","NA","9282","NA","NA","NA","NA","NA","NA","NA","NA","NA","25807","90525","NA","10897","NA","110933","125","NA","8789","NA","space","2","legacy","Jessica wetted fi je street and fi ze leaf too.","119","Session 6","NA","Experiment","2024-10-03 17:47","1024","2","48000","-16","Session6","Norway","9","odd","word4","40","NA","no","NA","109138","NA","26086","NA","16799","16795","5935","16795","NA","NA","NA","NA","NA","NA","NA","NA","NA","NA","NA","NA","NA","NA","NA","5934","2953361","3173069","3172053","3172606","NA","2836614","3177116","26086","NA","NA","3174174","NA","116646","NA","116649","NA","127550","238523","3169838","238513","NA","NA","3169860","3170530","3177369","3177369","3169838","16795","3167593","3167593","3177496","NA","NA","5935","NA","NA","NA","7993","NA","NA","NA","7994","3167579","2952853","3172559","5935","NA","5935","NA","NA","NA","16795","NA","5935","NA","NA","NA","8005","NA","3170799","3176737","3171443","3172053","3172559","3173312","3173922","3174528","3175252","3175985","Norway Session 6","244","540708","287","0","283","yes","141","","1024","NA","Jessica","too.","285","390","wetted","355","fi","250","je","210","street","355","and","250","fi","250","ze","250","leaf","285"
"NA","NA","85.06944444444444","85.06944444444444","1878.0972222222222","1878.0972222222222","#242424","xpyriment","legacy","legacy","0","uniform","1","undefined","NA","NA","0","undefined","undefined","1","right_button","undefined","0","0","0","0","0","0","0","0","0","0","0","NA","NA","0","0","1","NA","NA","NA","NA","NA","NA","0","NA","0","283","283","283","283","NA","4","765","8","0","0","1987","0","0","0","0","0","0","0","283","0","NA","NA","283","283","283","283","283","3","283","283","284","0","0","0","NA","1","NA","0","0","3","0","0","283","283","283","0","0","0","0","0","0","0","0","0","NA","NA","0","0","NA","283","98","283","283","283","283","283","283","283","98","undefined","495","484","Thu Oct  3 17:47:30 2024","748","The main experiment item","yes","active","Norway_Session_6.osexp","1","C:\Users\Tromso\Desktop\LESS\Session 6","no","no","mono","no","18","no","white","no","Click to confirm or to begin from default part if nothing selected","NA","yes","","active","verb-object agreement","3","VOA violation","102","768","legacy","Mini-English","NA","List 1: grammatical, VOA violation, article location violation","283","283","C:/Users/Tromso/Desktop/LESS/Session 6/subject-9.csv","1.2.3","xpyriment","","NA","plural","Lentiform Loewenfeld","3.3.14","0","3","NA","space","NA","NA","NA","NA","NA","NA","NA","NA","NA","o","c","NA","space","NA","space","3","184","NA","9282","NA","NA","NA","NA","NA","NA","NA","NA","NA","25807","90525","NA","10897","NA","110933","184","NA","8789","NA","space","2","legacy","Jack remembered fi zer mug but not fi zer roof.","194","Session 6","NA","Experiment","2024-10-03 17:47","1024","2","48000","-16","Session6","Norway","9","odd","word4","47","NA","no","NA","109138","NA","26086","NA","16799","16795","5935","16795","NA","NA","NA","NA","NA","NA","NA","NA","NA","NA","NA","NA","NA","NA","NA","5934","2953361","3183009","3181994","3182546","NA","2836614","3186922","26086","NA","NA","3184008","NA","116646","NA","116649","NA","127550","238523","3179740","238513","NA","NA","3179762","3180432","3187174","3187174","3179740","16795","3177518","3177518","3187360","NA","NA","5935","NA","NA","NA","7993","NA","NA","NA","7994","3177504","2952853","3182499","5935","NA","5935","NA","NA","NA","16795","NA","5935","NA","NA","NA","8005","NA","3180702","3186489","3181243","3181994","3182499","3183252","3183756","3184364","3185071","3185767","Norway Session 6","245","540892","288","0","284","yes","58","","1024","NA","Jack","roof.","320","285","remembered","495","fi","250","zer","210","mug","250","but","250","not","250","fi","250","zer","250"
"NA","NA","85.12110726643598","85.12110726643598","1872.235294117647","1872.235294117647","#242424","xpyriment","legacy","legacy","0","uniform","1","undefined","NA","NA","0","undefined","undefined","1","right_button","undefined","0","0","0","0","0","0","0","0","0","0","0","NA","NA","0","0","1","NA","NA","NA","NA","NA","NA","0","NA","0","284","284","284","284","NA","4","767","8","0","0","1994","0","0","0","0","0","0","0","284","0","NA","NA","284","284","284","284","284","3","284","284","285","0","0","0","NA","1","NA","0","0","3","0","0","284","284","284","0","0","0","0","0","0","0","0","0","NA","NA","0","0","NA","284","98","284","284","284","284","284","284","284","98","undefined","498","484","Thu Oct  3 17:47:30 2024","753","The main experiment item","yes","active","Norway_Session_6.osexp","1","C:\Users\Tromso\Desktop\LESS\Session 6","no","no","mono","no","18","no","white","no","Click to confirm or to begin from default part if nothing selected","NA","yes","neuter","active","gender agreement","1","gender violation","102","768","legacy","Mini-English","NA","List 1: grammatical, gender violation, number violation","284","284","C:/Users/Tromso/Desktop/LESS/Session 6/subject-9.csv","1.2.3","xpyriment","238","NA","plural","Lentiform Loewenfeld","3.3.14","0","3","NA","space","NA","NA","NA","NA","NA","NA","NA","NA","NA","o","c","NA","space","NA","space","3","184","NA","9282","NA","NA","NA","NA","NA","NA","NA","NA","NA","25807","90525","NA","10897","NA","110933","184","NA","8789","NA","space","2","legacy","Zer candle look darkejur but zer tie not.","132","Session 6","NA","Experiment","2024-10-03 17:47","1024","2","48000","-16","Session6","Norway","9","odd","word4","41","NA","no","NA","109138","NA","26086","NA","16799","16795","5935","16795","NA","NA","NA","NA","NA","NA","NA","NA","NA","NA","NA","NA","NA","NA","NA","5934","2953361","3192871","3191645","3192232","NA","2836614","3195170","26086","NA","NA","3193697","NA","116646","NA","116649","NA","127550","238523","3189566","238513","NA","NA","3189589","3190259","3195422","3195422","3189567","16795","3187381","3187381","3195608","NA","NA","5935","NA","NA","NA","7993","NA","NA","NA","7994","3187368","2952853","3192186","5935","NA","5935","NA","NA","NA","16795","NA","5935","NA","NA","NA","8005","NA","3190528","3186489","3191034","3191645","3192186","3192939","3193445","3194057","3194777","3185767","Norway Session 6","246","541076","289","0","285","yes","","copula_look","1024","NA","Zer","","","250","candle","355","look","285","darkejur","385","but","250","zer","250","tie","250","not.","285","",""
"NA","NA","85.17241379310344","85.17241379310344","1866.1965517241379","1866.1965517241379","#242424","xpyriment","legacy","legacy","0","uniform","1","undefined","NA","NA","0","undefined","undefined","1","right_button","undefined","0","0","0","0","0","0","0","0","0","0","0","NA","NA","0","0","1","NA","NA","NA","NA","NA","NA","0","NA","0","285","285","285","285","NA","4","769","8","0","0","2001","0","0","0","0","0","0","0","285","0","NA","NA","285","285","285","285","285","3","285","285","286","0","0","0","NA","1","NA","0","0","3","0","0","285","285","285","0","0","0","0","0","0","0","0","0","NA","NA","0","0","NA","285","98","285","285","285","285","285","285","285","98","undefined","498","484","Thu Oct  3 17:47:30 2024","748","The main experiment item","yes","active","Norway_Session_6.osexp","1","C:\Users\Tromso\Desktop\LESS\Session 6","no","no","mono","no","18","no","white","no","Click to confirm or to begin from default part if nothing selected","NA","yes","neuter","active","gender agreement","1","number violation","103","768","legacy","Mini-English","NA","List 1: grammatical, gender violation, number violation","285","285","C:/Users/Tromso/Desktop/LESS/Session 6/subject-9.csv","1.2.3","xpyriment","2118","NA","plural","Lentiform Loewenfeld","3.3.14","0","3","NA","space","NA","NA","NA","NA","NA","NA","NA","NA","NA","o","c","NA","space","NA","space","3","121","NA","9282","NA","NA","NA","NA","NA","NA","NA","NA","NA","25807","90525","NA","10897","NA","110933","121","NA","8789","NA","space","2","legacy","Zer strawberry look purplezu but zer leaf not.","250","Session 6","NA","Experiment","2024-10-03 17:47","1024","2","48000","-16","Session6","Norway","9","odd","word4","51","NA","no","NA","109138","NA","26086","NA","16799","16795","5935","16795","NA","NA","NA","NA","NA","NA","NA","NA","NA","NA","NA","NA","NA","NA","NA","5934","2953361","3201304","3200079","3200666","NA","2836614","3203663","26086","NA","NA","3202130","NA","116646","NA","116649","NA","127550","238523","3197860","238513","NA","NA","3197882","3198552","3203917","3203917","3197861","16795","3195626","3195626","3204041","NA","NA","5935","NA","NA","NA","7993","NA","NA","NA","7994","3195612","2952853","3200620","5935","NA","5935","NA","NA","NA","16795","NA","5935","NA","NA","NA","8005","NA","3198822","3186489","3199328","3200078","3200620","3201372","3201878","3202492","3203268","3185767","Norway Session 6","247","541197","290","0","286","yes","","copula_look","1024","NA","Zer","","","250","strawberry","495","look","285","purplezu","385","but","250","zer","250","leaf","285","not.","285","",""
"NA","NA","85.2233676975945","85.2233676975945","1860.6529209621992","1860.6529209621992","#242424","xpyriment","legacy","legacy","0","uniform","1","undefined","NA","NA","0","undefined","undefined","1","right_button","undefined","0","0","0","0","0","0","0","0","0","0","0","NA","NA","0","0","1","NA","NA","NA","NA","NA","NA","0","NA","0","286","286","286","286","NA","4","771","8","0","0","2008","0","0","0","0","0","0","0","286","0","NA","NA","286","286","286","286","286","3","286","286","287","0","0","0","NA","1","NA","0","0","3","0","0","286","286","286","0","0","0","0","0","0","0","0","0","NA","NA","0","0","NA","286","98","286","286","286","286","286","286","286","98","undefined","498","484","Thu Oct  3 17:47:30 2024","762","The main experiment item","yes","active","Norway_Session_6.osexp","1","C:\Users\Tromso\Desktop\LESS\Session 6","no","no","mono","no","18","no","white","no","Click to confirm or to begin from default part if nothing selected","NA","yes","","active","differential object marking","2","article location violation","103","768","legacy","Mini-English","NA","List 1: grammatical, DOM violation, article location violation","286","286","C:/Users/Tromso/Desktop/LESS/Session 6/subject-9.csv","1.2.3","xpyriment","","NA","singular","Lentiform Loewenfeld","3.3.14","0","3","NA","space","NA","NA","NA","NA","NA","NA","NA","NA","NA","o","c","NA","space","NA","space","3","253","NA","9282","NA","NA","NA","NA","NA","NA","NA","NA","NA","25807","90525","NA","10897","NA","110933","253","NA","8789","NA","space","2","legacy","Jessica cleaned fi jewall and fi zeletter too.","136","Session 6","NA","Experiment","2024-10-03 17:47","1024","2","48000","-16","Session6","Norway","9","odd","word4","42","NA","no","NA","109138","NA","26086","NA","16799","16795","5935","16795","NA","NA","NA","NA","NA","NA","NA","NA","NA","NA","NA","NA","NA","NA","NA","5934","2953361","3209721","3208607","3209154","NA","2836614","3212276","26086","NA","NA","3210617","NA","116646","NA","116649","NA","127550","238523","3206356","238513","NA","NA","3206378","3207048","3212529","3212529","3206356","16795","3204061","3204061","3212784","NA","NA","5935","NA","NA","NA","7993","NA","NA","NA","7994","3204048","2952853","3209113","5935","NA","5935","NA","NA","NA","16795","NA","5935","NA","NA","NA","8005","NA","3207317","3186489","3207963","3208607","3209113","3209859","3210365","3210975","3211881","3185767","Norway Session 6","248","541450","291","0","287","yes","73","","1024","NA","Jessica","","","390","cleaned","390","fi","250","jewall","315","and","250","fi","250","zeletter","425","too.","285","",""
"NA","NA","85.27397260273973","85.27397260273973","1854.5650684931506","1854.5650684931506","#242424","xpyriment","legacy","legacy","0","uniform","1","undefined","NA","NA","0","undefined","undefined","1","left_button","undefined","0","0","0","0","0","0","0","0","0","0","0","NA","NA","0","0","1","NA","NA","NA","NA","NA","NA","0","NA","0","287","287","287","287","NA","4","773","8","0","0","2015","0","0","0","0","0","0","0","287","0","NA","NA","287","287","287","287","287","3","287","287","288","0","0","0","NA","1","NA","0","0","3","0","0","287","287","287","0","0","0","0","0","0","0","0","0","NA","NA","0","0","NA","287","98","287","287","287","287","287","287","287","98","undefined","498","484","Thu Oct  3 17:47:30 2024","752","The main experiment item","yes","active","Norway_Session_6.osexp","1","C:\Users\Tromso\Desktop\LESS\Session 6","no","no","mono","no","18","no","white","no","Click to confirm or to begin from default part if nothing selected","NA","yes","neuter","active","gender agreement","1","grammatical","101","768","legacy","Mini-English","NA","List 1: grammatical, gender violation, number violation","287","287","C:/Users/Tromso/Desktop/LESS/Session 6/subject-9.csv","1.2.3","xpyriment","247","NA","singular","Lentiform Loewenfeld","3.3.14","0","1","NA","space","NA","NA","NA","NA","NA","NA","NA","NA","NA","o","c","NA","space","NA","space","1","83","NA","9282","NA","NA","NA","NA","NA","NA","NA","NA","NA","25807","90525","NA","10897","NA","110933","83","NA","8789","NA","space","2","legacy","Ze mirror is lightezu and ze strawberry too.","121","Session 6","NA","Experiment","2024-10-03 17:47","1024","2","48000","-16","Session6","Norway","9","odd","word4","40","NA","no","NA","109138","NA","26086","NA","16799","16795","5935","16795","NA","NA","NA","NA","NA","NA","NA","NA","NA","NA","NA","NA","NA","NA","NA","5934","2953361","3218252","3217062","3217614","NA","2836614","3220788","26086","NA","NA","3219078","NA","116646","NA","116649","NA","127550","238523","3214982","238513","NA","NA","3215004","3215675","3221043","3221042","3214983","16795","3212805","3212805","3221128","NA","NA","5935","NA","NA","NA","7993","NA","NA","NA","7994","3212791","2952853","3217567","5935","NA","5935","NA","NA","NA","16795","NA","5935","NA","NA","NA","8005","NA","3215945","3186489","3216450","3217062","3217567","3218320","3218826","3219446","3220386","3185767","Norway Session 6","249","541533","292","0","288","yes","","copula_be","1024","NA","Ze","","","250","mirror","355","is","250","lightezu","385","and","250","ze","250","strawberry","495","too.","285","",""
"NA","NA","84.98293515358361","84.98293515358361","1848.8191126279864","1848.8191126279864","#242424","xpyriment","legacy","legacy","0","uniform","0","undefined","NA","NA","0","undefined","undefined","0","right_button","undefined","0","0","0","0","0","0","0","0","0","0","0","NA","NA","0","0","1","NA","NA","NA","NA","NA","NA","0","NA","0","288","288","288","288","NA","4","775","8","0","0","2022","0","0","0","0","0","0","0","288","0","NA","NA","288","288","288","288","288","3","288","288","289","0","0","0","NA","1","NA","0","0","3","0","0","288","288","288","0","0","0","0","0","0","0","0","0","NA","NA","0","0","NA","288","98","288","288","288","288","288","288","288","98","undefined","498","484","Thu Oct  3 17:47:30 2024","743","The main experiment item","yes","active","Norway_Session_6.osexp","1","C:\Users\Tromso\Desktop\LESS\Session 6","no","no","mono","no","18","no","white","no","Click to confirm or to begin from default part if nothing selected","NA","yes","","active","differential object marking","2","DOM violation","102","768","legacy","Mini-English","NA","List 1: grammatical, DOM violation, article location violation","288","288","C:/Users/Tromso/Desktop/LESS/Session 6/subject-9.csv","1.2.3","xpyriment","","NA","singular","Lentiform Loewenfeld","3.3.14","0","1","NA","space","NA","NA","NA","NA","NA","NA","NA","NA","NA","o","c","NA","space","NA","space","1","171","NA","9282","NA","NA","NA","NA","NA","NA","NA","NA","NA","25807","90525","NA","10897","NA","110933","171","NA","8789","NA","space","2","legacy","Emily fixed ze leaf and je street too.","240","Session 6","NA","Experiment","2024-10-03 17:47","1024","2","48000","-16","Session6","Norway","9","odd","word3","50","NA","no","NA","109138","NA","26086","NA","16799","16795","5935","16795","NA","NA","NA","NA","NA","NA","NA","NA","NA","NA","NA","NA","NA","NA","NA","5934","3225949","3218252","3225486","3226193","NA","2836614","3229109","26086","NA","NA","3227489","NA","116646","NA","116649","NA","127550","238523","3223329","238513","NA","NA","3223352","3224022","3229362","3229362","3223329","16795","3221146","3221146","3229535","NA","NA","5935","NA","NA","NA","7993","NA","NA","NA","7994","3221132","3225439","3217567","5935","NA","5935","NA","NA","NA","16795","NA","5935","NA","NA","NA","8005","NA","3224290","3186489","3224864","3225439","3226193","3226733","3227238","3227848","3228710","3185767","Norway Session 6","249","541704","293","0","289","yes","1520","","1024","NA","Emily","","","320","fixed","320","ze","210","leaf","285","and","250","je","250","street","355","too.","285","",""
"NA","NA","85.03401360544218","85.03401360544218","1843.0850340136055","1843.0850340136055","#242424","xpyriment","legacy","legacy","0","uniform","1","undefined","NA","NA","0","undefined","undefined","1","left_button","undefined","0","0","0","0","0","0","0","0","0","0","0","NA","NA","0","0","1","NA","NA","NA","NA","NA","NA","0","NA","0","289","289","289","289","NA","4","779","8","0","0","2029","0","0","0","0","0","0","0","289","0","NA","NA","289","289","289","289","289","3","289","289","290","0","0","0","NA","1","NA","0","0","3","0","0","289","289","289","0","0","0","0","0","0","0","0","0","NA","NA","0","0","NA","289","99","289","289","289","289","289","289","289","99","undefined","498","484","Thu Oct  3 17:47:30 2024","747","The main experiment item","yes","active","Norway_Session_6.osexp","1","C:\Users\Tromso\Desktop\LESS\Session 6","no","no","mono","no","18","no","white","no","Click to confirm or to begin from default part if nothing selected","NA","yes","","active","verb-object agreement","3","grammatical","101","768","legacy","Mini-English","NA","List 1: grammatical, VOA violation, article location violation","289","289","C:/Users/Tromso/Desktop/LESS/Session 6/subject-9.csv","1.2.3","xpyriment","","NA","plural","Lentiform Loewenfeld","3.3.14","0","1","NA","space","NA","NA","NA","NA","NA","NA","NA","NA","NA","o","c","NA","space","NA","space","1","163","NA","9282","NA","NA","NA","NA","NA","NA","NA","NA","NA","25807","90525","NA","10897","NA","110933","163","NA","8789","NA","space","2","legacy","Jack driedevo fi jer street and fi zer closet too.","118","Session 6","NA","Experiment","2024-10-03 17:47","1024","2","48000","-16","Session6","Norway","9","odd","word4","40","NA","no","NA","109138","NA","26086","NA","16799","16795","5935","16795","NA","NA","NA","NA","NA","NA","NA","NA","NA","NA","NA","NA","NA","NA","NA","5934","3225949","3234938","3233923","3234474","NA","2836614","3239090","26086","NA","NA","3236042","NA","116646","NA","116649","NA","127550","238523","3231739","238513","NA","NA","3231761","3232431","3239347","3239346","3231739","16795","3229556","3229557","3239513","NA","NA","5935","NA","NA","NA","7993","NA","NA","NA","7994","3229542","3225439","3234429","5935","NA","5935","NA","NA","NA","16795","NA","5935","NA","NA","NA","8005","NA","3232701","3238690","3233242","3233923","3234429","3235181","3235790","3236416","3237137","3237863","Norway Session 6","250","541867","294","0","290","yes","131","","1024","NA","Jack","too.","285","285","driedevo","425","fi","250","jer","210","street","355","and","250","fi","250","zer","250","closet","355"
"NA","NA","85.08474576271186","85.08474576271186","1837.457627118644","1837.457627118644","#242424","xpyriment","legacy","legacy","0","uniform","1","undefined","NA","NA","0","undefined","undefined","1","right_button","undefined","0","0","0","0","0","0","0","0","0","0","0","NA","NA","0","0","1","NA","NA","NA","NA","NA","NA","0","NA","0","290","290","290","290","NA","4","781","8","0","0","2036","0","0","0","0","0","0","0","290","0","NA","NA","290","290","290","290","290","3","290","290","291","0","0","0","NA","1","NA","0","0","3","0","0","290","290","290","0","0","0","0","0","0","0","0","0","NA","NA","0","0","NA","290","99","290","290","290","290","290","290","290","99","undefined","498","484","Thu Oct  3 17:47:30 2024","729","The main experiment item","yes","active","Norway_Session_6.osexp","1","C:\Users\Tromso\Desktop\LESS\Session 6","no","no","mono","no","18","no","white","no","Click to confirm or to begin from default part if nothing selected","NA","yes","","active","verb-object agreement","3","article location violation","103","768","legacy","Mini-English","NA","List 1: grammatical, VOA violation, article location violation","290","290","C:/Users/Tromso/Desktop/LESS/Session 6/subject-9.csv","1.2.3","xpyriment","","NA","singular","Lentiform Loewenfeld","3.3.14","0","3","NA","space","NA","NA","NA","NA","NA","NA","NA","NA","NA","o","c","NA","space","NA","space","3","183","NA","9282","NA","NA","NA","NA","NA","NA","NA","NA","NA","25807","90525","NA","10897","NA","110933","183","NA","8789","NA","space","2","legacy","Harry dirtied fi jepencil but not fi zecloset.","173","Session 6","NA","Experiment","2024-10-03 17:47","1024","2","48000","-16","Session6","Norway","9","odd","word4","45","NA","no","NA","109138","NA","26086","NA","16799","16795","5935","16795","NA","NA","NA","NA","NA","NA","NA","NA","NA","NA","NA","NA","NA","NA","NA","5934","3225949","3245084","3243892","3244446","NA","2836614","3247585","26086","NA","NA","3245909","NA","116646","NA","116649","NA","127550","238523","3241709","238513","NA","NA","3241731","3242402","3247838","3247838","3241709","16795","3239536","3239536","3248024","NA","NA","5935","NA","NA","NA","7993","NA","NA","NA","7994","3239521","3225439","3244398","5935","NA","5935","NA","NA","NA","16795","NA","5935","NA","NA","NA","8005","NA","3242670","3238690","3243246","3243892","3244398","3245152","3245657","3246274","3247006","3237863","Norway Session 6","251","542050","295","0","291","yes","86","","1024","NA","Harry","","","320","dirtied","390","fi","250","jepencil","385","but","250","not","250","fi","250","zecloset.","460","",""
"NA","NA","85.13513513513513","85.13513513513513","1831.7635135135135","1831.7635135135135","#242424","xpyriment","legacy","legacy","0","uniform","1","undefined","NA","NA","0","undefined","undefined","1","right_button","undefined","0","0","0","0","0","0","0","0","0","0","0","NA","NA","0","0","1","NA","NA","NA","NA","NA","NA","0","NA","0","291","291","291","291","NA","4","783","8","0","0","2043","0","0","0","0","0","0","0","291","0","NA","NA","291","291","291","291","291","3","291","291","292","0","0","0","NA","1","NA","0","0","3","0","0","291","291","291","0","0","0","0","0","0","0","0","0","NA","NA","0","0","NA","291","99","291","291","291","291","291","291","291","99","undefined","495","491","Thu Oct  3 17:47:30 2024","751","The main experiment item","yes","active","Norway_Session_6.osexp","1","C:\Users\Tromso\Desktop\LESS\Session 6","no","no","mono","no","18","no","white","no","Click to confirm or to begin from default part if nothing selected","NA","yes","common","active","gender agreement","1","gender violation","102","768","legacy","Mini-English","NA","List 1: grammatical, gender violation, number violation","291","291","C:/Users/Tromso/Desktop/LESS/Session 6/subject-9.csv","1.2.3","xpyriment","1614","NA","plural","Lentiform Loewenfeld","3.3.14","0","3","NA","space","NA","NA","NA","NA","NA","NA","NA","NA","NA","o","c","NA","space","NA","space","3","152","NA","9282","NA","NA","NA","NA","NA","NA","NA","NA","NA","25807","90525","NA","10897","NA","110933","152","NA","8789","NA","space","2","legacy","Jer suitcase look badezur but jer drum not.","197","Session 6","NA","Experiment","2024-10-03 17:47","1024","2","48000","-16","Session6","Norway","9","odd","word4","47","NA","no","NA","109138","NA","26086","NA","16799","16795","5935","16795","NA","NA","NA","NA","NA","NA","NA","NA","NA","NA","NA","NA","NA","NA","NA","5934","3225949","3253594","3252404","3252992","NA","2836614","3255991","26086","NA","NA","3254454","NA","116646","NA","116649","NA","127550","238523","3250253","238513","NA","NA","3250278","3250949","3256246","3256246","3250253","16795","3248044","3248044","3256400","NA","NA","5935","NA","NA","NA","7993","NA","NA","NA","7994","3248031","3225439","3252945","5935","NA","5935","NA","NA","NA","16795","NA","5935","NA","NA","NA","8005","NA","3251219","3238690","3251723","3252404","3252945","3253697","3254202","3254832","3255588","3237863","Norway Session 6","252","542202","296","0","292","yes","","copula_look","1024","NA","Jer","","","250","suitcase","425","look","285","badezur","350","but","250","jer","250","drum","285","not.","285","",""
"NA","NA","85.18518518518519","85.18518518518519","1825.7340067340067","1825.7340067340067","#242424","xpyriment","legacy","legacy","0","uniform","1","undefined","NA","NA","0","undefined","undefined","1","left_button","undefined","0","0","0","0","0","0","0","0","0","0","0","NA","NA","0","0","1","NA","NA","NA","NA","NA","NA","0","NA","0","292","292","292","292","NA","4","787","8","0","0","2050","0","0","0","0","0","0","0","292","0","NA","NA","292","292","292","292","292","3","292","292","293","0","0","0","NA","1","NA","0","0","3","0","0","292","292","292","0","0","0","0","0","0","0","0","0","NA","NA","0","0","NA","292","100","292","292","292","292","292","292","292","100","undefined","504","501","Thu Oct  3 17:47:30 2024","744","The main experiment item","yes","active","Norway_Session_6.osexp","1","C:\Users\Tromso\Desktop\LESS\Session 6","no","no","mono","no","18","no","white","no","Click to confirm or to begin from default part if nothing selected","NA","yes","","active","verb-object agreement","3","grammatical","101","768","legacy","Mini-English","NA","List 1: grammatical, VOA violation, article location violation","292","292","C:/Users/Tromso/Desktop/LESS/Session 6/subject-9.csv","1.2.3","xpyriment","","NA","singular","Lentiform Loewenfeld","3.3.14","0","1","NA","space","NA","NA","NA","NA","NA","NA","NA","NA","NA","o","c","NA","space","NA","space","1","41","NA","9282","NA","NA","NA","NA","NA","NA","NA","NA","NA","25807","90525","NA","10897","NA","110933","41","NA","8789","NA","space","2","legacy","Oliver ordered fi ze closet but not fi je wall.","223","Session 6","NA","Experiment","2024-10-03 17:47","1024","2","48000","-16","Session6","Norway","9","odd","word4","49","NA","no","NA","109138","NA","26086","NA","16799","16795","5935","16795","NA","NA","NA","NA","NA","NA","NA","NA","NA","NA","NA","NA","NA","NA","NA","5934","3225949","3261877","3260860","3261413","NA","2836614","3265976","26086","NA","NA","3262986","NA","116646","NA","116649","NA","127550","238523","3258639","238513","NA","NA","3258662","3259333","3266229","3266229","3258639","16795","3256418","3256418","3266273","NA","NA","5935","NA","NA","NA","7993","NA","NA","NA","7994","3256404","3225439","3261366","5935","NA","5935","NA","NA","NA","16795","NA","5935","NA","NA","NA","8005","NA","3259605","3265534","3260214","3260860","3261366","3262121","3262732","3263362","3264088","3264808","Norway Session 6","253","542243","297","0","293","yes","1010","","1024","NA","Oliver","wall.","320","355","ordered","390","fi","250","ze","210","closet","355","but","250","not","250","fi","250","je","250"
"NA","NA","85.23489932885906","85.23489932885906","1820.1912751677853","1820.1912751677853","#242424","xpyriment","legacy","legacy","0","uniform","1","undefined","NA","NA","0","undefined","undefined","1","right_button","undefined","0","0","0","0","0","0","0","0","0","0","0","NA","NA","0","0","1","NA","NA","NA","NA","NA","NA","0","NA","0","293","293","293","293","NA","4","789","8","0","0","2057","0","0","0","0","0","0","0","293","0","NA","NA","293","293","293","293","293","3","293","293","294","0","0","0","NA","1","NA","0","0","3","0","0","293","293","293","0","0","0","0","0","0","0","0","0","NA","NA","0","0","NA","293","100","293","293","293","293","293","293","293","100","undefined","503","505","Thu Oct  3 17:47:30 2024","752","The main experiment item","yes","active","Norway_Session_6.osexp","1","C:\Users\Tromso\Desktop\LESS\Session 6","no","no","mono","no","18","no","white","no","Click to confirm or to begin from default part if nothing selected","NA","yes","","active","differential object marking","2","article location violation","103","768","legacy","Mini-English","NA","List 1: grammatical, DOM violation, article location violation","293","293","C:/Users/Tromso/Desktop/LESS/Session 6/subject-9.csv","1.2.3","xpyriment","","NA","singular","Lentiform Loewenfeld","3.3.14","0","3","NA","space","NA","NA","NA","NA","NA","NA","NA","NA","NA","o","c","NA","space","NA","space","3","174","NA","9282","NA","NA","NA","NA","NA","NA","NA","NA","NA","25807","90525","NA","10897","NA","110933","174","NA","8789","NA","space","2","legacy","Jessica provided fi jewall and fi jedrum too.","138","Session 6","NA","Experiment","2024-10-03 17:47","1024","2","48000","-16","Session6","Norway","9","odd","word4","42","NA","no","NA","109138","NA","26086","NA","16799","16795","5935","16795","NA","NA","NA","NA","NA","NA","NA","NA","NA","NA","NA","NA","NA","NA","NA","5934","3225949","3271946","3270824","3271378","NA","2836614","3274435","26086","NA","NA","3272841","NA","116646","NA","116649","NA","127550","238523","3268538","238513","NA","NA","3268561","3269231","3274688","3274688","3268538","16795","3266291","3266292","3274865","NA","NA","5935","NA","NA","NA","7993","NA","NA","NA","7994","3266277","3225439","3271330","5935","NA","5935","NA","NA","NA","16795","NA","5935","NA","NA","NA","8005","NA","3269500","3265534","3270145","3270824","3271330","3272084","3272589","3273200","3274043","3264808","Norway Session 6","254","542417","298","0","294","yes","93","","1024","NA","Jessica","","","390","provided","425","fi","250","jewall","315","and","250","fi","250","jedrum","355","too.","285","",""
"NA","NA","85.28428093645485","85.28428093645485","1814.76254180602","1814.76254180602","#242424","xpyriment","legacy","legacy","0","uniform","1","undefined","NA","NA","0","undefined","undefined","1","left_button","undefined","0","0","0","0","0","0","0","0","0","0","0","NA","NA","0","0","1","NA","NA","NA","NA","NA","NA","0","NA","0","294","294","294","294","NA","4","791","8","0","0","2064","0","0","0","0","0","0","0","294","0","NA","NA","294","294","294","294","294","3","294","294","295","0","0","0","NA","1","NA","0","0","3","0","0","294","294","294","0","0","0","0","0","0","0","0","0","NA","NA","0","0","NA","294","100","294","294","294","294","294","294","294","100","undefined","503","506","Thu Oct  3 17:47:30 2024","749","The main experiment item","yes","active","Norway_Session_6.osexp","1","C:\Users\Tromso\Desktop\LESS\Session 6","no","no","mono","no","18","no","white","no","Click to confirm or to begin from default part if nothing selected","NA","yes","common","active","gender agreement","1","grammatical","101","768","legacy","Mini-English","NA","List 1: grammatical, gender violation, number violation","294","294","C:/Users/Tromso/Desktop/LESS/Session 6/subject-9.csv","1.2.3","xpyriment","1410","NA","plural","Lentiform Loewenfeld","3.3.14","0","1","NA","space","NA","NA","NA","NA","NA","NA","NA","NA","NA","o","c","NA","space","NA","space","1","197","NA","9282","NA","NA","NA","NA","NA","NA","NA","NA","NA","25807","90525","NA","10897","NA","110933","197","NA","8789","NA","space","2","legacy","Jer box look pinkejur but jer saucepan not.","147","Session 6","NA","Experiment","2024-10-03 17:47","1024","2","48000","-16","Session6","Norway","9","odd","word4","43","NA","no","NA","109138","NA","26086","NA","16799","16795","5935","16795","NA","NA","NA","NA","NA","NA","NA","NA","NA","NA","NA","NA","NA","NA","NA","5934","3225949","3280360","3279136","3279722","NA","2836614","3282868","26086","NA","NA","3281187","NA","116646","NA","116649","NA","127550","238523","3277163","238513","NA","NA","3277185","3277856","3283121","3283121","3277163","16795","3274886","3274886","3283321","NA","NA","5935","NA","NA","NA","7993","NA","NA","NA","7994","3274872","3225439","3279676","5935","NA","5935","NA","NA","NA","16795","NA","5935","NA","NA","NA","8005","NA","3278124","3265534","3278629","3279136","3279676","3280428","3280934","3281557","3282465","3264808","Norway Session 6","255","542614","299","0","295","yes","","copula_look","1024","NA","Jer","","","250","box","250","look","285","pinkejur","385","but","250","jer","250","saucepan","425","not.","285","",""
"NA","NA","85.33333333333333","85.33333333333333","1809.2666666666667","1809.2666666666667","#242424","xpyriment","legacy","legacy","0","uniform","1","undefined","NA","NA","0","undefined","undefined","1","right_button","undefined","0","0","0","0","0","0","0","0","0","0","0","NA","NA","0","0","1","NA","NA","NA","NA","NA","NA","0","NA","0","295","295","295","295","NA","4","795","8","0","0","2071","0","0","0","0","0","0","0","295","0","NA","NA","295","295","295","295","295","3","295","295","296","0","0","0","NA","1","NA","0","0","3","0","0","295","295","295","0","0","0","0","0","0","0","0","0","NA","NA","0","0","NA","295","101","295","295","295","295","295","295","295","101","undefined","503","506","Thu Oct  3 17:47:30 2024","756","The main experiment item","yes","active","Norway_Session_6.osexp","1","C:\Users\Tromso\Desktop\LESS\Session 6","no","no","mono","no","18","no","white","no","Click to confirm or to begin from default part if nothing selected","NA","yes","","active","verb-object agreement","3","VOA violation","102","768","legacy","Mini-English","NA","List 1: grammatical, VOA violation, article location violation","295","295","C:/Users/Tromso/Desktop/LESS/Session 6/subject-9.csv","1.2.3","xpyriment","","NA","plural","Lentiform Loewenfeld","3.3.14","0","3","NA","space","NA","NA","NA","NA","NA","NA","NA","NA","NA","o","c","NA","space","NA","space","3","166","NA","9282","NA","NA","NA","NA","NA","NA","NA","NA","NA","25807","90525","NA","10897","NA","110933","166","NA","8789","NA","space","2","legacy","Amelia chose fi zer roof and fi jer key too.","236","Session 6","NA","Experiment","2024-10-03 17:47","1024","2","48000","-16","Session6","Norway","9","odd","word4","50","NA","no","NA","109138","NA","26086","NA","16799","16795","5935","16795","NA","NA","NA","NA","NA","NA","NA","NA","NA","NA","NA","NA","NA","NA","NA","5934","3225949","3288707","3287693","3288244","NA","2836614","3292667","26086","NA","NA","3289743","NA","116646","NA","116649","NA","127550","238523","3285546","238513","NA","NA","3285568","3286238","3292920","3292920","3285546","16795","3283342","3283342","3293088","NA","NA","5935","NA","NA","NA","7993","NA","NA","NA","7994","3283329","3225439","3288198","5935","NA","5935","NA","NA","NA","16795","NA","5935","NA","NA","NA","8005","NA","3286508","3292262","3287118","3287693","3288198","3288949","3289490","3290120","3290842","3291553","Norway Session 6","256","542780","300","0","296","yes","1111","","1024","NA","Amelia","too.","285","355","chose","320","fi","250","zer","210","roof","285","and","250","fi","250","jer","250","key","250"
"NA","NA","85.38205980066445","85.38205980066445","1804.2126245847176","1804.2126245847176","#242424","xpyriment","legacy","legacy","0","uniform","1","undefined","NA","NA","0","undefined","undefined","1","right_button","undefined","0","0","0","0","0","0","0","0","0","0","0","NA","NA","0","0","1","NA","NA","NA","NA","NA","NA","0","NA","0","296","296","296","296","NA","4","797","8","0","0","2078","0","0","0","0","0","0","0","296","0","NA","NA","296","296","296","296","296","3","296","296","297","0","0","0","NA","1","NA","0","0","3","0","0","296","296","296","0","0","0","0","0","0","0","0","0","NA","NA","0","0","NA","296","101","296","296","296","296","296","296","296","101","undefined","503","506","Thu Oct  3 17:47:30 2024","746","The main experiment item","yes","active","Norway_Session_6.osexp","1","C:\Users\Tromso\Desktop\LESS\Session 6","no","no","mono","no","18","no","white","no","Click to confirm or to begin from default part if nothing selected","NA","yes","neuter","active","gender agreement","1","gender violation","102","768","legacy","Mini-English","NA","List 1: grammatical, gender violation, number violation","296","296","C:/Users/Tromso/Desktop/LESS/Session 6/subject-9.csv","1.2.3","xpyriment","2211","NA","singular","Lentiform Loewenfeld","3.3.14","0","3","NA","space","NA","NA","NA","NA","NA","NA","NA","NA","NA","o","c","NA","space","NA","space","3","288","NA","9282","NA","NA","NA","NA","NA","NA","NA","NA","NA","25807","90525","NA","10897","NA","110933","288","NA","8789","NA","space","2","legacy","Ze tie is safeju and ze mirror too.","167","Session 6","NA","Experiment","2024-10-03 17:47","1024","2","48000","-16","Session6","Norway","9","odd","word4","44","NA","no","NA","109138","NA","26086","NA","16799","16795","5935","16795","NA","NA","NA","NA","NA","NA","NA","NA","NA","NA","NA","NA","NA","NA","NA","5934","3225949","3298485","3297368","3297917","NA","2836614","3300968","26086","NA","NA","3299382","NA","116646","NA","116649","NA","127550","238523","3295394","238513","NA","NA","3295417","3296087","3301222","3301222","3295394","16795","3293107","3293107","3301512","NA","NA","5935","NA","NA","NA","7993","NA","NA","NA","7994","3293092","3225439","3297873","5935","NA","5935","NA","NA","NA","16795","NA","5935","NA","NA","NA","8005","NA","3296357","3292262","3296861","3297368","3297873","3298624","3299130","3299743","3300568","3291553","Norway Session 6","257","543068","301","0","297","yes","","copula_be","1024","NA","Ze","","","250","tie","250","is","250","safeju","315","and","250","ze","250","mirror","355","too.","285","",""
"NA","NA","85.43046357615894","85.43046357615894","1799.0927152317881","1799.0927152317881","#242424","xpyriment","legacy","legacy","0","uniform","1","undefined","NA","NA","0","undefined","undefined","1","left_button","undefined","0","0","0","0","0","0","0","0","0","0","0","NA","NA","0","0","1","NA","NA","NA","NA","NA","NA","0","NA","0","297","297","297","297","NA","4","801","8","0","0","2085","0","0","0","0","0","0","0","297","0","NA","NA","297","297","297","297","297","3","297","297","298","0","0","0","NA","1","NA","0","0","3","0","0","297","297","297","0","0","0","0","0","0","0","0","0","NA","NA","0","0","NA","297","102","297","297","297","297","297","297","297","102","undefined","503","506","Thu Oct  3 17:47:30 2024","751","The main experiment item","yes","active","Norway_Session_6.osexp","1","C:\Users\Tromso\Desktop\LESS\Session 6","no","no","mono","no","18","no","white","no","Click to confirm or to begin from default part if nothing selected","NA","yes","","active","verb-object agreement","3","grammatical","101","768","legacy","Mini-English","NA","List 1: grammatical, VOA violation, article location violation","297","297","C:/Users/Tromso/Desktop/LESS/Session 6/subject-9.csv","1.2.3","xpyriment","","NA","plural","Lentiform Loewenfeld","3.3.14","0","1","NA","space","NA","NA","NA","NA","NA","NA","NA","NA","NA","o","c","NA","space","NA","space","1","258","NA","9282","NA","NA","NA","NA","NA","NA","NA","NA","NA","25807","90525","NA","10897","NA","110933","258","NA","8789","NA","space","2","legacy","Harry cleanedevo fi zer letter and fi zer table too.","184","Session 6","NA","Experiment","2024-10-03 17:47","1024","2","48000","-16","Session6","Norway","9","odd","word4","46","NA","no","NA","109138","NA","26086","NA","16799","16795","5935","16795","NA","NA","NA","NA","NA","NA","NA","NA","NA","NA","NA","NA","NA","NA","NA","5934","3225949","3307063","3306048","3306601","NA","2836614","3311175","26086","NA","NA","3308168","NA","116646","NA","116649","NA","127550","238523","3303760","238513","NA","NA","3303782","3304452","3311428","3311428","3303760","16795","3301530","3301530","3311688","NA","NA","5935","NA","NA","NA","7993","NA","NA","NA","7994","3301517","3225439","3306554","5935","NA","5935","NA","NA","NA","16795","NA","5935","NA","NA","NA","8005","NA","3304722","3310779","3305297","3306048","3306554","3307306","3307916","3308528","3309261","3309983","Norway Session 6","258","543326","302","0","298","yes","77","","1024","NA","Harry","too.","285","320","cleanedevo","495","fi","250","zer","210","letter","355","and","250","fi","250","zer","250","table","320"
"NA","NA","85.47854785478548","85.47854785478548","1793.6798679867986","1793.6798679867986","#242424","xpyriment","legacy","legacy","0","uniform","1","undefined","NA","NA","0","undefined","undefined","1","left_button","undefined","0","0","0","0","0","0","0","0","0","0","0","NA","NA","0","0","1","NA","NA","NA","NA","NA","NA","0","NA","0","298","298","298","298","NA","4","803","8","0","0","2092","0","0","0","0","0","0","0","298","0","NA","NA","298","298","298","298","298","3","298","298","299","0","0","0","NA","1","NA","0","0","3","0","0","298","298","298","0","0","0","0","0","0","0","0","0","NA","NA","0","0","NA","298","102","298","298","298","298","298","298","298","102","undefined","483","511","Thu Oct  3 17:47:30 2024","768","The main experiment item","yes","active","Norway_Session_6.osexp","1","C:\Users\Tromso\Desktop\LESS\Session 6","no","no","mono","no","18","no","white","no","Click to confirm or to begin from default part if nothing selected","NA","yes","common","active","gender agreement","1","grammatical","101","768","legacy","Mini-English","NA","List 1: grammatical, gender violation, number violation","298","298","C:/Users/Tromso/Desktop/LESS/Session 6/subject-9.csv","1.2.3","xpyriment","157","NA","singular","Lentiform Loewenfeld","3.3.14","0","1","NA","space","NA","NA","NA","NA","NA","NA","NA","NA","NA","o","c","NA","space","NA","space","1","159","NA","9282","NA","NA","NA","NA","NA","NA","NA","NA","NA","25807","90525","NA","10897","NA","110933","159","NA","8789","NA","space","2","legacy","Je saucepan is lighteju and je suitcase too.","112","Session 6","NA","Experiment","2024-10-03 17:47","1024","2","48000","-16","Session6","Norway","9","odd","word4","40","NA","no","NA","109138","NA","26086","NA","16799","16795","5935","16795","NA","NA","NA","NA","NA","NA","NA","NA","NA","NA","NA","NA","NA","NA","NA","5934","3225949","3317228","3316039","3316591","NA","2836614","3319706","26086","NA","NA","3318054","NA","116646","NA","116649","NA","127550","238523","3313890","238513","NA","NA","3313913","3314583","3319959","3319959","3313890","16795","3311706","3311706","3320120","NA","NA","5935","NA","NA","NA","7993","NA","NA","NA","7994","3311693","3225439","3316545","5935","NA","5935","NA","NA","NA","16795","NA","5935","NA","NA","NA","8005","NA","3314853","3310779","3315358","3316039","3316545","3317296","3317801","3318415","3319305","3309983","Norway Session 6","259","543485","303","0","299","yes","","copula_be","1024","NA","Je","","","250","saucepan","425","is","250","lighteju","385","and","250","je","250","suitcase","425","too.","285","",""
"NA","NA","85.52631578947368","85.52631578947368","1788.9111842105262","1788.9111842105262","#242424","xpyriment","legacy","legacy","0","uniform","1","undefined","NA","NA","0","undefined","undefined","1","right_button","undefined","0","0","0","0","0","0","0","0","0","0","0","NA","NA","0","0","1","NA","NA","NA","NA","NA","NA","0","NA","0","299","299","299","299","NA","4","805","8","0","0","2099","0","0","0","0","0","0","0","299","0","NA","NA","299","299","299","299","299","3","299","299","300","0","0","0","NA","1","NA","0","0","3","0","0","299","299","299","0","0","0","0","0","0","0","0","0","NA","NA","0","0","NA","299","102","299","299","299","299","299","299","299","102","undefined","483","511","Thu Oct  3 17:47:30 2024","744","The main experiment item","yes","active","Norway_Session_6.osexp","1","C:\Users\Tromso\Desktop\LESS\Session 6","no","no","mono","no","18","no","white","no","Click to confirm or to begin from default part if nothing selected","NA","yes","neuter","active","gender agreement","1","number violation","103","768","legacy","Mini-English","NA","List 1: grammatical, gender violation, number violation","299","299","C:/Users/Tromso/Desktop/LESS/Session 6/subject-9.csv","1.2.3","xpyriment","2112","NA","plural","Lentiform Loewenfeld","3.3.14","0","3","NA","space","NA","NA","NA","NA","NA","NA","NA","NA","NA","o","c","NA","space","NA","space","3","344","NA","9282","NA","NA","NA","NA","NA","NA","NA","NA","NA","25807","90525","NA","10897","NA","110933","344","NA","8789","NA","space","2","legacy","Zer strawberry look dangerousezu but zer candle not.","178","Session 6","NA","Experiment","2024-10-03 17:47","1024","2","48000","-16","Session6","Norway","9","odd","word4","45","NA","no","NA","109138","NA","26086","NA","16799","16795","5935","16795","NA","NA","NA","NA","NA","NA","NA","NA","NA","NA","NA","NA","NA","NA","NA","5934","3225949","3317228","3324651","3325236","NA","2836614","3328345","26086","NA","NA","3326774","NA","116646","NA","116649","NA","127550","238523","3322434","238513","NA","NA","3322456","3323126","3328598","3328598","3322434","16795","3320144","3320144","3328944","NA","NA","5935","NA","NA","NA","7993","NA","NA","NA","7994","3320126","3225439","3325192","5935","NA","5935","NA","NA","NA","16795","NA","5935","NA","NA","NA","8005","NA","3323395","3310779","3323900","3324651","3325191","3326016","3326522","3327132","3327956","3309983","Norway Session 6","260","543829","304","0","300","yes","","copula_look","1024","NA","Zer","","","250","strawberry","495","look","285","dangerousezu","525","but","250","zer","250","candle","355","not.","285","",""
"NA","NA","85.57377049180327","85.57377049180327","1783.27868852459","1783.27868852459","#242424","xpyriment","legacy","legacy","0","uniform","1","undefined","NA","NA","0","undefined","undefined","1","left_button","undefined","0","0","0","0","0","0","0","0","0","0","0","NA","NA","0","0","1","NA","NA","NA","NA","NA","NA","0","NA","0","300","300","300","300","NA","5","807","8","0","0","2106","0","0","0","0","0","0","0","300","0","NA","NA","300","300","300","300","300","3","300","300","301","0","0","0","NA","1","NA","0","0","3","0","0","300","300","300","0","0","0","0","0","0","0","0","0","NA","NA","0","0","NA","300","102","300","300","300","300","300","300","300","102","undefined","639","378","Thu Oct  3 17:47:30 2024","744","The main experiment item","yes","active","Norway_Session_6.osexp","1","C:\Users\Tromso\Desktop\LESS\Session 6","no","no","mono","no","18","no","white","no","Click to confirm or to begin from default part if nothing selected","NA","yes","common","active","gender agreement","1","grammatical","101","768","legacy","Mini-English","NA","List 1: grammatical, gender violation, number violation","300","300","C:/Users/Tromso/Desktop/LESS/Session 6/subject-9.csv","1.2.3","xpyriment","147","NA","singular","Lentiform Loewenfeld","3.3.14","0","1","NA","space","NA","NA","NA","NA","NA","NA","NA","NA","NA","space","c","NA","space","NA","space","1","71","NA","9282","NA","NA","NA","NA","NA","NA","NA","NA","NA","25457","90525","NA","10897","NA","110933","71","NA","8789","NA","space","2","legacy","Je box is lighteju and je saucepan too.","111","Session 6","NA","Experiment","2024-10-03 17:47","1024","2","48000","-16","Session6","Norway","9","odd","word4","40","NA","no","NA","109138","NA","26086","NA","16799","16795","5935","16795","NA","NA","NA","NA","NA","NA","NA","NA","NA","NA","NA","NA","NA","NA","NA","5934","3225949","3359948","3358760","3359311","NA","3329149","3362434","26086","NA","NA","3360775","NA","116646","NA","116649","NA","127550","238523","3356786","238513","NA","NA","3356808","3357478","3362687","3362687","3356786","16795","3354611","3354611","3362761","NA","NA","5935","NA","NA","NA","7993","NA","NA","NA","7994","3328951","3225439","3359265","5935","NA","5935","NA","NA","NA","16795","NA","5935","NA","NA","NA","8005","NA","3357748","3310779","3358254","3358760","3359265","3360016","3360522","3361144","3362039","3309983","Norway Session 6","261","543900","305","0","301","yes","","copula_be","1024","NA","Je","","","250","box","250","is","250","lighteju","385","and","250","je","250","saucepan","425","too.","285","",""
"NA","NA","85.62091503267973","85.62091503267973","1777.702614379085","1777.702614379085","#242424","xpyriment","legacy","legacy","0","uniform","1","undefined","NA","NA","0","undefined","undefined","1","right_button","undefined","0","0","0","0","0","0","0","0","0","0","0","NA","NA","0","0","1","NA","NA","NA","NA","NA","NA","0","NA","0","301","301","301","301","NA","5","809","8","0","0","2113","0","0","0","0","0","0","0","301","0","NA","NA","301","301","301","301","301","3","301","301","302","0","0","0","NA","1","NA","0","0","3","0","0","301","301","301","0","0","0","0","0","0","0","0","0","NA","NA","0","0","NA","301","102","301","301","301","301","301","301","301","102","undefined","639","378","Thu Oct  3 17:47:30 2024","747","The main experiment item","yes","active","Norway_Session_6.osexp","1","C:\Users\Tromso\Desktop\LESS\Session 6","no","no","mono","no","18","no","white","no","Click to confirm or to begin from default part if nothing selected","NA","yes","common","active","gender agreement","1","gender violation","102","768","legacy","Mini-English","NA","List 1: grammatical, gender violation, number violation","301","301","C:/Users/Tromso/Desktop/LESS/Session 6/subject-9.csv","1.2.3","xpyriment","1811","NA","singular","Lentiform Loewenfeld","3.3.14","0","3","NA","space","NA","NA","NA","NA","NA","NA","NA","NA","NA","space","c","NA","space","NA","space","3","77","NA","9282","NA","NA","NA","NA","NA","NA","NA","NA","NA","25457","90525","NA","10897","NA","110933","77","NA","8789","NA","space","2","legacy","Je dress is safezu and je saucepan too.","163","Session 6","NA","Experiment","2024-10-03 17:47","1024","2","48000","-16","Session6","Norway","9","odd","word4","44","NA","no","NA","109138","NA","26086","NA","16799","16795","5935","16795","NA","NA","NA","NA","NA","NA","NA","NA","NA","NA","NA","NA","NA","NA","NA","5934","3225949","3368199","3367080","3367632","NA","3329149","3370747","26086","NA","NA","3369095","NA","116646","NA","116649","NA","127550","238523","3365037","238513","NA","NA","3365059","3365729","3371001","3371001","3365037","16795","3362780","3362780","3371080","NA","NA","5935","NA","NA","NA","7993","NA","NA","NA","7994","3362766","3225439","3367586","5935","NA","5935","NA","NA","NA","16795","NA","5935","NA","NA","NA","8005","NA","3365998","3310779","3366504","3367080","3367586","3368336","3368843","3369455","3370342","3309983","Norway Session 6","262","543977","306","0","302","yes","","copula_be","1024","NA","Je","","","250","dress","320","is","250","safezu","315","and","250","je","250","saucepan","425","too.","285","",""
"NA","NA","85.66775244299674","85.66775244299674","1772.9674267100977","1772.9674267100977","#242424","xpyriment","legacy","legacy","0","uniform","1","undefined","NA","NA","0","undefined","undefined","1","right_button","undefined","0","0","0","0","0","0","0","0","0","0","0","NA","NA","0","0","1","NA","NA","NA","NA","NA","NA","0","NA","0","302","302","302","302","NA","5","811","8","0","0","2120","0","0","0","0","0","0","0","302","0","NA","NA","302","302","302","302","302","3","302","302","303","0","0","0","NA","1","NA","0","0","3","0","0","302","302","302","0","0","0","0","0","0","0","0","0","NA","NA","0","0","NA","302","102","302","302","302","302","302","302","302","102","undefined","639","378","Thu Oct  3 17:47:30 2024","732","The main experiment item","yes","active","Norway_Session_6.osexp","1","C:\Users\Tromso\Desktop\LESS\Session 6","no","no","mono","no","18","no","white","no","Click to confirm or to begin from default part if nothing selected","NA","yes","","active","differential object marking","2","article location violation","103","768","legacy","Mini-English","NA","List 1: grammatical, DOM violation, article location violation","302","302","C:/Users/Tromso/Desktop/LESS/Session 6/subject-9.csv","1.2.3","xpyriment","","NA","singular","Lentiform Loewenfeld","3.3.14","0","3","NA","space","NA","NA","NA","NA","NA","NA","NA","NA","NA","space","c","NA","space","NA","space","3","324","NA","9282","NA","NA","NA","NA","NA","NA","NA","NA","NA","25457","90525","NA","10897","NA","110933","324","NA","8789","NA","space","2","legacy","Emily dried fi zetable but not fi zetray.","178","Session 6","NA","Experiment","2024-10-03 17:47","1024","2","48000","-16","Session6","Norway","9","odd","word4","45","NA","no","NA","109138","NA","26086","NA","16799","16795","5935","16795","NA","NA","NA","NA","NA","NA","NA","NA","NA","NA","NA","NA","NA","NA","NA","5934","3225949","3376651","3375493","3376047","NA","3329149","3379108","26086","NA","NA","3377512","NA","116646","NA","116649","NA","127550","238523","3373375","238513","NA","NA","3373399","3374070","3379362","3379362","3373376","16795","3371102","3371102","3379689","NA","NA","5935","NA","NA","NA","7993","NA","NA","NA","7994","3371088","3225439","3375999","5935","NA","5935","NA","NA","NA","16795","NA","5935","NA","NA","NA","8005","NA","3374341","3310779","3374916","3375493","3375999","3376754","3377260","3377868","3378603","3309983","Norway Session 6","263","544301","307","0","303","yes","139","","1024","NA","Emily","","","320","dried","320","fi","250","zetable","350","but","250","not","250","fi","250","zetray.","390","",""
"NA","NA","85.71428571428571","85.71428571428571","1767.6298701298701","1767.6298701298701","#242424","xpyriment","legacy","legacy","0","uniform","1","undefined","NA","NA","0","undefined","undefined","1","left_button","undefined","0","0","0","0","0","0","0","0","0","0","0","NA","NA","0","0","1","NA","NA","NA","NA","NA","NA","0","NA","0","303","303","303","303","NA","5","813","8","0","0","2127","0","0","0","0","0","0","0","303","0","NA","NA","303","303","303","303","303","3","303","303","304","0","0","0","NA","1","NA","0","0","3","0","0","303","303","303","0","0","0","0","0","0","0","0","0","NA","NA","0","0","NA","303","102","303","303","303","303","303","303","303","102","undefined","639","378","Thu Oct  3 17:47:30 2024","750","The main experiment item","yes","active","Norway_Session_6.osexp","1","C:\Users\Tromso\Desktop\LESS\Session 6","no","no","mono","no","18","no","white","no","Click to confirm or to begin from default part if nothing selected","NA","yes","neuter","active","gender agreement","1","grammatical","101","768","legacy","Mini-English","NA","List 1: grammatical, gender violation, number violation","303","303","C:/Users/Tromso/Desktop/LESS/Session 6/subject-9.csv","1.2.3","xpyriment","2413","NA","singular","Lentiform Loewenfeld","3.3.14","0","1","NA","space","NA","NA","NA","NA","NA","NA","NA","NA","NA","space","c","NA","space","NA","space","1","129","NA","9282","NA","NA","NA","NA","NA","NA","NA","NA","NA","25457","90525","NA","10897","NA","110933","129","NA","8789","NA","space","2","legacy","Ze mirror is goodezu and ze candle too.","193","Session 6","NA","Experiment","2024-10-03 17:47","1024","2","48000","-16","Session6","Norway","9","odd","word4","46","NA","no","NA","109138","NA","26086","NA","16799","16795","5935","16795","NA","NA","NA","NA","NA","NA","NA","NA","NA","NA","NA","NA","NA","NA","NA","5934","3225949","3385186","3384034","3384584","NA","3329149","3387656","26086","NA","NA","3386045","NA","116646","NA","116649","NA","127550","238523","3381958","238513","NA","NA","3381980","3382650","3387909","3387909","3381958","16795","3379710","3379710","3388040","NA","NA","5935","NA","NA","NA","7993","NA","NA","NA","7994","3379696","3225439","3384538","5935","NA","5935","NA","NA","NA","16795","NA","5935","NA","NA","NA","8005","NA","3382919","3310779","3383423","3384034","3384538","3385288","3385793","3386437","3387263","3309983","Norway Session 6","264","544430","308","0","304","yes","","copula_be","1024","NA","Ze","","","250","mirror","355","is","250","goodezu","350","and","250","ze","250","candle","355","too.","285","",""
"NA","NA","85.76051779935275","85.76051779935275","1762.5113268608413","1762.5113268608413","#242424","xpyriment","legacy","legacy","0","uniform","1","undefined","NA","NA","0","undefined","undefined","1","left_button","undefined","0","0","0","0","0","0","0","0","0","0","0","NA","NA","0","0","1","NA","NA","NA","NA","NA","NA","0","NA","0","304","304","304","304","NA","5","815","8","0","0","2134","0","0","0","0","0","0","0","304","0","NA","NA","304","304","304","304","304","3","304","304","305","0","0","0","NA","1","NA","0","0","3","0","0","304","304","304","0","0","0","0","0","0","0","0","0","NA","NA","0","0","NA","304","102","304","304","304","304","304","304","304","102","undefined","639","378","Thu Oct  3 17:47:30 2024","733","The main experiment item","yes","active","Norway_Session_6.osexp","1","C:\Users\Tromso\Desktop\LESS\Session 6","no","no","mono","no","18","no","white","no","Click to confirm or to begin from default part if nothing selected","NA","yes","common","active","gender agreement","1","grammatical","101","768","legacy","Mini-English","NA","List 1: grammatical, gender violation, number violation","304","304","C:/Users/Tromso/Desktop/LESS/Session 6/subject-9.csv","1.2.3","xpyriment","1513","NA","singular","Lentiform Loewenfeld","3.3.14","0","1","NA","space","NA","NA","NA","NA","NA","NA","NA","NA","NA","space","c","NA","space","NA","space","1","186","NA","9282","NA","NA","NA","NA","NA","NA","NA","NA","NA","25457","90525","NA","10897","NA","110933","186","NA","8789","NA","space","2","legacy","Je saucepan is goodeju and je box too.","184","Session 6","NA","Experiment","2024-10-03 17:47","1024","2","48000","-16","Session6","Norway","9","odd","word4","46","NA","no","NA","109138","NA","26086","NA","16799","16795","5935","16795","NA","NA","NA","NA","NA","NA","NA","NA","NA","NA","NA","NA","NA","NA","NA","5934","3225949","3393596","3392441","3392994","NA","3329149","3395935","26086","NA","NA","3394458","NA","116646","NA","116649","NA","127550","238523","3390290","238513","NA","NA","3390315","3390985","3396188","3396188","3390291","16795","3388060","3388060","3396376","NA","NA","5935","NA","NA","NA","7993","NA","NA","NA","7994","3388045","3225439","3392946","5935","NA","5935","NA","NA","NA","16795","NA","5935","NA","NA","NA","8005","NA","3391255","3310779","3391761","3392441","3392946","3393699","3394204","3394816","3395541","3309983","Norway Session 6","265","544616","309","0","305","yes","","copula_be","1024","NA","Je","","","250","saucepan","425","is","250","goodeju","350","and","250","je","250","box","250","too.","285","",""
"NA","NA","85.80645161290323","85.80645161290323","1757.5193548387097","1757.5193548387097","#242424","xpyriment","legacy","legacy","0","uniform","1","undefined","NA","NA","0","undefined","undefined","1","right_button","undefined","0","0","0","0","0","0","0","0","0","0","0","NA","NA","0","0","1","NA","NA","NA","NA","NA","NA","0","NA","0","305","305","305","305","NA","5","817","8","0","0","2141","0","0","0","0","0","0","0","305","0","NA","NA","305","305","305","305","305","3","305","305","306","0","0","0","NA","1","NA","0","0","3","0","0","305","305","305","0","0","0","0","0","0","0","0","0","NA","NA","0","0","NA","305","102","305","305","305","305","305","305","305","102","undefined","639","378","Thu Oct  3 17:47:30 2024","762","The main experiment item","yes","active","Norway_Session_6.osexp","1","C:\Users\Tromso\Desktop\LESS\Session 6","no","no","mono","no","18","no","white","no","Click to confirm or to begin from default part if nothing selected","NA","yes","","active","verb-object agreement","3","article location violation","103","768","legacy","Mini-English","NA","List 1: grammatical, VOA violation, article location violation","305","305","C:/Users/Tromso/Desktop/LESS/Session 6/subject-9.csv","1.2.3","xpyriment","","NA","plural","Lentiform Loewenfeld","3.3.14","0","3","NA","space","NA","NA","NA","NA","NA","NA","NA","NA","NA","space","c","NA","space","NA","space","3","215","NA","9282","NA","NA","NA","NA","NA","NA","NA","NA","NA","25457","90525","NA","10897","NA","110933","215","NA","8789","NA","space","2","legacy","Jessica providedevo fi jerwall and fi zerletter too.","138","Session 6","NA","Experiment","2024-10-03 17:47","1024","2","48000","-16","Session6","Norway","9","odd","word4","42","NA","no","NA","109138","NA","26086","NA","16799","16795","5935","16795","NA","NA","NA","NA","NA","NA","NA","NA","NA","NA","NA","NA","NA","NA","NA","5934","3225949","3402212","3401057","3401608","NA","3329149","3404761","26086","NA","NA","3403073","NA","116646","NA","116649","NA","127550","238523","3398665","238513","NA","NA","3398687","3399357","3405015","3405014","3398665","16795","3396396","3396396","3405232","NA","NA","5935","NA","NA","NA","7993","NA","NA","NA","7994","3396383","3225439","3401563","5935","NA","5935","NA","NA","NA","16795","NA","5935","NA","NA","NA","8005","NA","3399626","3310779","3400271","3401057","3401562","3402315","3402821","3403434","3404360","3309983","Norway Session 6","266","544831","310","0","306","yes","93","","1024","NA","Jessica","","","390","providedevo","530","fi","250","jerwall","350","and","250","fi","250","zerletter","460","too.","285","",""
"NA","NA","85.85209003215434","85.85209003215434","1752.5659163987139","1752.5659163987139","#242424","xpyriment","legacy","legacy","0","uniform","1","undefined","NA","NA","0","undefined","undefined","1","left_button","undefined","0","0","0","0","0","0","0","0","0","0","0","NA","NA","0","0","1","NA","NA","NA","NA","NA","NA","0","NA","0","306","306","306","306","NA","5","821","8","0","0","2148","0","0","0","0","0","0","0","306","0","NA","NA","306","306","306","306","306","3","306","306","307","0","0","0","NA","1","NA","0","0","3","0","0","306","306","306","0","0","0","0","0","0","0","0","0","NA","NA","0","0","NA","306","103","306","306","306","306","306","306","306","103","undefined","639","378","Thu Oct  3 17:47:30 2024","738","The main experiment item","yes","active","Norway_Session_6.osexp","1","C:\Users\Tromso\Desktop\LESS\Session 6","no","no","mono","no","18","no","white","no","Click to confirm or to begin from default part if nothing selected","NA","yes","","active","differential object marking","2","grammatical","101","768","legacy","Mini-English","NA","List 1: grammatical, DOM violation, article location violation","306","306","C:/Users/Tromso/Desktop/LESS/Session 6/subject-9.csv","1.2.3","xpyriment","","NA","singular","Lentiform Loewenfeld","3.3.14","0","1","NA","space","NA","NA","NA","NA","NA","NA","NA","NA","NA","space","c","NA","space","NA","space","1","217","NA","9282","NA","NA","NA","NA","NA","NA","NA","NA","NA","25457","90525","NA","10897","NA","110933","217","NA","8789","NA","space","2","legacy","Ava remembered fi je street and fi je key too.","110","Session 6","NA","Experiment","2024-10-03 17:47","1024","2","48000","-16","Session6","Norway","9","odd","word4","40","NA","no","NA","109138","NA","26086","NA","16799","16795","5935","16795","NA","NA","NA","NA","NA","NA","NA","NA","NA","NA","NA","NA","NA","NA","NA","5934","3225949","3410761","3409745","3410298","NA","3329149","3414784","26086","NA","NA","3411868","NA","116646","NA","116649","NA","127550","238523","3407526","238513","NA","NA","3407548","3408219","3415037","3415037","3407526","16795","3405253","3405253","3415256","NA","NA","5935","NA","NA","NA","7993","NA","NA","NA","7994","3405239","3225439","3410251","5935","NA","5935","NA","NA","NA","16795","NA","5935","NA","NA","NA","8005","NA","3408489","3414371","3408994","3409745","3410251","3411004","3411615","3412226","3412941","3413671","Norway Session 6","267","545048","311","0","307","yes","51","","1024","NA","Ava","too.","285","250","remembered","495","fi","250","je","210","street","355","and","250","fi","250","je","250","key","250"
"NA","NA","85.8974358974359","85.8974358974359","1747.378205128205","1747.378205128205","#242424","xpyriment","legacy","legacy","0","uniform","1","undefined","NA","NA","0","undefined","undefined","1","right_button","undefined","0","0","0","0","0","0","0","0","0","0","0","NA","NA","0","0","1","NA","NA","NA","NA","NA","NA","0","NA","0","307","307","307","307","NA","5","825","8","0","0","2155","0","0","0","0","0","0","0","307","0","NA","NA","307","307","307","307","307","3","307","307","308","0","0","0","NA","1","NA","0","0","3","0","0","307","307","307","0","0","0","0","0","0","0","0","0","NA","NA","0","0","NA","307","104","307","307","307","307","307","307","307","104","undefined","638","378","Thu Oct  3 17:47:30 2024","736","The main experiment item","yes","active","Norway_Session_6.osexp","1","C:\Users\Tromso\Desktop\LESS\Session 6","no","no","mono","no","18","no","white","no","Click to confirm or to begin from default part if nothing selected","NA","yes","","active","verb-object agreement","3","VOA violation","102","768","legacy","Mini-English","NA","List 1: grammatical, VOA violation, article location violation","307","307","C:/Users/Tromso/Desktop/LESS/Session 6/subject-9.csv","1.2.3","xpyriment","","NA","singular","Lentiform Loewenfeld","3.3.14","0","3","NA","space","NA","NA","NA","NA","NA","NA","NA","NA","NA","space","c","NA","space","NA","space","3","134","NA","9282","NA","NA","NA","NA","NA","NA","NA","NA","NA","25457","90525","NA","10897","NA","110933","134","NA","8789","NA","space","2","legacy","Oliver spoiledevo fi ze roof and fi ze mug too.","241","Session 6","NA","Experiment","2024-10-03 17:47","1024","2","48000","-16","Session6","Norway","9","odd","word4","50","NA","no","NA","109138","NA","26086","NA","16799","16795","5935","16795","NA","NA","NA","NA","NA","NA","NA","NA","NA","NA","NA","NA","NA","NA","NA","5934","3225949","3420860","3419845","3420397","NA","3329149","3424780","26086","NA","NA","3421896","NA","116646","NA","116649","NA","127550","238523","3417520","238513","NA","NA","3417542","3418213","3425032","3425032","3417520","16795","3415277","3415277","3425170","NA","NA","5935","NA","NA","NA","7993","NA","NA","NA","7994","3415263","3225439","3420352","5935","NA","5935","NA","NA","NA","16795","NA","5935","NA","NA","NA","8005","NA","3418483","3424390","3419093","3419845","3420351","3421102","3421644","3422262","3422974","3423693","Norway Session 6","268","545182","312","0","308","yes","1611","","1024","NA","Oliver","too.","285","355","spoiledevo","495","fi","250","ze","210","roof","285","and","250","fi","250","ze","250","mug","250"
"NA","NA","85.94249201277955","85.94249201277955","1742.9424920127794","1742.9424920127794","#242424","xpyriment","legacy","legacy","0","uniform","1","undefined","NA","NA","0","undefined","undefined","1","right_button","undefined","0","0","0","0","0","0","0","0","0","0","0","NA","NA","0","0","1","NA","NA","NA","NA","NA","NA","0","NA","0","308","308","308","308","NA","5","827","8","0","0","2162","0","0","0","0","0","0","0","308","0","NA","NA","308","308","308","308","308","3","308","308","309","0","0","0","NA","1","NA","0","0","3","0","0","308","308","308","0","0","0","0","0","0","0","0","0","NA","NA","0","0","NA","308","104","308","308","308","308","308","308","308","104","undefined","637","379","Thu Oct  3 17:47:30 2024","765","The main experiment item","yes","active","Norway_Session_6.osexp","1","C:\Users\Tromso\Desktop\LESS\Session 6","no","no","mono","no","18","no","white","no","Click to confirm or to begin from default part if nothing selected","NA","yes","","active","differential object marking","2","article location violation","103","768","legacy","Mini-English","NA","List 1: grammatical, DOM violation, article location violation","308","308","C:/Users/Tromso/Desktop/LESS/Session 6/subject-9.csv","1.2.3","xpyriment","","NA","singular","Lentiform Loewenfeld","3.3.14","0","3","NA","space","NA","NA","NA","NA","NA","NA","NA","NA","NA","space","c","NA","space","NA","space","3","359","NA","9282","NA","NA","NA","NA","NA","NA","NA","NA","NA","25457","90525","NA","10897","NA","110933","359","NA","8789","NA","space","2","legacy","Lily remembered fi jesaucepan and fi zestrawberry too.","206","Session 6","NA","Experiment","2024-10-03 17:47","1024","2","48000","-16","Session6","Norway","9","odd","word4","48","NA","no","NA","109138","NA","26086","NA","16799","16795","5935","16795","NA","NA","NA","NA","NA","NA","NA","NA","NA","NA","NA","NA","NA","NA","NA","5934","3225949","3420860","3429567","3430119","NA","3329149","3433370","26086","NA","NA","3431588","NA","116646","NA","116649","NA","127550","238523","3427310","238513","NA","NA","3427335","3428006","3433623","3433623","3427311","16795","3425192","3425192","3433984","NA","NA","5935","NA","NA","NA","7993","NA","NA","NA","7994","3425177","3225439","3430073","5935","NA","5935","NA","NA","NA","16795","NA","5935","NA","NA","NA","8005","NA","3428276","3424390","3428817","3429567","3430073","3430830","3431335","3431946","3432981","3423693","Norway Session 6","269","545541","313","0","309","yes","515","","1024","NA","Lily","","","285","remembered","495","fi","250","jesaucepan","455","and","250","fi","250","zestrawberry","565","too.","285","",""
"NA","NA","85.98726114649682","85.98726114649682","1738.0668789808917","1738.0668789808917","#242424","xpyriment","legacy","legacy","0","uniform","1","undefined","NA","NA","0","undefined","undefined","1","right_button","undefined","0","0","0","0","0","0","0","0","0","0","0","NA","NA","0","0","1","NA","NA","NA","NA","NA","NA","0","NA","0","309","309","309","309","NA","5","829","8","0","0","2169","0","0","0","0","0","0","0","309","0","NA","NA","309","309","309","309","309","3","309","309","310","0","0","0","NA","1","NA","0","0","3","0","0","309","309","309","0","0","0","0","0","0","0","0","0","NA","NA","0","0","NA","309","104","309","309","309","309","309","309","309","104","undefined","633","402","Thu Oct  3 17:47:30 2024","763","The main experiment item","yes","active","Norway_Session_6.osexp","1","C:\Users\Tromso\Desktop\LESS\Session 6","no","no","mono","no","18","no","white","no","Click to confirm or to begin from default part if nothing selected","NA","yes","neuter","active","gender agreement","1","gender violation","102","768","legacy","Mini-English","NA","List 1: grammatical, gender violation, number violation","309","309","C:/Users/Tromso/Desktop/LESS/Session 6/subject-9.csv","1.2.3","xpyriment","228","NA","plural","Lentiform Loewenfeld","3.3.14","0","3","NA","space","NA","NA","NA","NA","NA","NA","NA","NA","NA","space","c","NA","space","NA","space","3","212","NA","9282","NA","NA","NA","NA","NA","NA","NA","NA","NA","25457","90525","NA","10897","NA","110933","212","NA","8789","NA","space","2","legacy","Zer tie look darkejur but zer leaf not.","131","Session 6","NA","Experiment","2024-10-03 17:47","1024","2","48000","-16","Session6","Norway","9","odd","word4","41","NA","no","NA","109138","NA","26086","NA","16799","16795","5935","16795","NA","NA","NA","NA","NA","NA","NA","NA","NA","NA","NA","NA","NA","NA","NA","5934","3225949","3439395","3438171","3438756","NA","3329149","3441734","26086","NA","NA","3440222","NA","116646","NA","116649","NA","127550","238523","3436198","238513","NA","NA","3436220","3436890","3441986","3441986","3436198","16795","3434003","3434003","3442202","NA","NA","5935","NA","NA","NA","7993","NA","NA","NA","7994","3433988","3225439","3438711","5935","NA","5935","NA","NA","NA","16795","NA","5935","NA","NA","NA","8005","NA","3437160","3424390","3437665","3438171","3438711","3439463","3439969","3440569","3441330","3423693","Norway Session 6","270","545753","314","0","310","yes","","copula_look","1024","NA","Zer","","","250","tie","250","look","285","darkejur","385","but","250","zer","250","leaf","285","not.","285","",""
"NA","NA","86.03174603174604","86.03174603174604","1732.857142857143","1732.857142857143","#242424","xpyriment","legacy","legacy","0","uniform","1","undefined","NA","NA","0","undefined","undefined","1","left_button","undefined","0","0","0","0","0","0","0","0","0","0","0","NA","NA","0","0","1","NA","NA","NA","NA","NA","NA","0","NA","0","310","310","310","310","NA","5","833","8","0","0","2176","0","0","0","0","0","0","0","310","0","NA","NA","310","310","310","310","310","3","310","310","311","0","0","0","NA","1","NA","0","0","3","0","0","310","310","310","0","0","0","0","0","0","0","0","0","NA","NA","0","0","NA","310","105","310","310","310","310","310","310","310","105","undefined","633","403","Thu Oct  3 17:47:30 2024","755","The main experiment item","yes","active","Norway_Session_6.osexp","1","C:\Users\Tromso\Desktop\LESS\Session 6","no","no","mono","no","18","no","white","no","Click to confirm or to begin from default part if nothing selected","NA","yes","","active","verb-object agreement","3","grammatical","101","768","legacy","Mini-English","NA","List 1: grammatical, VOA violation, article location violation","310","310","C:/Users/Tromso/Desktop/LESS/Session 6/subject-9.csv","1.2.3","xpyriment","","NA","plural","Lentiform Loewenfeld","3.3.14","0","1","NA","space","NA","NA","NA","NA","NA","NA","NA","NA","NA","space","c","NA","space","NA","space","1","97","NA","9282","NA","NA","NA","NA","NA","NA","NA","NA","NA","25457","90525","NA","10897","NA","110933","97","NA","8789","NA","space","2","legacy","Olivia driedevo fi zer closet but not fi zer table.","226","Session 6","NA","Experiment","2024-10-03 17:47","1024","2","48000","-16","Session6","Norway","9","odd","word4","49","NA","no","NA","109138","NA","26086","NA","16799","16795","5935","16795","NA","NA","NA","NA","NA","NA","NA","NA","NA","NA","NA","NA","NA","NA","NA","5934","3225949","3447703","3446688","3447239","NA","3329149","3451816","26086","NA","NA","3448809","NA","116646","NA","116649","NA","127550","238523","3444436","238513","NA","NA","3444458","3445128","3452069","3452069","3444436","16795","3442224","3442224","3452168","NA","NA","5935","NA","NA","NA","7993","NA","NA","NA","7994","3442209","3225439","3447193","5935","NA","5935","NA","NA","NA","16795","NA","5935","NA","NA","NA","8005","NA","3445398","3451351","3446009","3446688","3447192","3447946","3448556","3449169","3449903","3450636","Norway Session 6","271","545850","315","0","311","yes","1310","","1024","NA","Olivia","table.","355","355","driedevo","425","fi","250","zer","210","closet","355","but","250","not","250","fi","250","zer","250"
"NA","NA","85.75949367088607","85.75949367088607","1728.0284810126582","1728.0284810126582","#242424","xpyriment","legacy","legacy","0","uniform","0","undefined","NA","NA","0","undefined","undefined","0","right_button","undefined","0","0","0","0","0","0","0","0","0","0","0","NA","NA","0","0","1","NA","NA","NA","NA","NA","NA","0","NA","0","311","311","311","311","NA","5","835","8","0","0","2183","0","0","0","0","0","0","0","311","0","NA","NA","311","311","311","311","311","3","311","311","312","0","0","0","NA","1","NA","0","0","3","0","0","311","311","311","0","0","0","0","0","0","0","0","0","NA","NA","0","0","NA","311","105","311","311","311","311","311","311","311","105","undefined","637","405","Thu Oct  3 17:47:30 2024","757","The main experiment item","yes","active","Norway_Session_6.osexp","1","C:\Users\Tromso\Desktop\LESS\Session 6","no","no","mono","no","18","no","white","no","Click to confirm or to begin from default part if nothing selected","NA","yes","","active","differential object marking","2","DOM violation","102","768","legacy","Mini-English","NA","List 1: grammatical, DOM violation, article location violation","311","311","C:/Users/Tromso/Desktop/LESS/Session 6/subject-9.csv","1.2.3","xpyriment","","NA","singular","Lentiform Loewenfeld","3.3.14","0","1","NA","space","NA","NA","NA","NA","NA","NA","NA","NA","NA","space","c","NA","space","NA","space","1","207","NA","9282","NA","NA","NA","NA","NA","NA","NA","NA","NA","25457","90525","NA","10897","NA","110933","207","NA","8789","NA","space","2","legacy","Jessica remembered je key but not ze leaf.","122","Session 6","NA","Experiment","2024-10-03 17:47","1024","2","48000","-16","Session6","Norway","9","odd","word3","41","NA","no","NA","109138","NA","26086","NA","16799","16795","5935","16795","NA","NA","NA","NA","NA","NA","NA","NA","NA","NA","NA","NA","NA","NA","NA","5934","3457266","3447703","3456803","3457509","NA","3329149","3460306","26086","NA","NA","3458772","NA","116646","NA","116649","NA","127550","238523","3454394","238513","NA","NA","3454420","3455090","3460559","3460559","3454394","16795","3452188","3452188","3460769","NA","NA","5935","NA","NA","NA","7993","NA","NA","NA","7994","3452175","3456757","3447193","5935","NA","5935","NA","NA","NA","16795","NA","5935","NA","NA","NA","8005","NA","3455360","3451351","3456006","3456757","3457509","3458014","3458520","3459141","3459873","3450636","Norway Session 6","271","546057","316","0","312","yes","52","","1024","NA","Jessica","","","390","remembered","495","je","210","key","250","but","250","not","250","ze","250","leaf.","320","",""
"NA","NA","85.8044164037855","85.8044164037855","1723.6750788643533","1723.6750788643533","#242424","xpyriment","legacy","legacy","0","uniform","1","undefined","NA","NA","0","undefined","undefined","1","left_button","undefined","0","0","0","0","0","0","0","0","0","0","0","NA","NA","0","0","1","NA","NA","NA","NA","NA","NA","0","NA","0","312","312","312","312","NA","5","837","8","0","0","2190","0","0","0","0","0","0","0","312","0","NA","NA","312","312","312","312","312","3","312","312","313","0","0","0","NA","1","NA","0","0","3","0","0","312","312","312","0","0","0","0","0","0","0","0","0","NA","NA","0","0","NA","312","105","312","312","312","312","312","312","312","105","undefined","637","405","Thu Oct  3 17:47:30 2024","758","The main experiment item","yes","active","Norway_Session_6.osexp","1","C:\Users\Tromso\Desktop\LESS\Session 6","no","no","mono","no","18","no","white","no","Click to confirm or to begin from default part if nothing selected","NA","yes","common","active","gender agreement","1","grammatical","101","768","legacy","Mini-English","NA","List 1: grammatical, gender violation, number violation","312","312","C:/Users/Tromso/Desktop/LESS/Session 6/subject-9.csv","1.2.3","xpyriment","137","NA","singular","Lentiform Loewenfeld","3.3.14","0","1","NA","space","NA","NA","NA","NA","NA","NA","NA","NA","NA","space","c","NA","space","NA","space","1","348","NA","9282","NA","NA","NA","NA","NA","NA","NA","NA","NA","25457","90525","NA","10897","NA","110933","348","NA","8789","NA","space","2","legacy","Je drum is lighteju and je fork too.","110","Session 6","NA","Experiment","2024-10-03 17:47","1024","2","48000","-16","Session6","Norway","9","odd","word4","40","NA","no","NA","109138","NA","26086","NA","16799","16795","5935","16795","NA","NA","NA","NA","NA","NA","NA","NA","NA","NA","NA","NA","NA","NA","NA","5934","3457266","3466212","3465023","3465574","NA","3329149","3468525","26086","NA","NA","3467036","NA","116646","NA","116649","NA","127550","238523","3463015","238513","NA","NA","3463038","3463708","3468778","3468778","3463016","16795","3460788","3460788","3469128","NA","NA","5935","NA","NA","NA","7993","NA","NA","NA","7994","3460775","3456757","3465529","5935","NA","5935","NA","NA","NA","16795","NA","5935","NA","NA","NA","8005","NA","3463977","3451351","3464483","3465023","3465529","3466280","3466784","3467390","3468131","3450636","Norway Session 6","272","546405","317","0","313","yes","","copula_be","1024","NA","Je","","","250","drum","285","is","250","lighteju","385","and","250","je","250","fork","285","too.","285","",""
"NA","NA","85.84905660377359","85.84905660377359","1719.2327044025158","1719.2327044025158","#242424","xpyriment","legacy","legacy","0","uniform","1","undefined","NA","NA","0","undefined","undefined","1","right_button","undefined","0","0","0","0","0","0","0","0","0","0","0","NA","NA","0","0","1","NA","NA","NA","NA","NA","NA","0","NA","0","313","313","313","313","NA","5","839","8","0","0","2197","0","0","0","0","0","0","0","313","0","NA","NA","313","313","313","313","313","3","313","313","314","0","0","0","NA","1","NA","0","0","3","0","0","313","313","313","0","0","0","0","0","0","0","0","0","NA","NA","0","0","NA","313","105","313","313","313","313","313","313","313","105","undefined","637","406","Thu Oct  3 17:47:30 2024","763","The main experiment item","yes","active","Norway_Session_6.osexp","1","C:\Users\Tromso\Desktop\LESS\Session 6","no","no","mono","no","18","no","white","no","Click to confirm or to begin from default part if nothing selected","NA","yes","","active","differential object marking","2","article location violation","103","768","legacy","Mini-English","NA","List 1: grammatical, DOM violation, article location violation","313","313","C:/Users/Tromso/Desktop/LESS/Session 6/subject-9.csv","1.2.3","xpyriment","","NA","singular","Lentiform Loewenfeld","3.3.14","0","3","NA","space","NA","NA","NA","NA","NA","NA","NA","NA","NA","space","c","NA","space","NA","space","3","311","NA","9282","NA","NA","NA","NA","NA","NA","NA","NA","NA","25457","90525","NA","10897","NA","110933","311","NA","8789","NA","space","2","legacy","Jack forgot fi zetable but not fi zetray.","171","Session 6","NA","Experiment","2024-10-03 17:47","1024","2","48000","-16","Session6","Norway","9","odd","word4","45","NA","no","NA","109138","NA","26086","NA","16799","16795","5935","16795","NA","NA","NA","NA","NA","NA","NA","NA","NA","NA","NA","NA","NA","NA","NA","5934","3457266","3474709","3473554","3474106","NA","3329149","3477186","26086","NA","NA","3475570","NA","116646","NA","116649","NA","127550","238523","3471438","238513","NA","NA","3471459","3472130","3477439","3477439","3471438","16795","3469147","3469147","3477753","NA","NA","5935","NA","NA","NA","7993","NA","NA","NA","7994","3469133","3456757","3474060","5935","NA","5935","NA","NA","NA","16795","NA","5935","NA","NA","NA","8005","NA","3472402","3451351","3472943","3473554","3474060","3474812","3475317","3475929","3476674","3450636","Norway Session 6","273","546716","318","0","314","yes","69","","1024","NA","Jack","","","285","forgot","355","fi","250","zetable","350","but","250","not","250","fi","250","zetray.","390","",""
"NA","NA","85.8934169278997","85.8934169278997","1714.8401253918496","1714.8401253918496","#242424","xpyriment","legacy","legacy","0","uniform","1","undefined","NA","NA","0","undefined","undefined","1","right_button","undefined","0","0","0","0","0","0","0","0","0","0","0","NA","NA","0","0","1","NA","NA","NA","NA","NA","NA","0","NA","0","314","314","314","314","NA","5","841","8","0","0","2204","0","0","0","0","0","0","0","314","0","NA","NA","314","314","314","314","314","3","314","314","315","0","0","0","NA","1","NA","0","0","3","0","0","314","314","314","0","0","0","0","0","0","0","0","0","NA","NA","0","0","NA","314","105","314","314","314","314","314","314","314","105","undefined","637","413","Thu Oct  3 17:47:30 2024","762","The main experiment item","yes","active","Norway_Session_6.osexp","1","C:\Users\Tromso\Desktop\LESS\Session 6","no","no","mono","no","18","no","white","no","Click to confirm or to begin from default part if nothing selected","NA","yes","neuter","active","gender agreement","1","gender violation","102","768","legacy","Mini-English","NA","List 1: grammatical, gender violation, number violation","314","314","C:/Users/Tromso/Desktop/LESS/Session 6/subject-9.csv","1.2.3","xpyriment","1911","NA","singular","Lentiform Loewenfeld","3.3.14","0","3","NA","space","NA","NA","NA","NA","NA","NA","NA","NA","NA","space","c","NA","space","NA","space","3","318","NA","9282","NA","NA","NA","NA","NA","NA","NA","NA","NA","25457","90525","NA","10897","NA","110933","318","NA","8789","NA","space","2","legacy","Ze tray is safeju and ze strawberry too.","164","Session 6","NA","Experiment","2024-10-03 17:47","1024","2","48000","-16","Session6","Norway","9","odd","word4","44","NA","no","NA","109138","NA","26086","NA","16799","16795","5935","16795","NA","NA","NA","NA","NA","NA","NA","NA","NA","NA","NA","NA","NA","NA","NA","5934","3457266","3483044","3481924","3482476","NA","3329149","3485690","26086","NA","NA","3483942","NA","116646","NA","116649","NA","127550","238523","3479913","238513","NA","NA","3479935","3480606","3485944","3485943","3479913","16795","3477772","3477772","3486264","NA","NA","5935","NA","NA","NA","7993","NA","NA","NA","7994","3477758","3456757","3482430","5935","NA","5935","NA","NA","NA","16795","NA","5935","NA","NA","NA","8005","NA","3480876","3451351","3481381","3481923","3482430","3483183","3483689","3484308","3485297","3450636","Norway Session 6","274","547034","319","0","315","yes","","copula_be","1024","NA","Ze","","","250","tray","285","is","250","safeju","315","and","250","ze","250","strawberry","495","too.","285","",""
"NA","NA","85.625","85.625","1711.04375","1711.04375","#242424","xpyriment","legacy","legacy","0","uniform","0","undefined","NA","NA","0","undefined","undefined","0","right_button","undefined","0","0","0","0","0","0","0","0","0","0","0","NA","NA","0","0","1","NA","NA","NA","NA","NA","NA","0","NA","0","315","315","315","315","NA","5","843","8","0","0","2211","0","0","0","0","0","0","0","315","0","NA","NA","315","315","315","315","315","3","315","315","316","0","0","0","NA","1","NA","0","0","3","0","0","315","315","315","0","0","0","0","0","0","0","0","0","NA","NA","0","0","NA","315","105","315","315","315","315","315","315","315","105","undefined","615","511","Thu Oct  3 17:47:30 2024","753","The main experiment item","yes","active","Norway_Session_6.osexp","1","C:\Users\Tromso\Desktop\LESS\Session 6","no","no","mono","no","18","no","white","no","Click to confirm or to begin from default part if nothing selected","NA","yes","","active","differential object marking","2","DOM violation","102","768","legacy","Mini-English","NA","List 1: grammatical, DOM violation, article location violation","315","315","C:/Users/Tromso/Desktop/LESS/Session 6/subject-9.csv","1.2.3","xpyriment","","NA","singular","Lentiform Loewenfeld","3.3.14","0","1","NA","space","NA","NA","NA","NA","NA","NA","NA","NA","NA","space","c","NA","space","NA","space","1","500","NA","9282","NA","NA","NA","NA","NA","NA","NA","NA","NA","25457","90525","NA","10897","NA","110933","500","NA","8789","NA","space","2","legacy","Emily spoiled je box but not je street.","205","Session 6","NA","Experiment","2024-10-03 17:47","1024","2","48000","-16","Session6","Norway","9","odd","word3","47","NA","no","NA","109138","NA","26086","NA","16799","16795","5935","16795","NA","NA","NA","NA","NA","NA","NA","NA","NA","NA","NA","NA","NA","NA","NA","5934","3491260","3483044","3490797","3491503","NA","3329149","3494341","26086","NA","NA","3492767","NA","116646","NA","116649","NA","127550","238523","3488567","238513","NA","NA","3488589","3489260","3494594","3494594","3488567","16795","3486285","3486285","3495095","NA","NA","5935","NA","NA","NA","7993","NA","NA","NA","7994","3486271","3490752","3482430","5935","NA","5935","NA","NA","NA","16795","NA","5935","NA","NA","NA","8005","NA","3489530","3451351","3490106","3490751","3491503","3492009","3492515","3493137","3493854","3450636","Norway Session 6","274","547534","320","0","316","yes","1614","","1024","NA","Emily","","","320","spoiled","390","je","210","box","250","but","250","not","250","je","250","street.","390","",""
"NA","NA","85.66978193146417","85.66978193146417","1706.0809968847352","1706.0809968847352","#242424","xpyriment","legacy","legacy","0","uniform","1","undefined","NA","NA","0","undefined","undefined","1","right_button","undefined","0","0","0","0","0","0","0","0","0","0","0","NA","NA","0","0","1","NA","NA","NA","NA","NA","NA","0","NA","0","316","316","316","316","NA","5","845","8","0","0","2218","0","0","0","0","0","0","0","316","0","NA","NA","316","316","316","316","316","3","316","316","317","0","0","0","NA","1","NA","0","0","3","0","0","316","316","316","0","0","0","0","0","0","0","0","0","NA","NA","0","0","NA","316","105","316","316","316","316","316","316","316","105","undefined","615","511","Thu Oct  3 17:47:30 2024","739","The main experiment item","yes","active","Norway_Session_6.osexp","1","C:\Users\Tromso\Desktop\LESS\Session 6","no","no","mono","no","18","no","white","no","Click to confirm or to begin from default part if nothing selected","NA","yes","neuter","active","gender agreement","1","number violation","103","768","legacy","Mini-English","NA","List 1: grammatical, gender violation, number violation","316","316","C:/Users/Tromso/Desktop/LESS/Session 6/subject-9.csv","1.2.3","xpyriment","2418","NA","plural","Lentiform Loewenfeld","3.3.14","0","3","NA","space","NA","NA","NA","NA","NA","NA","NA","NA","NA","space","c","NA","space","NA","space","3","118","NA","9282","NA","NA","NA","NA","NA","NA","NA","NA","NA","25457","90525","NA","10897","NA","110933","118","NA","8789","NA","space","2","legacy","Zer mirror look purplezu but zer tray not.","253","Session 6","NA","Experiment","2024-10-03 17:47","1024","2","48000","-16","Session6","Norway","9","odd","word4","51","NA","no","NA","109138","NA","26086","NA","16799","16795","5935","16795","NA","NA","NA","NA","NA","NA","NA","NA","NA","NA","NA","NA","NA","NA","NA","5934","3491260","3500628","3499402","3499989","NA","3329149","3503004","26086","NA","NA","3501453","NA","116646","NA","116649","NA","127550","238523","3497319","238513","NA","NA","3497346","3498016","3503263","3503263","3497320","16795","3495117","3495117","3503384","NA","NA","5935","NA","NA","NA","7993","NA","NA","NA","7994","3495103","3490752","3499943","5935","NA","5935","NA","NA","NA","16795","NA","5935","NA","NA","NA","8005","NA","3498286","3451351","3498791","3499402","3499943","3500695","3501201","3501817","3502603","3450636","Norway Session 6","275","547652","321","0","317","yes","","copula_look","1024","NA","Zer","","","250","mirror","355","look","285","purplezu","385","but","250","zer","250","tray","285","not.","285","",""
"NA","NA","85.40372670807453","85.40372670807453","1701.4937888198758","1701.4937888198758","#242424","xpyriment","legacy","legacy","0","uniform","0","undefined","NA","NA","0","undefined","undefined","0","right_button","undefined","0","0","0","0","0","0","0","0","0","0","0","NA","NA","0","0","1","NA","NA","NA","NA","NA","NA","0","NA","0","317","317","317","317","NA","5","847","8","0","0","2225","0","0","0","0","0","0","0","317","0","NA","NA","317","317","317","317","317","3","317","317","318","0","0","0","NA","1","NA","0","0","3","0","0","317","317","317","0","0","0","0","0","0","0","0","0","NA","NA","0","0","NA","317","105","317","317","317","317","317","317","317","105","undefined","615","511","Thu Oct  3 17:47:30 2024","736","The main experiment item","yes","active","Norway_Session_6.osexp","1","C:\Users\Tromso\Desktop\LESS\Session 6","no","no","mono","no","18","no","white","no","Click to confirm or to begin from default part if nothing selected","NA","yes","","active","differential object marking","2","DOM violation","102","768","legacy","Mini-English","NA","List 1: grammatical, DOM violation, article location violation","317","317","C:/Users/Tromso/Desktop/LESS/Session 6/subject-9.csv","1.2.3","xpyriment","","NA","singular","Lentiform Loewenfeld","3.3.14","0","1","NA","space","NA","NA","NA","NA","NA","NA","NA","NA","NA","space","c","NA","space","NA","space","1","229","NA","9282","NA","NA","NA","NA","NA","NA","NA","NA","NA","25457","90525","NA","10897","NA","110933","229","NA","8789","NA","space","2","legacy","Jack wetted je key but not je box.","131","Session 6","NA","Experiment","2024-10-03 17:47","1024","2","48000","-16","Session6","Norway","9","odd","word3","41","NA","no","NA","109138","NA","26086","NA","16799","16795","5935","16795","NA","NA","NA","NA","NA","NA","NA","NA","NA","NA","NA","NA","NA","NA","NA","5934","3508202","3500628","3507738","3508445","NA","3329149","3511211","26086","NA","NA","3509710","NA","116646","NA","116649","NA","127550","238523","3505578","238513","NA","NA","3505600","3506270","3511465","3511465","3505579","16795","3503404","3503404","3511697","NA","NA","5935","NA","NA","NA","7993","NA","NA","NA","7994","3503392","3507691","3499943","5935","NA","5935","NA","NA","NA","16795","NA","5935","NA","NA","NA","8005","NA","3506540","3451351","3507080","3507691","3508445","3508951","3509457","3510081","3510800","3450636","Norway Session 6","275","547881","322","0","318","yes","142","","1024","NA","Jack","","","285","wetted","355","je","210","key","250","but","250","not","250","je","250","box.","285","",""
"NA","NA","85.44891640866874","85.44891640866874","1697.1517027863777","1697.1517027863777","#242424","xpyriment","legacy","legacy","0","uniform","1","undefined","NA","NA","0","undefined","undefined","1","right_button","undefined","0","0","0","0","0","0","0","0","0","0","0","NA","NA","0","0","1","NA","NA","NA","NA","NA","NA","0","NA","0","318","318","318","318","NA","5","849","8","0","0","2232","0","0","0","0","0","0","0","318","0","NA","NA","318","318","318","318","318","3","318","318","319","0","0","0","NA","1","NA","0","0","3","0","0","318","318","318","0","0","0","0","0","0","0","0","0","NA","NA","0","0","NA","318","105","318","318","318","318","318","318","318","105","undefined","615","511","Thu Oct  3 17:47:30 2024","757","The main experiment item","yes","active","Norway_Session_6.osexp","1","C:\Users\Tromso\Desktop\LESS\Session 6","no","no","mono","no","18","no","white","no","Click to confirm or to begin from default part if nothing selected","NA","yes","neuter","active","gender agreement","1","number violation","103","768","legacy","Mini-English","NA","List 1: grammatical, gender violation, number violation","318","318","C:/Users/Tromso/Desktop/LESS/Session 6/subject-9.csv","1.2.3","xpyriment","1918","NA","plural","Lentiform Loewenfeld","3.3.14","0","3","NA","space","NA","NA","NA","NA","NA","NA","NA","NA","NA","space","c","NA","space","NA","space","3","299","NA","9282","NA","NA","NA","NA","NA","NA","NA","NA","NA","25457","90525","NA","10897","NA","110933","299","NA","8789","NA","space","2","legacy","Zer tray look purplezu but zer strawberry not.","248","Session 6","NA","Experiment","2024-10-03 17:47","1024","2","48000","-16","Session6","Norway","9","odd","word4","51","NA","no","NA","109138","NA","26086","NA","16799","16795","5935","16795","NA","NA","NA","NA","NA","NA","NA","NA","NA","NA","NA","NA","NA","NA","NA","5934","3508202","3517215","3515990","3516578","NA","3329149","3519758","26086","NA","NA","3518041","NA","116646","NA","116649","NA","127550","238523","3513982","238513","NA","NA","3514004","3514674","3520011","3520011","3513982","16795","3511720","3511720","3520312","NA","NA","5935","NA","NA","NA","7993","NA","NA","NA","7994","3511704","3507691","3516531","5935","NA","5935","NA","NA","NA","16795","NA","5935","NA","NA","NA","8005","NA","3514944","3451351","3515450","3515990","3516531","3517283","3517789","3518399","3519363","3450636","Norway Session 6","276","548180","323","0","319","yes","","copula_look","1024","NA","Zer","","","250","tray","285","look","285","purplezu","385","but","250","zer","250","strawberry","495","not.","285","",""
"NA","NA","85.49382716049382","85.49382716049382","1693.1882716049383","1693.1882716049383","#242424","xpyriment","legacy","legacy","0","uniform","1","undefined","NA","NA","0","undefined","undefined","1","right_button","undefined","0","0","0","0","0","0","0","0","0","0","0","NA","NA","0","0","1","NA","NA","NA","NA","NA","NA","0","NA","0","319","319","319","319","NA","5","851","8","0","0","2239","0","0","0","0","0","0","0","319","0","NA","NA","319","319","319","319","319","3","319","319","320","0","0","0","NA","1","NA","0","0","3","0","0","319","319","319","0","0","0","0","0","0","0","0","0","NA","NA","0","0","NA","319","105","319","319","319","319","319","319","319","105","undefined","615","511","Thu Oct  3 17:47:30 2024","763","The main experiment item","yes","active","Norway_Session_6.osexp","1","C:\Users\Tromso\Desktop\LESS\Session 6","no","no","mono","no","18","no","white","no","Click to confirm or to begin from default part if nothing selected","NA","yes","neuter","active","gender agreement","1","gender violation","102","768","legacy","Mini-English","NA","List 1: grammatical, gender violation, number violation","319","319","C:/Users/Tromso/Desktop/LESS/Session 6/subject-9.csv","1.2.3","xpyriment","2311","NA","singular","Lentiform Loewenfeld","3.3.14","0","3","NA","space","NA","NA","NA","NA","NA","NA","NA","NA","NA","space","c","NA","space","NA","space","3","413","NA","9282","NA","NA","NA","NA","NA","NA","NA","NA","NA","25457","90525","NA","10897","NA","110933","413","NA","8789","NA","space","2","legacy","Ze candle is safeju and ze leaf too.","168","Session 6","NA","Experiment","2024-10-03 17:47","1024","2","48000","-16","Session6","Norway","9","odd","word4","44","NA","no","NA","109138","NA","26086","NA","16799","16795","5935","16795","NA","NA","NA","NA","NA","NA","NA","NA","NA","NA","NA","NA","NA","NA","NA","5934","3508202","3525828","3524709","3525260","NA","3329149","3528252","26086","NA","NA","3526724","NA","116646","NA","116649","NA","127550","238523","3522630","238513","NA","NA","3522652","3523322","3528505","3528505","3522630","16795","3520330","3520330","3528922","NA","NA","5935","NA","NA","NA","7993","NA","NA","NA","7994","3520316","3507691","3525215","5935","NA","5935","NA","NA","NA","16795","NA","5935","NA","NA","NA","8005","NA","3523593","3451351","3524098","3524709","3525215","3525966","3526472","3527085","3527857","3450636","Norway Session 6","277","548593","324","0","320","yes","","copula_be","1024","NA","Ze","","","250","candle","355","is","250","safeju","315","and","250","ze","250","leaf","285","too.","285","",""
"NA","NA","85.53846153846153","85.53846153846153","1689.4707692307693","1689.4707692307693","#242424","xpyriment","legacy","legacy","0","uniform","1","undefined","NA","NA","0","undefined","undefined","1","right_button","undefined","0","0","0","0","0","0","0","0","0","0","0","NA","NA","0","0","1","NA","NA","NA","NA","NA","NA","0","NA","0","320","320","320","320","NA","5","853","8","0","0","2246","0","0","0","0","0","0","0","320","0","NA","NA","320","320","320","320","320","3","320","320","321","0","0","0","NA","1","NA","0","0","3","0","0","320","320","320","0","0","0","0","0","0","0","0","0","NA","NA","0","0","NA","320","105","320","320","320","320","320","320","320","105","undefined","615","511","Thu Oct  3 17:47:30 2024","748","The main experiment item","yes","active","Norway_Session_6.osexp","1","C:\Users\Tromso\Desktop\LESS\Session 6","no","no","mono","no","18","no","white","no","Click to confirm or to begin from default part if nothing selected","NA","yes","","active","differential object marking","2","article location violation","103","768","legacy","Mini-English","NA","List 1: grammatical, DOM violation, article location violation","320","320","C:/Users/Tromso/Desktop/LESS/Session 6/subject-9.csv","1.2.3","xpyriment","","NA","singular","Lentiform Loewenfeld","3.3.14","0","3","NA","space","NA","NA","NA","NA","NA","NA","NA","NA","NA","space","c","NA","space","NA","space","3","485","NA","9282","NA","NA","NA","NA","NA","NA","NA","NA","NA","25457","90525","NA","10897","NA","110933","485","NA","8789","NA","space","2","legacy","Charlie dried fi jewall and fi jekey too.","142","Session 6","NA","Experiment","2024-10-03 17:47","1024","2","48000","-16","Session6","Norway","9","odd","word4","42","NA","no","NA","109138","NA","26086","NA","16799","16795","5935","16795","NA","NA","NA","NA","NA","NA","NA","NA","NA","NA","NA","NA","NA","NA","NA","5934","3508202","3534992","3533871","3534423","NA","3329149","3537461","26086","NA","NA","3535887","NA","116646","NA","116649","NA","127550","238523","3531687","238513","NA","NA","3531713","3532383","3537713","3537713","3531688","16795","3528944","3528944","3538200","NA","NA","5935","NA","NA","NA","7993","NA","NA","NA","7994","3528930","3507691","3534376","5935","NA","5935","NA","NA","NA","16795","NA","5935","NA","NA","NA","8005","NA","3532651","3451351","3533296","3533871","3534376","3535130","3535635","3536245","3537055","3450636","Norway Session 6","278","549078","325","0","321","yes","133","","1024","NA","Charlie","","","390","dried","320","fi","250","jewall","315","and","250","fi","250","jekey","320","too.","285","",""
"NA","NA","85.58282208588957","85.58282208588957","1684.8067484662577","1684.8067484662577","#242424","xpyriment","legacy","legacy","0","uniform","1","undefined","NA","NA","0","undefined","undefined","1","right_button","undefined","0","0","0","0","0","0","0","0","0","0","0","NA","NA","0","0","1","NA","NA","NA","NA","NA","NA","0","NA","0","321","321","321","321","NA","5","857","8","0","0","2253","0","0","0","0","0","0","0","321","0","NA","NA","321","321","321","321","321","3","321","321","322","0","0","0","NA","1","NA","0","0","3","0","0","321","321","321","0","0","0","0","0","0","0","0","0","NA","NA","0","0","NA","321","106","321","321","321","321","321","321","321","106","undefined","614","511","Thu Oct  3 17:47:30 2024","767","The main experiment item","yes","active","Norway_Session_6.osexp","1","C:\Users\Tromso\Desktop\LESS\Session 6","no","no","mono","no","18","no","white","no","Click to confirm or to begin from default part if nothing selected","NA","yes","","active","verb-object agreement","3","VOA violation","102","768","legacy","Mini-English","NA","List 1: grammatical, VOA violation, article location violation","321","321","C:/Users/Tromso/Desktop/LESS/Session 6/subject-9.csv","1.2.3","xpyriment","","NA","singular","Lentiform Loewenfeld","3.3.14","0","3","NA","space","NA","NA","NA","NA","NA","NA","NA","NA","NA","space","c","NA","space","NA","space","3","169","NA","9282","NA","NA","NA","NA","NA","NA","NA","NA","NA","25457","90525","NA","10897","NA","110933","169","NA","8789","NA","space","2","legacy","Lily wettedevo fi ze mug but not fi ze roof.","203","Session 6","NA","Experiment","2024-10-03 17:47","1024","2","48000","-16","Session6","Norway","9","odd","word4","47","NA","no","NA","109138","NA","26086","NA","16799","16795","5935","16795","NA","NA","NA","NA","NA","NA","NA","NA","NA","NA","NA","NA","NA","NA","NA","5934","3508202","3543660","3542645","3543196","NA","3329149","3547601","26086","NA","NA","3544662","NA","116646","NA","116649","NA","127550","238523","3540425","238513","NA","NA","3540447","3541118","3547853","3547853","3540425","16795","3538222","3538222","3548025","NA","NA","5935","NA","NA","NA","7993","NA","NA","NA","7994","3538208","3507691","3543151","5935","NA","5935","NA","NA","NA","16795","NA","5935","NA","NA","NA","8005","NA","3541388","3547168","3541929","3542645","3543151","3543903","3544409","3545022","3545743","3546440","Norway Session 6","279","549247","326","0","322","yes","148","","1024","NA","Lily","roof.","320","285","wettedevo","460","fi","250","ze","210","mug","250","but","250","not","250","fi","250","ze","250"
"NA","NA","85.62691131498471","85.62691131498471","1680.3914373088685","1680.3914373088685","#242424","xpyriment","legacy","legacy","0","uniform","1","undefined","NA","NA","0","undefined","undefined","1","right_button","undefined","0","0","0","0","0","0","0","0","0","0","0","NA","NA","0","0","1","NA","NA","NA","NA","NA","NA","0","NA","0","322","322","322","322","NA","5","859","8","0","0","2260","0","0","0","0","0","0","0","322","0","NA","NA","322","322","322","322","322","3","322","322","323","0","0","0","NA","1","NA","0","0","3","0","0","322","322","322","0","0","0","0","0","0","0","0","0","NA","NA","0","0","NA","322","106","322","322","322","322","322","322","322","106","undefined","612","511","Thu Oct  3 17:47:30 2024","762","The main experiment item","yes","active","Norway_Session_6.osexp","1","C:\Users\Tromso\Desktop\LESS\Session 6","no","no","mono","no","18","no","white","no","Click to confirm or to begin from default part if nothing selected","NA","yes","","active","verb-object agreement","3","article location violation","103","768","legacy","Mini-English","NA","List 1: grammatical, VOA violation, article location violation","322","322","C:/Users/Tromso/Desktop/LESS/Session 6/subject-9.csv","1.2.3","xpyriment","","NA","singular","Lentiform Loewenfeld","3.3.14","0","3","NA","space","NA","NA","NA","NA","NA","NA","NA","NA","NA","space","c","NA","space","NA","space","3","241","NA","9282","NA","NA","NA","NA","NA","NA","NA","NA","NA","25457","90525","NA","10897","NA","110933","241","NA","8789","NA","space","2","legacy","Oliver dirtied fi zetable and fi zepool too.","209","Session 6","NA","Experiment","2024-10-03 17:47","1024","2","48000","-16","Session6","Norway","9","odd","word4","48","NA","no","NA","109138","NA","26086","NA","16799","16795","5935","16795","NA","NA","NA","NA","NA","NA","NA","NA","NA","NA","NA","NA","NA","NA","NA","5934","3508202","3553651","3552498","3553048","NA","3329149","3556089","26086","NA","NA","3554514","NA","116646","NA","116649","NA","127550","238523","3550277","238513","NA","NA","3550302","3550972","3556341","3556341","3550277","16795","3548046","3548046","3556584","NA","NA","5935","NA","NA","NA","7993","NA","NA","NA","7994","3548032","3507691","3553002","5935","NA","5935","NA","NA","NA","16795","NA","5935","NA","NA","NA","8005","NA","3551242","3547168","3551852","3552498","3553002","3553754","3554261","3554870","3555688","3546440","Norway Session 6","280","549488","327","0","323","yes","89","","1024","NA","Oliver","","","355","dirtied","390","fi","250","zetable","350","and","250","fi","250","zepool","355","too.","285","",""
"NA","NA","85.67073170731707","85.67073170731707","1675.4908536585365","1675.4908536585365","#242424","xpyriment","legacy","legacy","0","uniform","1","undefined","NA","NA","0","undefined","undefined","1","left_button","undefined","0","0","0","0","0","0","0","0","0","0","0","NA","NA","0","0","1","NA","NA","NA","NA","NA","NA","0","NA","0","323","323","323","323","NA","5","863","8","0","0","2267","0","0","0","0","0","0","0","323","0","NA","NA","323","323","323","323","323","3","323","323","324","0","0","0","NA","1","NA","0","0","3","0","0","323","323","323","0","0","0","0","0","0","0","0","0","NA","NA","0","0","NA","323","107","323","323","323","323","323","323","323","107","undefined","612","511","Thu Oct  3 17:47:30 2024","758","The main experiment item","yes","active","Norway_Session_6.osexp","1","C:\Users\Tromso\Desktop\LESS\Session 6","no","no","mono","no","18","no","white","no","Click to confirm or to begin from default part if nothing selected","NA","yes","","active","differential object marking","2","grammatical","101","768","legacy","Mini-English","NA","List 1: grammatical, DOM violation, article location violation","323","323","C:/Users/Tromso/Desktop/LESS/Session 6/subject-9.csv","1.2.3","xpyriment","","NA","singular","Lentiform Loewenfeld","3.3.14","0","1","NA","space","NA","NA","NA","NA","NA","NA","NA","NA","NA","space","c","NA","space","NA","space","1","73","NA","9282","NA","NA","NA","NA","NA","NA","NA","NA","NA","25457","90525","NA","10897","NA","110933","73","NA","8789","NA","space","2","legacy","Jack ordered fi ze letter but not fi ze strawberry.","151","Session 6","NA","Experiment","2024-10-03 17:47","1024","2","48000","-16","Session6","Norway","9","odd","word4","43","NA","no","NA","109138","NA","26086","NA","16799","16795","5935","16795","NA","NA","NA","NA","NA","NA","NA","NA","NA","NA","NA","NA","NA","NA","NA","5934","3508202","3561888","3560874","3561424","NA","3329149","3566159","26086","NA","NA","3562993","NA","116646","NA","116649","NA","127550","238523","3558727","238513","NA","NA","3558749","3559420","3566413","3566413","3558727","16795","3556603","3556603","3566488","NA","NA","5935","NA","NA","NA","7993","NA","NA","NA","7994","3556590","3507691","3561380","5935","NA","5935","NA","NA","NA","16795","NA","5935","NA","NA","NA","8005","NA","3559690","3565515","3560229","3560873","3561380","3562131","3562741","3563356","3564085","3564794","Norway Session 6","281","549561","328","0","324","yes","107","","1024","NA","Jack","strawberry.","530","285","ordered","390","fi","250","ze","210","letter","355","but","250","not","250","fi","250","ze","250"
"NA","NA","85.71428571428571","85.71428571428571","1670.917933130699","1670.917933130699","#242424","xpyriment","legacy","legacy","0","uniform","1","undefined","NA","NA","0","undefined","undefined","1","left_button","undefined","0","0","0","0","0","0","0","0","0","0","0","NA","NA","0","0","1","NA","NA","NA","NA","NA","NA","0","NA","0","324","324","324","324","NA","5","867","8","0","0","2274","0","0","0","0","0","0","0","324","0","NA","NA","324","324","324","324","324","3","324","324","325","0","0","0","NA","1","NA","0","0","3","0","0","324","324","324","0","0","0","0","0","0","0","0","0","NA","NA","0","0","NA","324","108","324","324","324","324","324","324","324","108","undefined","612","511","Thu Oct  3 17:47:30 2024","727","The main experiment item","yes","active","Norway_Session_6.osexp","1","C:\Users\Tromso\Desktop\LESS\Session 6","no","no","mono","no","18","no","white","no","Click to confirm or to begin from default part if nothing selected","NA","yes","","active","verb-object agreement","3","grammatical","101","768","legacy","Mini-English","NA","List 1: grammatical, VOA violation, article location violation","324","324","C:/Users/Tromso/Desktop/LESS/Session 6/subject-9.csv","1.2.3","xpyriment","","NA","singular","Lentiform Loewenfeld","3.3.14","0","1","NA","space","NA","NA","NA","NA","NA","NA","NA","NA","NA","space","c","NA","space","NA","space","1","171","NA","9282","NA","NA","NA","NA","NA","NA","NA","NA","NA","25457","90525","NA","10897","NA","110933","171","NA","8789","NA","space","2","legacy","Jacob refused fi je backpack but not fi je wall.","153","Session 6","NA","Experiment","2024-10-03 17:47","1024","2","48000","-16","Session6","Norway","9","odd","word4","43","NA","no","NA","109138","NA","26086","NA","16799","16795","5935","16795","NA","NA","NA","NA","NA","NA","NA","NA","NA","NA","NA","NA","NA","NA","NA","5934","3508202","3571944","3570930","3571481","NA","3329149","3576070","26086","NA","NA","3573120","NA","116646","NA","116649","NA","127550","238523","3568742","238513","NA","NA","3568767","3569437","3576323","3576323","3568743","16795","3566507","3566507","3576497","NA","NA","5935","NA","NA","NA","7993","NA","NA","NA","7994","3566493","3507691","3571434","5935","NA","5935","NA","NA","NA","16795","NA","5935","NA","NA","NA","8005","NA","3569708","3575644","3570284","3570930","3571434","3572187","3572868","3573476","3574197","3574921","Norway Session 6","282","549732","329","0","325","yes","124","","1024","NA","Jacob","wall.","320","320","refused","390","fi","250","je","210","backpack","425","but","250","not","250","fi","250","je","250"
"NA","NA","85.75757575757575","85.75757575757575","1666.2939393939394","1666.2939393939394","#242424","xpyriment","legacy","legacy","0","uniform","1","undefined","NA","NA","0","undefined","undefined","1","right_button","undefined","0","0","0","0","0","0","0","0","0","0","0","NA","NA","0","0","1","NA","NA","NA","NA","NA","NA","0","NA","0","325","325","325","325","NA","5","869","8","0","0","2281","0","0","0","0","0","0","0","325","0","NA","NA","325","325","325","325","325","3","325","325","326","0","0","0","NA","1","NA","0","0","3","0","0","325","325","325","0","0","0","0","0","0","0","0","0","NA","NA","0","0","NA","325","108","325","325","325","325","325","325","325","108","undefined","612","511","Thu Oct  3 17:47:30 2024","748","The main experiment item","yes","active","Norway_Session_6.osexp","1","C:\Users\Tromso\Desktop\LESS\Session 6","no","no","mono","no","18","no","white","no","Click to confirm or to begin from default part if nothing selected","NA","yes","neuter","active","gender agreement","1","number violation","103","768","legacy","Mini-English","NA","List 1: grammatical, gender violation, number violation","325","325","C:/Users/Tromso/Desktop/LESS/Session 6/subject-9.csv","1.2.3","xpyriment","2212","NA","plural","Lentiform Loewenfeld","3.3.14","0","3","NA","space","NA","NA","NA","NA","NA","NA","NA","NA","NA","space","c","NA","space","NA","space","3","145","NA","9282","NA","NA","NA","NA","NA","NA","NA","NA","NA","25457","90525","NA","10897","NA","110933","145","NA","8789","NA","space","2","legacy","Zer tie look dangerousezu but zer leaf not.","179","Session 6","NA","Experiment","2024-10-03 17:47","1024","2","48000","-16","Session6","Norway","9","odd","word4","45","NA","no","NA","109138","NA","26086","NA","16799","16795","5935","16795","NA","NA","NA","NA","NA","NA","NA","NA","NA","NA","NA","NA","NA","NA","NA","5934","3508202","3571944","3580663","3581249","NA","3329149","3584319","26086","NA","NA","3582787","NA","116646","NA","116649","NA","127550","238523","3578688","238513","NA","NA","3578711","3579381","3584573","3584573","3578688","16795","3576518","3576518","3584721","NA","NA","5935","NA","NA","NA","7993","NA","NA","NA","7994","3576504","3507691","3581204","5935","NA","5935","NA","NA","NA","16795","NA","5935","NA","NA","NA","8005","NA","3579652","3575644","3580158","3580663","3581204","3582029","3582534","3583148","3583929","3574921","Norway Session 6","283","549877","330","0","326","yes","","copula_look","1024","NA","Zer","","","250","tie","250","look","285","dangerousezu","525","but","250","zer","250","leaf","285","not.","285","",""
"NA","NA","85.80060422960725","85.80060422960725","1672.5861027190333","1672.5861027190333","#242424","xpyriment","legacy","legacy","0","uniform","1","undefined","NA","NA","0","undefined","undefined","1","right_button","undefined","0","0","0","0","0","0","0","0","0","0","0","NA","NA","0","0","1","NA","NA","NA","NA","NA","NA","0","NA","0","326","326","326","326","NA","5","873","8","0","0","2288","0","0","0","0","0","0","0","326","0","NA","NA","326","326","326","326","326","3","326","326","327","0","0","0","NA","1","NA","0","0","3","0","0","326","326","326","0","0","0","0","0","0","0","0","0","NA","NA","0","0","NA","326","109","326","326","326","326","326","326","326","109","undefined","612","511","Thu Oct  3 17:47:30 2024","745","The main experiment item","yes","active","Norway_Session_6.osexp","1","C:\Users\Tromso\Desktop\LESS\Session 6","no","no","mono","no","18","no","white","no","Click to confirm or to begin from default part if nothing selected","NA","yes","","active","verb-object agreement","3","VOA violation","102","768","legacy","Mini-English","NA","List 1: grammatical, VOA violation, article location violation","326","326","C:/Users/Tromso/Desktop/LESS/Session 6/subject-9.csv","1.2.3","xpyriment","","NA","plural","Lentiform Loewenfeld","3.3.14","0","3","NA","space","NA","NA","NA","NA","NA","NA","NA","NA","NA","space","c","NA","space","NA","space","3","3749","NA","9282","NA","NA","NA","NA","NA","NA","NA","NA","NA","25457","90525","NA","10897","NA","110933","3749","NA","8789","NA","space","2","legacy","Thomas dried fi jer key but not fi jer wall.","130","Session 6","NA","Experiment","2024-10-03 17:47","1024","2","48000","-16","Session6","Norway","9","odd","word4","41","NA","no","NA","109138","NA","26086","NA","16799","16795","5935","16795","NA","NA","NA","NA","NA","NA","NA","NA","NA","NA","NA","NA","NA","NA","NA","5934","3508202","3590235","3589221","3589772","NA","3329149","3594188","26086","NA","NA","3591235","NA","116646","NA","116649","NA","127550","238523","3587071","238513","NA","NA","3587093","3587763","3594441","3594441","3587071","16795","3584739","3584739","3598192","NA","NA","5935","NA","NA","NA","7993","NA","NA","NA","7994","3584725","3507691","3589726","5935","NA","5935","NA","NA","NA","16795","NA","5935","NA","NA","NA","8005","NA","3588034","3593759","3588643","3589221","3589726","3590478","3590983","3591596","3592321","3593030","Norway Session 6","284","553626","331","0","327","yes","132","","1024","NA","Thomas","wall.","320","355","dried","320","fi","250","jer","210","key","250","but","250","not","250","fi","250","jer","250"
"NA","NA","85.8433734939759","85.8433734939759","1668.1897590361446","1668.1897590361446","#242424","xpyriment","legacy","legacy","0","uniform","1","undefined","NA","NA","0","undefined","undefined","1","left_button","undefined","0","0","0","0","0","0","0","0","0","0","0","NA","NA","0","0","1","NA","NA","NA","NA","NA","NA","0","NA","0","327","327","327","327","NA","5","877","8","0","0","2295","0","0","0","0","0","0","0","327","0","NA","NA","327","327","327","327","327","3","327","327","328","0","0","0","NA","1","NA","0","0","3","0","0","327","327","327","0","0","0","0","0","0","0","0","0","NA","NA","0","0","NA","327","110","327","327","327","327","327","327","327","110","undefined","637","510","Thu Oct  3 17:47:30 2024","756","The main experiment item","yes","active","Norway_Session_6.osexp","1","C:\Users\Tromso\Desktop\LESS\Session 6","no","no","mono","no","18","no","white","no","Click to confirm or to begin from default part if nothing selected","NA","yes","","active","differential object marking","2","grammatical","101","768","legacy","Mini-English","NA","List 1: grammatical, DOM violation, article location violation","327","327","C:/Users/Tromso/Desktop/LESS/Session 6/subject-9.csv","1.2.3","xpyriment","","NA","singular","Lentiform Loewenfeld","3.3.14","0","1","NA","space","NA","NA","NA","NA","NA","NA","NA","NA","NA","space","c","NA","space","NA","space","1","213","NA","9282","NA","NA","NA","NA","NA","NA","NA","NA","NA","25457","90525","NA","10897","NA","110933","213","NA","8789","NA","space","2","legacy","Lily ordered fi je street and fi ze letter too.","115","Session 6","NA","Experiment","2024-10-03 17:47","1024","2","48000","-16","Session6","Norway","9","odd","word4","40","NA","no","NA","109138","NA","26086","NA","16799","16795","5935","16795","NA","NA","NA","NA","NA","NA","NA","NA","NA","NA","NA","NA","NA","NA","NA","5934","3508202","3603665","3602651","3603203","NA","3329149","3607820","26086","NA","NA","3604772","NA","116646","NA","116649","NA","127550","238523","3600504","238513","NA","NA","3600527","3601197","3608073","3608073","3600504","16795","3598216","3598216","3608288","NA","NA","5935","NA","NA","NA","7993","NA","NA","NA","7994","3598199","3507691","3603157","5935","NA","5935","NA","NA","NA","16795","NA","5935","NA","NA","NA","8005","NA","3601467","3607411","3602007","3602651","3603157","3603908","3604520","3605154","3605870","3606598","Norway Session 6","285","553839","332","0","328","yes","101","","1024","NA","Lily","too.","285","285","ordered","390","fi","250","je","210","street","355","and","250","fi","250","ze","250","letter","355"
"NA","NA","85.88588588588588","85.88588588588588","1664.2672672672672","1664.2672672672672","#242424","xpyriment","legacy","legacy","0","uniform","1","undefined","NA","NA","0","undefined","undefined","1","right_button","undefined","0","0","0","0","0","0","0","0","0","0","0","NA","NA","0","0","1","NA","NA","NA","NA","NA","NA","0","NA","0","328","328","328","328","NA","5","879","8","0","0","2302","0","0","0","0","0","0","0","328","0","NA","NA","328","328","328","328","328","3","328","328","329","0","0","0","NA","1","NA","0","0","3","0","0","328","328","328","0","0","0","0","0","0","0","0","0","NA","NA","0","0","NA","328","110","328","328","328","328","328","328","328","110","undefined","626","511","Thu Oct  3 17:47:30 2024","764","The main experiment item","yes","active","Norway_Session_6.osexp","1","C:\Users\Tromso\Desktop\LESS\Session 6","no","no","mono","no","18","no","white","no","Click to confirm or to begin from default part if nothing selected","NA","yes","common","active","gender agreement","1","gender violation","102","768","legacy","Mini-English","NA","List 1: grammatical, gender violation, number violation","328","328","C:/Users/Tromso/Desktop/LESS/Session 6/subject-9.csv","1.2.3","xpyriment","1414","NA","plural","Lentiform Loewenfeld","3.3.14","0","3","NA","space","NA","NA","NA","NA","NA","NA","NA","NA","NA","space","c","NA","space","NA","space","3","362","NA","9282","NA","NA","NA","NA","NA","NA","NA","NA","NA","25457","90525","NA","10897","NA","110933","362","NA","8789","NA","space","2","legacy","Jer box look badezur but jer fork not.","195","Session 6","NA","Experiment","2024-10-03 17:47","1024","2","48000","-16","Session6","Norway","9","odd","word4","47","NA","no","NA","109138","NA","26086","NA","16799","16795","5935","16795","NA","NA","NA","NA","NA","NA","NA","NA","NA","NA","NA","NA","NA","NA","NA","5934","3508202","3613699","3612510","3613095","NA","3329149","3616072","26086","NA","NA","3614560","NA","116646","NA","116649","NA","127550","238523","3610534","238513","NA","NA","3610559","3611230","3616324","3616324","3610536","16795","3608309","3608309","3616688","NA","NA","5935","NA","NA","NA","7993","NA","NA","NA","7994","3608296","3507691","3613050","5935","NA","5935","NA","NA","NA","16795","NA","5935","NA","NA","NA","8005","NA","3611501","3607411","3612006","3612510","3613050","3613802","3614307","3614919","3615679","3606598","Norway Session 6","286","554201","333","0","329","yes","","copula_look","1024","NA","Jer","","","250","box","250","look","285","badezur","350","but","250","jer","250","fork","285","not.","285","",""
"NA","NA","85.62874251497006","85.62874251497006","1659.7185628742516","1659.7185628742516","#242424","xpyriment","legacy","legacy","0","uniform","0","undefined","NA","NA","0","undefined","undefined","0","right_button","undefined","0","0","0","0","0","0","0","0","0","0","0","NA","NA","0","0","1","NA","NA","NA","NA","NA","NA","0","NA","0","329","329","329","329","NA","5","883","8","0","0","2309","0","0","0","0","0","0","0","329","0","NA","NA","329","329","329","329","329","3","329","329","330","0","0","0","NA","1","NA","0","0","3","0","0","329","329","329","0","0","0","0","0","0","0","0","0","NA","NA","0","0","NA","329","111","329","329","329","329","329","329","329","111","undefined","628","510","Thu Oct  3 17:47:30 2024","747","The main experiment item","yes","active","Norway_Session_6.osexp","1","C:\Users\Tromso\Desktop\LESS\Session 6","no","no","mono","no","18","no","white","no","Click to confirm or to begin from default part if nothing selected","NA","yes","","active","verb-object agreement","3","VOA violation","102","768","legacy","Mini-English","NA","List 1: grammatical, VOA violation, article location violation","329","329","C:/Users/Tromso/Desktop/LESS/Session 6/subject-9.csv","1.2.3","xpyriment","","NA","plural","Lentiform Loewenfeld","3.3.14","0","1","NA","space","NA","NA","NA","NA","NA","NA","NA","NA","NA","space","c","NA","space","NA","space","1","145","NA","9282","NA","NA","NA","NA","NA","NA","NA","NA","NA","25457","90525","NA","10897","NA","110933","145","NA","8789","NA","space","2","legacy","Emily cleaned fi jer truck and fi zer closet too.","160","Session 6","NA","Experiment","2024-10-03 17:47","1024","2","48000","-16","Session6","Norway","9","odd","word4","44","NA","no","NA","109138","NA","26086","NA","16799","16795","5935","16795","NA","NA","NA","NA","NA","NA","NA","NA","NA","NA","NA","NA","NA","NA","NA","5934","3508202","3622140","3621122","3621677","NA","3329149","3626279","26086","NA","NA","3623212","NA","116646","NA","116649","NA","127550","238523","3618938","238513","NA","NA","3618960","3619630","3626533","3626532","3618938","16795","3616712","3616712","3626680","NA","NA","5935","NA","NA","NA","7993","NA","NA","NA","7994","3616695","3507691","3621628","5935","NA","5935","NA","NA","NA","16795","NA","5935","NA","NA","NA","8005","NA","3619899","3625898","3620476","3621122","3621628","3622383","3622959","3623569","3624298","3625039","Norway Session 6","286","554346","334","0","330","yes","75","","1024","NA","Emily","too.","285","320","cleaned","390","fi","250","jer","210","truck","320","and","250","fi","250","zer","250","closet","355"
"NA","NA","85.67164179104478","85.67164179104478","1657.8388059701492","1657.8388059701492","#242424","xpyriment","legacy","legacy","0","uniform","1","undefined","NA","NA","0","undefined","undefined","1","right_button","undefined","0","0","0","0","0","0","0","0","0","0","0","NA","NA","0","0","1","NA","NA","NA","NA","NA","NA","0","NA","0","330","330","330","330","NA","5","887","8","0","0","2316","0","0","0","0","0","0","0","330","0","NA","NA","330","330","330","330","330","3","330","330","331","0","0","0","NA","1","NA","0","0","3","0","0","330","330","330","0","0","0","0","0","0","0","0","0","NA","NA","0","0","NA","330","112","330","330","330","330","330","330","330","112","undefined","637","505","Thu Oct  3 17:47:30 2024","730","The main experiment item","yes","active","Norway_Session_6.osexp","1","C:\Users\Tromso\Desktop\LESS\Session 6","no","no","mono","no","18","no","white","no","Click to confirm or to begin from default part if nothing selected","NA","yes","","active","verb-object agreement","3","VOA violation","102","768","legacy","Mini-English","NA","List 1: grammatical, VOA violation, article location violation","330","330","C:/Users/Tromso/Desktop/LESS/Session 6/subject-9.csv","1.2.3","xpyriment","","NA","plural","Lentiform Loewenfeld","3.3.14","0","3","NA","space","NA","NA","NA","NA","NA","NA","NA","NA","NA","space","c","NA","space","NA","space","3","1030","NA","9282","NA","NA","NA","NA","NA","NA","NA","NA","NA","25457","90525","NA","10897","NA","110933","1030","NA","8789","NA","space","2","legacy","Jack fixed fi jer truck and fi zer letter too.","168","Session 6","NA","Experiment","2024-10-03 17:47","1024","2","48000","-16","Session6","Norway","9","odd","word4","44","NA","no","NA","109138","NA","26086","NA","16799","16795","5935","16795","NA","NA","NA","NA","NA","NA","NA","NA","NA","NA","NA","NA","NA","NA","NA","5934","3508202","3632138","3631123","3631674","NA","3329149","3636211","26086","NA","NA","3633207","NA","116646","NA","116649","NA","127550","238523","3629046","238513","NA","NA","3629069","3629739","3636464","3636464","3629046","16795","3626700","3626701","3637496","NA","NA","5935","NA","NA","NA","7993","NA","NA","NA","7994","3626687","3507691","3631629","5935","NA","5935","NA","NA","NA","16795","NA","5935","NA","NA","NA","8005","NA","3630007","3635836","3630548","3631123","3631629","3632381","3632955","3633565","3634296","3635016","Norway Session 6","287","555376","335","0","331","yes","155","","1024","NA","Jack","too.","285","285","fixed","320","fi","250","jer","210","truck","320","and","250","fi","250","zer","250","letter","355"
"NA","NA","85.71428571428571","85.71428571428571","1654.8869047619048","1654.8869047619048","#242424","xpyriment","legacy","legacy","0","uniform","1","undefined","NA","NA","0","undefined","undefined","1","right_button","undefined","0","0","0","0","0","0","0","0","0","0","0","NA","NA","0","0","1","NA","NA","NA","NA","NA","NA","0","NA","0","331","331","331","331","NA","5","889","8","0","0","2323","0","0","0","0","0","0","0","331","0","NA","NA","331","331","331","331","331","3","331","331","332","0","0","0","NA","1","NA","0","0","3","0","0","331","331","331","0","0","0","0","0","0","0","0","0","NA","NA","0","0","NA","331","112","331","331","331","331","331","331","331","112","undefined","630","505","Thu Oct  3 17:47:30 2024","746","The main experiment item","yes","active","Norway_Session_6.osexp","1","C:\Users\Tromso\Desktop\LESS\Session 6","no","no","mono","no","18","no","white","no","Click to confirm or to begin from default part if nothing selected","NA","yes","neuter","active","gender agreement","1","number violation","103","768","legacy","Mini-English","NA","List 1: grammatical, gender violation, number violation","331","331","C:/Users/Tromso/Desktop/LESS/Session 6/subject-9.csv","1.2.3","xpyriment","219","NA","singular","Lentiform Loewenfeld","3.3.14","0","3","NA","space","NA","NA","NA","NA","NA","NA","NA","NA","NA","space","c","NA","space","NA","space","3","666","NA","9282","NA","NA","NA","NA","NA","NA","NA","NA","NA","25457","90525","NA","10897","NA","110933","666","NA","8789","NA","space","2","legacy","Ze strawberry is blackezur and ze tray too.","142","Session 6","NA","Experiment","2024-10-03 17:47","1024","2","48000","-16","Session6","Norway","9","odd","word4","42","NA","no","NA","109138","NA","26086","NA","16799","16795","5935","16795","NA","NA","NA","NA","NA","NA","NA","NA","NA","NA","NA","NA","NA","NA","NA","5934","3508202","3643040","3641816","3642367","NA","3329149","3645335","26086","NA","NA","3643830","NA","116646","NA","116649","NA","127550","238523","3639596","238513","NA","NA","3639619","3640289","3645588","3645588","3639596","16795","3637517","3637517","3646257","NA","NA","5935","NA","NA","NA","7993","NA","NA","NA","7994","3637503","3507691","3642321","5935","NA","5935","NA","NA","NA","16795","NA","5935","NA","NA","NA","8005","NA","3640559","3635836","3641065","3641816","3642321","3643073","3643578","3644192","3644943","3635016","Norway Session 6","288","556042","336","0","332","yes","","copula_be","1024","NA","Ze","","","250","strawberry","495","is","250","blackezur","420","and","250","ze","250","tray","285","too.","285","",""
"NA","NA","85.7566765578635","85.7566765578635","1651.1721068249258","1651.1721068249258","#242424","xpyriment","legacy","legacy","0","uniform","1","undefined","NA","NA","0","undefined","undefined","1","right_button","undefined","0","0","0","0","0","0","0","0","0","0","0","NA","NA","0","0","1","NA","NA","NA","NA","NA","NA","0","NA","0","332","332","332","332","NA","5","891","8","0","0","2330","0","0","0","0","0","0","0","332","0","NA","NA","332","332","332","332","332","3","332","332","333","0","0","0","NA","1","NA","0","0","3","0","0","332","332","332","0","0","0","0","0","0","0","0","0","NA","NA","0","0","NA","332","112","332","332","332","332","332","332","332","112","undefined","630","505","Thu Oct  3 17:47:30 2024","751","The main experiment item","yes","active","Norway_Session_6.osexp","1","C:\Users\Tromso\Desktop\LESS\Session 6","no","no","mono","no","18","no","white","no","Click to confirm or to begin from default part if nothing selected","NA","yes","","active","differential object marking","2","article location violation","103","768","legacy","Mini-English","NA","List 1: grammatical, DOM violation, article location violation","332","332","C:/Users/Tromso/Desktop/LESS/Session 6/subject-9.csv","1.2.3","xpyriment","","NA","singular","Lentiform Loewenfeld","3.3.14","0","3","NA","space","NA","NA","NA","NA","NA","NA","NA","NA","NA","space","c","NA","space","NA","space","3","403","NA","9282","NA","NA","NA","NA","NA","NA","NA","NA","NA","25457","90525","NA","10897","NA","110933","403","NA","8789","NA","space","2","legacy","Thomas wetted fi jesaucepan and fi jedrum too.","215","Session 6","NA","Experiment","2024-10-03 17:47","1024","2","48000","-16","Session6","Norway","9","odd","word4","48","NA","no","NA","109138","NA","26086","NA","16799","16795","5935","16795","NA","NA","NA","NA","NA","NA","NA","NA","NA","NA","NA","NA","NA","NA","NA","5934","3508202","3643040","3650746","3651299","NA","3329149","3654361","26086","NA","NA","3652768","NA","116646","NA","116649","NA","127550","238523","3648559","238513","NA","NA","3648581","3649252","3654618","3654618","3648559","16795","3646274","3646274","3655024","NA","NA","5935","NA","NA","NA","7993","NA","NA","NA","7994","3646261","3507691","3651252","5935","NA","5935","NA","NA","NA","16795","NA","5935","NA","NA","NA","8005","NA","3649523","3635836","3650134","3650746","3651252","3652010","3652516","3653133","3653969","3635016","Norway Session 6","289","556445","337","0","333","yes","1415","","1024","NA","Thomas","","","355","wetted","355","fi","250","jesaucepan","455","and","250","fi","250","jedrum","355","too.","285","",""
"NA","NA","85.79881656804734","85.79881656804734","1646.7514792899408","1646.7514792899408","#242424","xpyriment","legacy","legacy","0","uniform","1","undefined","NA","NA","0","undefined","undefined","1","left_button","undefined","0","0","0","0","0","0","0","0","0","0","0","NA","NA","0","0","1","NA","NA","NA","NA","NA","NA","0","NA","0","333","333","333","333","NA","5","895","8","0","0","2337","0","0","0","0","0","0","0","333","0","NA","NA","333","333","333","333","333","3","333","333","334","0","0","0","NA","1","NA","0","0","3","0","0","333","333","333","0","0","0","0","0","0","0","0","0","NA","NA","0","0","NA","333","113","333","333","333","333","333","333","333","113","undefined","630","505","Thu Oct  3 17:47:30 2024","751","The main experiment item","yes","active","Norway_Session_6.osexp","1","C:\Users\Tromso\Desktop\LESS\Session 6","no","no","mono","no","18","no","white","no","Click to confirm or to begin from default part if nothing selected","NA","yes","","active","differential object marking","2","grammatical","101","768","legacy","Mini-English","NA","List 1: grammatical, DOM violation, article location violation","333","333","C:/Users/Tromso/Desktop/LESS/Session 6/subject-9.csv","1.2.3","xpyriment","","NA","singular","Lentiform Loewenfeld","3.3.14","0","1","NA","space","NA","NA","NA","NA","NA","NA","NA","NA","NA","space","c","NA","space","NA","space","1","157","NA","9282","NA","NA","NA","NA","NA","NA","NA","NA","NA","25457","90525","NA","10897","NA","110933","157","NA","8789","NA","space","2","legacy","Charlie remembered fi ze tray but not fi je saucepan.","218","Session 6","NA","Experiment","2024-10-03 17:47","1024","2","48000","-16","Session6","Norway","9","odd","word4","49","NA","no","NA","109138","NA","26086","NA","16799","16795","5935","16795","NA","NA","NA","NA","NA","NA","NA","NA","NA","NA","NA","NA","NA","NA","NA","5934","3508202","3660559","3659544","3660096","NA","3329149","3664684","26086","NA","NA","3661596","NA","116646","NA","116649","NA","127550","238523","3657186","238513","NA","NA","3657208","3657878","3664937","3664937","3657186","16795","3655045","3655045","3665097","NA","NA","5935","NA","NA","NA","7993","NA","NA","NA","7994","3655032","3507691","3660049","5935","NA","5935","NA","NA","NA","16795","NA","5935","NA","NA","NA","8005","NA","3658147","3664127","3658793","3659543","3660049","3660802","3661343","3661961","3662665","3663401","Norway Session 6","290","556602","338","0","334","yes","519","","1024","NA","Charlie","saucepan.","460","390","remembered","495","fi","250","ze","210","tray","285","but","250","not","250","fi","250","je","250"
"NA","NA","85.54572271386431","85.54572271386431","1642.3185840707965","1642.3185840707965","#242424","xpyriment","legacy","legacy","0","uniform","0","undefined","NA","NA","0","undefined","undefined","0","right_button","undefined","0","0","0","0","0","0","0","0","0","0","0","NA","NA","0","0","1","NA","NA","NA","NA","NA","NA","0","NA","0","334","334","334","334","NA","5","897","8","0","0","2344","0","0","0","0","0","0","0","334","0","NA","NA","334","334","334","334","334","3","334","334","335","0","0","0","NA","1","NA","0","0","3","0","0","334","334","334","0","0","0","0","0","0","0","0","0","NA","NA","0","0","NA","334","113","334","334","334","334","334","334","334","113","undefined","630","505","Thu Oct  3 17:47:30 2024","739","The main experiment item","yes","active","Norway_Session_6.osexp","1","C:\Users\Tromso\Desktop\LESS\Session 6","no","no","mono","no","18","no","white","no","Click to confirm or to begin from default part if nothing selected","NA","yes","","active","differential object marking","2","DOM violation","102","768","legacy","Mini-English","NA","List 1: grammatical, DOM violation, article location violation","334","334","C:/Users/Tromso/Desktop/LESS/Session 6/subject-9.csv","1.2.3","xpyriment","","NA","singular","Lentiform Loewenfeld","3.3.14","0","1","NA","space","NA","NA","NA","NA","NA","NA","NA","NA","NA","space","c","NA","space","NA","space","1","144","NA","9282","NA","NA","NA","NA","NA","NA","NA","NA","NA","25457","90525","NA","10897","NA","110933","144","NA","8789","NA","space","2","legacy","Harry refused je box but not je drum.","201","Session 6","NA","Experiment","2024-10-03 17:47","1024","2","48000","-16","Session6","Norway","9","odd","word3","47","NA","no","NA","109138","NA","26086","NA","16799","16795","5935","16795","NA","NA","NA","NA","NA","NA","NA","NA","NA","NA","NA","NA","NA","NA","NA","5934","3669935","3660559","3669471","3670178","NA","3329149","3672961","26086","NA","NA","3671441","NA","116646","NA","116649","NA","127550","238523","3667242","238513","NA","NA","3667265","3667935","3673214","3673214","3667242","16795","3665118","3665118","3673361","NA","NA","5935","NA","NA","NA","7993","NA","NA","NA","7994","3665105","3669426","3660049","5935","NA","5935","NA","NA","NA","16795","NA","5935","NA","NA","NA","8005","NA","3668206","3664127","3668782","3669426","3670178","3670683","3671189","3671797","3672520","3663401","Norway Session 6","290","556746","339","0","335","yes","1214","","1024","NA","Harry","","","320","refused","390","je","210","box","250","but","250","not","250","je","250","drum.","320","",""
"NA","NA","85.58823529411765","85.58823529411765","1637.7941176470588","1637.7941176470588","#242424","xpyriment","legacy","legacy","0","uniform","1","undefined","NA","NA","0","undefined","undefined","1","right_button","undefined","0","0","0","0","0","0","0","0","0","0","0","NA","NA","0","0","1","NA","NA","NA","NA","NA","NA","0","NA","0","335","335","335","335","NA","5","899","8","0","0","2351","0","0","0","0","0","0","0","335","0","NA","NA","335","335","335","335","335","3","335","335","336","0","0","0","NA","1","NA","0","0","3","0","0","335","335","335","0","0","0","0","0","0","0","0","0","NA","NA","0","0","NA","335","113","335","335","335","335","335","335","335","113","undefined","626","507","Thu Oct  3 17:47:30 2024","744","The main experiment item","yes","active","Norway_Session_6.osexp","1","C:\Users\Tromso\Desktop\LESS\Session 6","no","no","mono","no","18","no","white","no","Click to confirm or to begin from default part if nothing selected","NA","yes","","active","verb-object agreement","3","article location violation","103","768","legacy","Mini-English","NA","List 1: grammatical, VOA violation, article location violation","335","335","C:/Users/Tromso/Desktop/LESS/Session 6/subject-9.csv","1.2.3","xpyriment","","NA","singular","Lentiform Loewenfeld","3.3.14","0","3","NA","space","NA","NA","NA","NA","NA","NA","NA","NA","NA","space","c","NA","space","NA","space","3","104","NA","9282","NA","NA","NA","NA","NA","NA","NA","NA","NA","25457","90525","NA","10897","NA","110933","104","NA","8789","NA","space","2","legacy","Jacob ordered fi jepencil but not fi zemug.","175","Session 6","NA","Experiment","2024-10-03 17:47","1024","2","48000","-16","Session6","Norway","9","odd","word4","45","NA","no","NA","109138","NA","26086","NA","16799","16795","5935","16795","NA","NA","NA","NA","NA","NA","NA","NA","NA","NA","NA","NA","NA","NA","NA","5934","3669935","3678877","3677687","3678240","NA","3329149","3681248","26086","NA","NA","3679704","NA","116646","NA","116649","NA","127550","238523","3675502","238513","NA","NA","3675525","3676195","3681502","3681502","3675502","16795","3673381","3673381","3681609","NA","NA","5935","NA","NA","NA","7993","NA","NA","NA","7994","3673367","3669426","3678192","5935","NA","5935","NA","NA","NA","16795","NA","5935","NA","NA","NA","8005","NA","3676465","3664127","3677041","3677687","3678192","3678946","3679452","3680066","3680784","3663401","Norway Session 6","291","556850","340","0","336","yes","106","","1024","NA","Jacob","","","320","ordered","390","fi","250","jepencil","385","but","250","not","250","fi","250","zemug.","355","",""
"NA","NA","85.63049853372434","85.63049853372434","1633.5454545454545","1633.5454545454545","#242424","xpyriment","legacy","legacy","0","uniform","1","undefined","NA","NA","0","undefined","undefined","1","left_button","undefined","0","0","0","0","0","0","0","0","0","0","0","NA","NA","0","0","1","NA","NA","NA","NA","NA","NA","0","NA","0","336","336","336","336","NA","5","903","8","0","0","2358","0","0","0","0","0","0","0","336","0","NA","NA","336","336","336","336","336","3","336","336","337","0","0","0","NA","1","NA","0","0","3","0","0","336","336","336","0","0","0","0","0","0","0","0","0","NA","NA","0","0","NA","336","114","336","336","336","336","336","336","336","114","undefined","626","507","Thu Oct  3 17:47:30 2024","759","The main experiment item","yes","active","Norway_Session_6.osexp","1","C:\Users\Tromso\Desktop\LESS\Session 6","no","no","mono","no","18","no","white","no","Click to confirm or to begin from default part if nothing selected","NA","yes","","active","differential object marking","2","grammatical","101","768","legacy","Mini-English","NA","List 1: grammatical, DOM violation, article location violation","336","336","C:/Users/Tromso/Desktop/LESS/Session 6/subject-9.csv","1.2.3","xpyriment","","NA","singular","Lentiform Loewenfeld","3.3.14","0","1","NA","space","NA","NA","NA","NA","NA","NA","NA","NA","NA","space","c","NA","space","NA","space","1","189","NA","9282","NA","NA","NA","NA","NA","NA","NA","NA","NA","25457","90525","NA","10897","NA","110933","189","NA","8789","NA","space","2","legacy","Harry provided fi ze letter but not fi je key.","150","Session 6","NA","Experiment","2024-10-03 17:47","1024","2","48000","-16","Session6","Norway","9","odd","word4","43","NA","no","NA","109138","NA","26086","NA","16799","16795","5935","16795","NA","NA","NA","NA","NA","NA","NA","NA","NA","NA","NA","NA","NA","NA","NA","5934","3669935","3687002","3685988","3686538","NA","3329149","3691036","26086","NA","NA","3688107","NA","116646","NA","116649","NA","127550","238523","3683769","238513","NA","NA","3683791","3684462","3691289","3691289","3683769","16795","3681627","3681627","3691480","NA","NA","5935","NA","NA","NA","7993","NA","NA","NA","7994","3681613","3669426","3686493","5935","NA","5935","NA","NA","NA","16795","NA","5935","NA","NA","NA","8005","NA","3684733","3690648","3685308","3685988","3686493","3687245","3687855","3688470","3689194","3689941","Norway Session 6","292","557039","341","0","337","yes","97","","1024","NA","Harry","key.","285","320","provided","425","fi","250","ze","210","letter","355","but","250","not","250","fi","250","je","250"
"NA","NA","85.38011695906432","85.38011695906432","1628.859649122807","1628.859649122807","#242424","xpyriment","legacy","legacy","0","uniform","0","undefined","NA","NA","0","undefined","undefined","0","right_button","undefined","0","0","0","0","0","0","0","0","0","0","0","NA","NA","0","0","1","NA","NA","NA","NA","NA","NA","0","NA","0","337","337","337","337","NA","5","905","8","0","0","2365","0","0","0","0","0","0","0","337","0","NA","NA","337","337","337","337","337","3","337","337","338","0","0","0","NA","1","NA","0","0","3","0","0","337","337","337","0","0","0","0","0","0","0","0","0","NA","NA","0","0","NA","337","114","337","337","337","337","337","337","337","114","undefined","626","507","Thu Oct  3 17:47:30 2024","753","The main experiment item","yes","active","Norway_Session_6.osexp","1","C:\Users\Tromso\Desktop\LESS\Session 6","no","no","mono","no","18","no","white","no","Click to confirm or to begin from default part if nothing selected","NA","yes","","active","differential object marking","2","DOM violation","102","768","legacy","Mini-English","NA","List 1: grammatical, DOM violation, article location violation","337","337","C:/Users/Tromso/Desktop/LESS/Session 6/subject-9.csv","1.2.3","xpyriment","","NA","singular","Lentiform Loewenfeld","3.3.14","0","1","NA","space","NA","NA","NA","NA","NA","NA","NA","NA","NA","space","c","NA","space","NA","space","1","31","NA","9282","NA","NA","NA","NA","NA","NA","NA","NA","NA","25457","90525","NA","10897","NA","110933","31","NA","8789","NA","space","2","legacy","Olivia forgot je box but not je saucepan.","195","Session 6","NA","Experiment","2024-10-03 17:47","1024","2","48000","-16","Session6","Norway","9","odd","word3","47","NA","no","NA","109138","NA","26086","NA","16799","16795","5935","16795","NA","NA","NA","NA","NA","NA","NA","NA","NA","NA","NA","NA","NA","NA","NA","5934","3696390","3687002","3695926","3696633","NA","3329149","3699552","26086","NA","NA","3697897","NA","116646","NA","116649","NA","127550","238523","3693697","238513","NA","NA","3693719","3694389","3699807","3699807","3693697","16795","3691498","3691498","3699847","NA","NA","5935","NA","NA","NA","7993","NA","NA","NA","7994","3691485","3695880","3686493","5935","NA","5935","NA","NA","NA","16795","NA","5935","NA","NA","NA","8005","NA","3694658","3690648","3695268","3695880","3696633","3697138","3697643","3698238","3698967","3689941","Norway Session 6","292","557070","342","0","338","yes","614","","1024","NA","Olivia","","","355","forgot","355","je","210","box","250","but","250","not","250","je","250","saucepan.","460","",""
"NA","NA","85.42274052478135","85.42274052478135","1624.466472303207","1624.466472303207","#242424","xpyriment","legacy","legacy","0","uniform","1","undefined","NA","NA","0","undefined","undefined","1","right_button","undefined","0","0","0","0","0","0","0","0","0","0","0","NA","NA","0","0","1","NA","NA","NA","NA","NA","NA","0","NA","0","338","338","338","338","NA","5","907","8","0","0","2372","0","0","0","0","0","0","0","338","0","NA","NA","338","338","338","338","338","3","338","338","339","0","0","0","NA","1","NA","0","0","3","0","0","338","338","338","0","0","0","0","0","0","0","0","0","NA","NA","0","0","NA","338","114","338","338","338","338","338","338","338","114","undefined","626","507","Thu Oct  3 17:47:30 2024","768","The main experiment item","yes","active","Norway_Session_6.osexp","1","C:\Users\Tromso\Desktop\LESS\Session 6","no","no","mono","no","18","no","white","no","Click to confirm or to begin from default part if nothing selected","NA","yes","common","active","gender agreement","1","gender violation","102","768","legacy","Mini-English","NA","List 1: grammatical, gender violation, number violation","338","338","C:/Users/Tromso/Desktop/LESS/Session 6/subject-9.csv","1.2.3","xpyriment","138","NA","plural","Lentiform Loewenfeld","3.3.14","0","3","NA","space","NA","NA","NA","NA","NA","NA","NA","NA","NA","space","c","NA","space","NA","space","3","122","NA","9282","NA","NA","NA","NA","NA","NA","NA","NA","NA","25457","90525","NA","10897","NA","110933","122","NA","8789","NA","space","2","legacy","Jer drum look darkezur but jer suitcase not.","122","Session 6","NA","Experiment","2024-10-03 17:47","1024","2","48000","-16","Session6","Norway","9","odd","word4","41","NA","no","NA","109138","NA","26086","NA","16799","16795","5935","16795","NA","NA","NA","NA","NA","NA","NA","NA","NA","NA","NA","NA","NA","NA","NA","5934","3696390","3705287","3704062","3704648","NA","3329149","3707756","26086","NA","NA","3706114","NA","116646","NA","116649","NA","127550","238523","3702052","238513","NA","NA","3702075","3702745","3708012","3708012","3702052","16795","3699874","3699874","3708140","NA","NA","5935","NA","NA","NA","7993","NA","NA","NA","7994","3699859","3695880","3704602","5935","NA","5935","NA","NA","NA","16795","NA","5935","NA","NA","NA","8005","NA","3703015","3690648","3703520","3704062","3704602","3705354","3705862","3706474","3707369","3689941","Norway Session 6","293","557192","343","0","339","yes","","copula_look","1024","NA","Jer","","","250","drum","285","look","285","darkezur","385","but","250","jer","250","suitcase","425","not.","285","",""
"NA","NA","85.17441860465117","85.17441860465117","1620.156976744186","1620.156976744186","#242424","xpyriment","legacy","legacy","0","uniform","0","undefined","NA","NA","0","undefined","undefined","0","right_button","undefined","0","0","0","0","0","0","0","0","0","0","0","NA","NA","0","0","1","NA","NA","NA","NA","NA","NA","0","NA","0","339","339","339","339","NA","5","909","8","0","0","2379","0","0","0","0","0","0","0","339","0","NA","NA","339","339","339","339","339","3","339","339","340","0","0","0","NA","1","NA","0","0","3","0","0","339","339","339","0","0","0","0","0","0","0","0","0","NA","NA","0","0","NA","339","114","339","339","339","339","339","339","339","114","undefined","626","507","Thu Oct  3 17:47:30 2024","756","The main experiment item","yes","active","Norway_Session_6.osexp","1","C:\Users\Tromso\Desktop\LESS\Session 6","no","no","mono","no","18","no","white","no","Click to confirm or to begin from default part if nothing selected","NA","yes","","active","differential object marking","2","DOM violation","102","768","legacy","Mini-English","NA","List 1: grammatical, DOM violation, article location violation","339","339","C:/Users/Tromso/Desktop/LESS/Session 6/subject-9.csv","1.2.3","xpyriment","","NA","singular","Lentiform Loewenfeld","3.3.14","0","1","NA","space","NA","NA","NA","NA","NA","NA","NA","NA","NA","space","c","NA","space","NA","space","1","142","NA","9282","NA","NA","NA","NA","NA","NA","NA","NA","NA","25457","90525","NA","10897","NA","110933","142","NA","8789","NA","space","2","legacy","Lily wetted je box but not ze leaf.","203","Session 6","NA","Experiment","2024-10-03 17:47","1024","2","48000","-16","Session6","Norway","9","odd","word3","47","NA","no","NA","109138","NA","26086","NA","16799","16795","5935","16795","NA","NA","NA","NA","NA","NA","NA","NA","NA","NA","NA","NA","NA","NA","NA","5934","3713032","3705287","3712568","3713275","NA","3329149","3716043","26086","NA","NA","3714538","NA","116646","NA","116649","NA","127550","238523","3710408","238513","NA","NA","3710430","3711101","3716296","3716296","3710408","16795","3708164","3708164","3716441","NA","NA","5935","NA","NA","NA","7993","NA","NA","NA","7994","3708150","3712524","3704602","5935","NA","5935","NA","NA","NA","16795","NA","5935","NA","NA","NA","8005","NA","3711372","3690648","3711912","3712522","3713275","3713781","3714285","3714901","3715613","3689941","Norway Session 6","293","557334","344","0","340","yes","1414","","1024","NA","Lily","","","285","wetted","355","je","210","box","250","but","250","not","250","ze","250","leaf.","320","",""
"NA","NA","85.21739130434783","85.21739130434783","1615.9362318840579","1615.9362318840579","#242424","xpyriment","legacy","legacy","0","uniform","1","undefined","NA","NA","0","undefined","undefined","1","right_button","undefined","0","0","0","0","0","0","0","0","0","0","0","NA","NA","0","0","1","NA","NA","NA","NA","NA","NA","0","NA","0","340","340","340","340","NA","5","913","8","0","0","2386","0","0","0","0","0","0","0","340","0","NA","NA","340","340","340","340","340","3","340","340","341","0","0","0","NA","1","NA","0","0","3","0","0","340","340","340","0","0","0","0","0","0","0","0","0","NA","NA","0","0","NA","340","115","340","340","340","340","340","340","340","115","undefined","619","509","Thu Oct  3 17:47:30 2024","742","The main experiment item","yes","active","Norway_Session_6.osexp","1","C:\Users\Tromso\Desktop\LESS\Session 6","no","no","mono","no","18","no","white","no","Click to confirm or to begin from default part if nothing selected","NA","yes","","active","verb-object agreement","3","VOA violation","102","768","legacy","Mini-English","NA","List 1: grammatical, VOA violation, article location violation","340","340","C:/Users/Tromso/Desktop/LESS/Session 6/subject-9.csv","1.2.3","xpyriment","","NA","plural","Lentiform Loewenfeld","3.3.14","0","3","NA","space","NA","NA","NA","NA","NA","NA","NA","NA","NA","space","c","NA","space","NA","space","3","164","NA","9282","NA","NA","NA","NA","NA","NA","NA","NA","NA","25457","90525","NA","10897","NA","110933","164","NA","8789","NA","space","2","legacy","Jessica dried fi jer truck and fi zer letter too.","166","Session 6","NA","Experiment","2024-10-03 17:47","1024","2","48000","-16","Session6","Norway","9","odd","word4","44","NA","no","NA","109138","NA","26086","NA","16799","16795","5935","16795","NA","NA","NA","NA","NA","NA","NA","NA","NA","NA","NA","NA","NA","NA","NA","5934","3713032","3721960","3720948","3721497","NA","3329149","3726044","26086","NA","NA","3723031","NA","116646","NA","116649","NA","127550","238523","3718763","238513","NA","NA","3718786","3719456","3726298","3726297","3718763","16795","3716462","3716462","3726464","NA","NA","5935","NA","NA","NA","7993","NA","NA","NA","7994","3716445","3712524","3721453","5935","NA","5935","NA","NA","NA","16795","NA","5935","NA","NA","NA","8005","NA","3719727","3725641","3720372","3720948","3721453","3722203","3722779","3723389","3724108","3724820","Norway Session 6","294","557498","345","0","341","yes","135","","1024","NA","Jessica","too.","285","390","dried","320","fi","250","jer","210","truck","320","and","250","fi","250","zer","250","letter","355"
"NA","NA","85.26011560693641","85.26011560693641","1611.586705202312","1611.586705202312","#242424","xpyriment","legacy","legacy","0","uniform","1","undefined","NA","NA","0","undefined","undefined","1","left_button","undefined","0","0","0","0","0","0","0","0","0","0","0","NA","NA","0","0","1","NA","NA","NA","NA","NA","NA","0","NA","0","341","341","341","341","NA","5","917","8","0","0","2393","0","0","0","0","0","0","0","341","0","NA","NA","341","341","341","341","341","3","341","341","342","0","0","0","NA","1","NA","0","0","3","0","0","341","341","341","0","0","0","0","0","0","0","0","0","NA","NA","0","0","NA","341","116","341","341","341","341","341","341","341","116","undefined","623","509","Thu Oct  3 17:47:30 2024","747","The main experiment item","yes","active","Norway_Session_6.osexp","1","C:\Users\Tromso\Desktop\LESS\Session 6","no","no","mono","no","18","no","white","no","Click to confirm or to begin from default part if nothing selected","NA","yes","","active","differential object marking","2","grammatical","101","768","legacy","Mini-English","NA","List 1: grammatical, DOM violation, article location violation","341","341","C:/Users/Tromso/Desktop/LESS/Session 6/subject-9.csv","1.2.3","xpyriment","","NA","singular","Lentiform Loewenfeld","3.3.14","0","1","NA","space","NA","NA","NA","NA","NA","NA","NA","NA","NA","space","c","NA","space","NA","space","1","111","NA","9282","NA","NA","NA","NA","NA","NA","NA","NA","NA","25457","90525","NA","10897","NA","110933","111","NA","8789","NA","space","2","legacy","Jacob cleaned fi je street and fi ze strawberry too.","112","Session 6","NA","Experiment","2024-10-03 17:47","1024","2","48000","-16","Session6","Norway","9","odd","word4","40","NA","no","NA","109138","NA","26086","NA","16799","16795","5935","16795","NA","NA","NA","NA","NA","NA","NA","NA","NA","NA","NA","NA","NA","NA","NA","5934","3713032","3731799","3730783","3731336","NA","3329149","3736106","26086","NA","NA","3732906","NA","116646","NA","116649","NA","127550","238523","3728601","238513","NA","NA","3728624","3729294","3736359","3736359","3728602","16795","3726483","3726483","3736473","NA","NA","5935","NA","NA","NA","7993","NA","NA","NA","7994","3726469","3712524","3731289","5935","NA","5935","NA","NA","NA","16795","NA","5935","NA","NA","NA","8005","NA","3729563","3735715","3730139","3730783","3731289","3732043","3732654","3733265","3733999","3734741","Norway Session 6","295","557609","346","0","342","yes","71","","1024","NA","Jacob","too.","285","320","cleaned","390","fi","250","je","210","street","355","and","250","fi","250","ze","250","strawberry","495"
"NA","NA","85.30259365994236","85.30259365994236","1607.5187319884726","1607.5187319884726","#242424","xpyriment","legacy","legacy","0","uniform","1","undefined","NA","NA","0","undefined","undefined","1","right_button","undefined","0","0","0","0","0","0","0","0","0","0","0","NA","NA","0","0","1","NA","NA","NA","NA","NA","NA","0","NA","0","342","342","342","342","NA","5","919","8","0","0","2400","0","0","0","0","0","0","0","342","0","NA","NA","342","342","342","342","342","3","342","342","343","0","0","0","NA","1","NA","0","0","3","0","0","342","342","342","0","0","0","0","0","0","0","0","0","NA","NA","0","0","NA","342","116","342","342","342","342","342","342","342","116","undefined","623","509","Thu Oct  3 17:47:30 2024","750","The main experiment item","yes","active","Norway_Session_6.osexp","1","C:\Users\Tromso\Desktop\LESS\Session 6","no","no","mono","no","18","no","white","no","Click to confirm or to begin from default part if nothing selected","NA","yes","common","active","gender agreement","1","gender violation","102","768","legacy","Mini-English","NA","List 1: grammatical, gender violation, number violation","342","342","C:/Users/Tromso/Desktop/LESS/Session 6/subject-9.csv","1.2.3","xpyriment","148","NA","plural","Lentiform Loewenfeld","3.3.14","0","3","NA","space","NA","NA","NA","NA","NA","NA","NA","NA","NA","space","c","NA","space","NA","space","3","200","NA","9282","NA","NA","NA","NA","NA","NA","NA","NA","NA","25457","90525","NA","10897","NA","110933","200","NA","8789","NA","space","2","legacy","Jer box look darkezur but jer drum not.","123","Session 6","NA","Experiment","2024-10-03 17:47","1024","2","48000","-16","Session6","Norway","9","odd","word4","41","NA","no","NA","109138","NA","26086","NA","16799","16795","5935","16795","NA","NA","NA","NA","NA","NA","NA","NA","NA","NA","NA","NA","NA","NA","NA","5934","3713032","3741886","3740659","3741248","NA","3329149","3744225","26086","NA","NA","3742712","NA","116646","NA","116649","NA","127550","238523","3738682","238513","NA","NA","3738707","3739377","3744478","3744478","3738683","16795","3736490","3736490","3744680","NA","NA","5935","NA","NA","NA","7993","NA","NA","NA","7994","3736477","3712524","3741201","5935","NA","5935","NA","NA","NA","16795","NA","5935","NA","NA","NA","8005","NA","3739647","3735715","3740153","3740659","3741200","3741954","3742460","3743072","3743838","3734741","Norway Session 6","296","557809","347","0","343","yes","","copula_look","1024","NA","Jer","","","250","box","250","look","285","darkezur","385","but","250","jer","250","drum","285","not.","285","",""
"NA","NA","85.34482758620689","85.34482758620689","1603.2557471264367","1603.2557471264367","#242424","xpyriment","legacy","legacy","0","uniform","1","undefined","NA","NA","0","undefined","undefined","1","right_button","undefined","0","0","0","0","0","0","0","0","0","0","0","NA","NA","0","0","1","NA","NA","NA","NA","NA","NA","0","NA","0","343","343","343","343","NA","5","923","8","0","0","2407","0","0","0","0","0","0","0","343","0","NA","NA","343","343","343","343","343","3","343","343","344","0","0","0","NA","1","NA","0","0","3","0","0","343","343","343","0","0","0","0","0","0","0","0","0","NA","NA","0","0","NA","343","117","343","343","343","343","343","343","343","117","undefined","623","509","Thu Oct  3 17:47:30 2024","734","The main experiment item","yes","active","Norway_Session_6.osexp","1","C:\Users\Tromso\Desktop\LESS\Session 6","no","no","mono","no","18","no","white","no","Click to confirm or to begin from default part if nothing selected","NA","yes","","active","verb-object agreement","3","VOA violation","102","768","legacy","Mini-English","NA","List 1: grammatical, VOA violation, article location violation","343","343","C:/Users/Tromso/Desktop/LESS/Session 6/subject-9.csv","1.2.3","xpyriment","","NA","plural","Lentiform Loewenfeld","3.3.14","0","3","NA","space","NA","NA","NA","NA","NA","NA","NA","NA","NA","space","c","NA","space","NA","space","3","124","NA","9282","NA","NA","NA","NA","NA","NA","NA","NA","NA","25457","90525","NA","10897","NA","110933","124","NA","8789","NA","space","2","legacy","Olivia provided fi zer mug but not fi zer closet.","198","Session 6","NA","Experiment","2024-10-03 17:47","1024","2","48000","-16","Session6","Norway","9","odd","word4","47","NA","no","NA","109138","NA","26086","NA","16799","16795","5935","16795","NA","NA","NA","NA","NA","NA","NA","NA","NA","NA","NA","NA","NA","NA","NA","5934","3713032","3750236","3749222","3749773","NA","3329149","3754261","26086","NA","NA","3751237","NA","116646","NA","116649","NA","127550","238523","3746968","238513","NA","NA","3746991","3747661","3754514","3754514","3746968","16795","3744706","3744706","3754640","NA","NA","5935","NA","NA","NA","7993","NA","NA","NA","7994","3744687","3712524","3749728","5935","NA","5935","NA","NA","NA","16795","NA","5935","NA","NA","NA","8005","NA","3747932","3753758","3748542","3749222","3749728","3750479","3750984","3751595","3752318","3753029","Norway Session 6","297","557933","348","0","344","yes","98","","1024","NA","Olivia","closet.","390","355","provided","425","fi","250","zer","210","mug","250","but","250","not","250","fi","250","zer","250"
"NA","NA","85.38681948424069","85.38681948424069","1599.3839541547277","1599.3839541547277","#242424","xpyriment","legacy","legacy","0","uniform","1","undefined","NA","NA","0","undefined","undefined","1","right_button","undefined","0","0","0","0","0","0","0","0","0","0","0","NA","NA","0","0","1","NA","NA","NA","NA","NA","NA","0","NA","0","344","344","344","344","NA","5","925","8","0","0","2414","0","0","0","0","0","0","0","344","0","NA","NA","344","344","344","344","344","3","344","344","345","0","0","0","NA","1","NA","0","0","3","0","0","344","344","344","0","0","0","0","0","0","0","0","0","NA","NA","0","0","NA","344","117","344","344","344","344","344","344","344","117","undefined","623","509","Thu Oct  3 17:47:30 2024","756","The main experiment item","yes","active","Norway_Session_6.osexp","1","C:\Users\Tromso\Desktop\LESS\Session 6","no","no","mono","no","18","no","white","no","Click to confirm or to begin from default part if nothing selected","NA","yes","common","active","gender agreement","1","number violation","103","768","legacy","Mini-English","NA","List 1: grammatical, gender violation, number violation","344","344","C:/Users/Tromso/Desktop/LESS/Session 6/subject-9.csv","1.2.3","xpyriment","1312","NA","plural","Lentiform Loewenfeld","3.3.14","0","3","NA","space","NA","NA","NA","NA","NA","NA","NA","NA","NA","space","c","NA","space","NA","space","3","252","NA","9282","NA","NA","NA","NA","NA","NA","NA","NA","NA","25457","90525","NA","10897","NA","110933","252","NA","8789","NA","space","2","legacy","Jer drum look dangerouseju but jer suitcase not.","170","Session 6","NA","Experiment","2024-10-03 17:47","1024","2","48000","-16","Session6","Norway","9","odd","word4","45","NA","no","NA","109138","NA","26086","NA","16799","16795","5935","16795","NA","NA","NA","NA","NA","NA","NA","NA","NA","NA","NA","NA","NA","NA","NA","5934","3713032","3750236","3758929","3759514","NA","3329149","3762685","26086","NA","NA","3761053","NA","116646","NA","116649","NA","127550","238523","3756919","238513","NA","NA","3756941","3757611","3762938","3762938","3756919","16795","3754659","3754659","3763193","NA","NA","5935","NA","NA","NA","7993","NA","NA","NA","7994","3754645","3712524","3759470","5935","NA","5935","NA","NA","NA","16795","NA","5935","NA","NA","NA","8005","NA","3757882","3753758","3758389","3758929","3759470","3760295","3760801","3761412","3762295","3753029","Norway Session 6","298","558185","349","0","345","yes","","copula_look","1024","NA","Jer","","","250","drum","285","look","285","dangerouseju","525","but","250","jer","250","suitcase","425","not.","285","",""
"NA","NA","85.14285714285714","85.14285714285714","1595.1542857142856","1595.1542857142856","#242424","xpyriment","legacy","legacy","0","uniform","0","undefined","NA","NA","0","undefined","undefined","0","right_button","undefined","0","0","0","0","0","0","0","0","0","0","0","NA","NA","0","0","1","NA","NA","NA","NA","NA","NA","0","NA","0","345","345","345","345","NA","5","927","8","0","0","2421","0","0","0","0","0","0","0","345","0","NA","NA","345","345","345","345","345","3","345","345","346","0","0","0","NA","1","NA","0","0","3","0","0","345","345","345","0","0","0","0","0","0","0","0","0","NA","NA","0","0","NA","345","117","345","345","345","345","345","345","345","117","undefined","623","509","Thu Oct  3 17:47:30 2024","760","The main experiment item","yes","active","Norway_Session_6.osexp","1","C:\Users\Tromso\Desktop\LESS\Session 6","no","no","mono","no","18","no","white","no","Click to confirm or to begin from default part if nothing selected","NA","yes","","active","differential object marking","2","DOM violation","102","768","legacy","Mini-English","NA","List 1: grammatical, DOM violation, article location violation","345","345","C:/Users/Tromso/Desktop/LESS/Session 6/subject-9.csv","1.2.3","xpyriment","","NA","singular","Lentiform Loewenfeld","3.3.14","0","1","NA","space","NA","NA","NA","NA","NA","NA","NA","NA","NA","space","c","NA","space","NA","space","1","119","NA","9282","NA","NA","NA","NA","NA","NA","NA","NA","NA","25457","90525","NA","10897","NA","110933","119","NA","8789","NA","space","2","legacy","Thomas fixed je box but not je drum.","204","Session 6","NA","Experiment","2024-10-03 17:47","1024","2","48000","-16","Session6","Norway","9","odd","word3","47","NA","no","NA","109138","NA","26086","NA","16799","16795","5935","16795","NA","NA","NA","NA","NA","NA","NA","NA","NA","NA","NA","NA","NA","NA","NA","5934","3768139","3750236","3767675","3768383","NA","3329149","3771170","26086","NA","NA","3769647","NA","116646","NA","116649","NA","127550","238523","3765480","238513","NA","NA","3765503","3766173","3771423","3771423","3765480","16795","3763220","3763220","3771544","NA","NA","5935","NA","NA","NA","7993","NA","NA","NA","7994","3763202","3767629","3759470","5935","NA","5935","NA","NA","NA","16795","NA","5935","NA","NA","NA","8005","NA","3766443","3753758","3767054","3767629","3768383","3768889","3769395","3770008","3770743","3753029","Norway Session 6","298","558304","350","0","346","yes","1514","","1024","NA","Thomas","","","355","fixed","320","je","210","box","250","but","250","not","250","je","250","drum.","320","",""
"NA","NA","85.18518518518519","85.18518518518519","1590.994301994302","1590.994301994302","#242424","xpyriment","legacy","legacy","0","uniform","1","undefined","NA","NA","0","undefined","undefined","1","left_button","undefined","0","0","0","0","0","0","0","0","0","0","0","NA","NA","0","0","1","NA","NA","NA","NA","NA","NA","0","NA","0","346","346","346","346","NA","5","931","8","0","0","2428","0","0","0","0","0","0","0","346","0","NA","NA","346","346","346","346","346","3","346","346","347","0","0","0","NA","1","NA","0","0","3","0","0","346","346","346","0","0","0","0","0","0","0","0","0","NA","NA","0","0","NA","346","118","346","346","346","346","346","346","346","118","undefined","636","506","Thu Oct  3 17:47:30 2024","734","The main experiment item","yes","active","Norway_Session_6.osexp","1","C:\Users\Tromso\Desktop\LESS\Session 6","no","no","mono","no","18","no","white","no","Click to confirm or to begin from default part if nothing selected","NA","yes","","active","differential object marking","2","grammatical","101","768","legacy","Mini-English","NA","List 1: grammatical, DOM violation, article location violation","346","346","C:/Users/Tromso/Desktop/LESS/Session 6/subject-9.csv","1.2.3","xpyriment","","NA","singular","Lentiform Loewenfeld","3.3.14","0","1","NA","space","NA","NA","NA","NA","NA","NA","NA","NA","NA","space","c","NA","space","NA","space","1","135","NA","9282","NA","NA","NA","NA","NA","NA","NA","NA","NA","25457","90525","NA","10897","NA","110933","135","NA","8789","NA","space","2","legacy","Oliver chose fi ze tray but not fi ze table.","224","Session 6","NA","Experiment","2024-10-03 17:47","1024","2","48000","-16","Session6","Norway","9","odd","word4","49","NA","no","NA","109138","NA","26086","NA","16799","16795","5935","16795","NA","NA","NA","NA","NA","NA","NA","NA","NA","NA","NA","NA","NA","NA","NA","5934","3768139","3777049","3776032","3776585","NA","3329149","3781171","26086","NA","NA","3778085","NA","116646","NA","116649","NA","127550","238523","3773885","238513","NA","NA","3773908","3774579","3781424","3781424","3773885","16795","3771563","3771563","3781561","NA","NA","5935","NA","NA","NA","7993","NA","NA","NA","7994","3771549","3767629","3776538","5935","NA","5935","NA","NA","NA","16795","NA","5935","NA","NA","NA","8005","NA","3774847","3780664","3775458","3776032","3776538","3777292","3777833","3778450","3779193","3779911","Norway Session 6","299","558439","351","0","347","yes","1119","","1024","NA","Oliver","table.","355","355","chose","320","fi","250","ze","210","tray","285","but","250","not","250","fi","250","ze","250"
"NA","NA","85.22727272727273","85.22727272727273","1586.997159090909","1586.997159090909","#242424","xpyriment","legacy","legacy","0","uniform","1","undefined","NA","NA","0","undefined","undefined","1","left_button","undefined","0","0","0","0","0","0","0","0","0","0","0","NA","NA","0","0","1","NA","NA","NA","NA","NA","NA","0","NA","0","347","347","347","347","NA","5","935","8","0","0","2435","0","0","0","0","0","0","0","347","0","NA","NA","347","347","347","347","347","3","347","347","348","0","0","0","NA","1","NA","0","0","3","0","0","347","347","347","0","0","0","0","0","0","0","0","0","NA","NA","0","0","NA","347","119","347","347","347","347","347","347","347","119","undefined","639","508","Thu Oct  3 17:47:30 2024","766","The main experiment item","yes","active","Norway_Session_6.osexp","1","C:\Users\Tromso\Desktop\LESS\Session 6","no","no","mono","no","18","no","white","no","Click to confirm or to begin from default part if nothing selected","NA","yes","","active","differential object marking","2","grammatical","101","768","legacy","Mini-English","NA","List 1: grammatical, DOM violation, article location violation","347","347","C:/Users/Tromso/Desktop/LESS/Session 6/subject-9.csv","1.2.3","xpyriment","","NA","singular","Lentiform Loewenfeld","3.3.14","0","1","NA","space","NA","NA","NA","NA","NA","NA","NA","NA","NA","space","c","NA","space","NA","space","1","184","NA","9282","NA","NA","NA","NA","NA","NA","NA","NA","NA","25457","90525","NA","10897","NA","110933","184","NA","8789","NA","space","2","legacy","Thomas forgot fi je street and fi ze tray too.","111","Session 6","NA","Experiment","2024-10-03 17:47","1024","2","48000","-16","Session6","Norway","9","odd","word4","40","NA","no","NA","109138","NA","26086","NA","16799","16795","5935","16795","NA","NA","NA","NA","NA","NA","NA","NA","NA","NA","NA","NA","NA","NA","NA","5934","3768139","3786974","3785957","3786511","NA","3329149","3791034","26086","NA","NA","3788079","NA","116646","NA","116649","NA","127550","238523","3783774","238513","NA","NA","3783797","3784468","3791287","3791286","3783775","16795","3781580","3781580","3791473","NA","NA","5935","NA","NA","NA","7993","NA","NA","NA","7994","3781566","3767629","3786463","5935","NA","5935","NA","NA","NA","16795","NA","5935","NA","NA","NA","8005","NA","3784736","3790637","3785347","3785957","3786462","3787217","3787827","3788440","3789166","3789896","Norway Session 6","300","558623","352","0","348","yes","61","","1024","NA","Thomas","too.","285","355","forgot","355","fi","250","je","210","street","355","and","250","fi","250","ze","250","tray","285"
"NA","NA","84.98583569405099","84.98583569405099","1585.85835694051","1585.85835694051","#242424","xpyriment","legacy","legacy","0","uniform","0","undefined","NA","NA","0","undefined","undefined","0","right_button","undefined","0","0","0","0","0","0","0","0","0","0","0","NA","NA","0","0","1","NA","NA","NA","NA","NA","NA","0","NA","0","348","348","348","348","NA","5","937","8","0","0","2442","0","0","0","0","0","0","0","348","0","NA","NA","348","348","348","348","348","3","348","348","349","0","0","0","NA","1","NA","0","0","3","0","0","348","348","348","0","0","0","0","0","0","0","0","0","NA","NA","0","0","NA","348","119","348","348","348","348","348","348","348","119","undefined","615","511","Thu Oct  3 17:47:30 2024","742","The main experiment item","yes","active","Norway_Session_6.osexp","1","C:\Users\Tromso\Desktop\LESS\Session 6","no","no","mono","no","18","no","white","no","Click to confirm or to begin from default part if nothing selected","NA","yes","","active","differential object marking","2","DOM violation","102","768","legacy","Mini-English","NA","List 1: grammatical, DOM violation, article location violation","348","348","C:/Users/Tromso/Desktop/LESS/Session 6/subject-9.csv","1.2.3","xpyriment","","NA","singular","Lentiform Loewenfeld","3.3.14","0","1","NA","space","NA","NA","NA","NA","NA","NA","NA","NA","NA","space","c","NA","space","NA","space","1","1185","NA","9282","NA","NA","NA","NA","NA","NA","NA","NA","NA","25457","90525","NA","10897","NA","110933","1185","NA","8789","NA","space","2","legacy","Thomas dirtied ze leaf and je wall too.","233","Session 6","NA","Experiment","2024-10-03 17:47","1024","2","48000","-16","Session6","Norway","9","odd","word3","50","NA","no","NA","109138","NA","26086","NA","16799","16795","5935","16795","NA","NA","NA","NA","NA","NA","NA","NA","NA","NA","NA","NA","NA","NA","NA","5934","3796458","3786974","3795995","3796701","NA","3329149","3799537","26086","NA","NA","3798002","NA","116646","NA","116649","NA","127550","238523","3793725","238513","NA","NA","3793748","3794418","3799790","3799790","3793726","16795","3791491","3791491","3800976","NA","NA","5935","NA","NA","NA","7993","NA","NA","NA","7994","3791477","3795948","3786463","5935","NA","5935","NA","NA","NA","16795","NA","5935","NA","NA","NA","8005","NA","3794689","3790637","3795300","3795948","3796701","3797244","3797749","3798381","3799141","3789896","Norway Session 6","300","559808","353","0","349","yes","820","","1024","NA","Thomas","","","355","dirtied","390","ze","210","leaf","285","and","250","je","250","wall","285","too.","285","",""
"NA","NA","85.02824858757062","85.02824858757062","1591.2005649717514","1591.2005649717514","#242424","xpyriment","legacy","legacy","0","uniform","1","undefined","NA","NA","0","undefined","undefined","1","right_button","undefined","0","0","0","0","0","0","0","0","0","0","0","NA","NA","0","0","1","NA","NA","NA","NA","NA","NA","0","NA","0","349","349","349","349","NA","5","939","8","0","0","2449","0","0","0","0","0","0","0","349","0","NA","NA","349","349","349","349","349","3","349","349","350","0","0","0","NA","1","NA","0","0","3","0","0","349","349","349","0","0","0","0","0","0","0","0","0","NA","NA","0","0","NA","349","119","349","349","349","349","349","349","349","119","undefined","615","511","Thu Oct  3 17:47:30 2024","767","The main experiment item","yes","active","Norway_Session_6.osexp","1","C:\Users\Tromso\Desktop\LESS\Session 6","no","no","mono","no","18","no","white","no","Click to confirm or to begin from default part if nothing selected","NA","yes","neuter","active","gender agreement","1","gender violation","102","768","legacy","Mini-English","NA","List 1: grammatical, gender violation, number violation","349","349","C:/Users/Tromso/Desktop/LESS/Session 6/subject-9.csv","1.2.3","xpyriment","2017","NA","singular","Lentiform Loewenfeld","3.3.14","0","3","NA","space","NA","NA","NA","NA","NA","NA","NA","NA","NA","space","c","NA","space","NA","space","3","3477","NA","9282","NA","NA","NA","NA","NA","NA","NA","NA","NA","25457","90525","NA","10897","NA","110933","3477","NA","8789","NA","space","2","legacy","Ze leaf is yelloweju and ze mirror too.","237","Session 6","NA","Experiment","2024-10-03 17:47","1024","2","48000","-16","Session6","Norway","9","odd","word4","50","NA","no","NA","109138","NA","26086","NA","16799","16795","5935","16795","NA","NA","NA","NA","NA","NA","NA","NA","NA","NA","NA","NA","NA","NA","NA","5934","3796458","3806357","3805133","3805684","NA","3329149","3808771","26086","NA","NA","3807147","NA","116646","NA","116649","NA","127550","238523","3803126","238513","NA","NA","3803148","3803819","3809025","3809024","3803126","16795","3800996","3800996","3812505","NA","NA","5935","NA","NA","NA","7993","NA","NA","NA","7994","3800981","3795948","3805638","5935","NA","5935","NA","NA","NA","16795","NA","5935","NA","NA","NA","8005","NA","3804088","3790637","3804592","3805133","3805638","3806390","3806895","3807510","3808366","3789896","Norway Session 6","301","563285","354","0","350","yes","","copula_be","1024","NA","Ze","","","250","leaf","285","is","250","yelloweju","420","and","250","ze","250","mirror","355","too.","285","",""
"NA","NA","85.07042253521126","85.07042253521126","1588.0732394366198","1588.0732394366198","#242424","xpyriment","legacy","legacy","0","uniform","1","undefined","NA","NA","0","undefined","undefined","1","right_button","undefined","0","0","0","0","0","0","0","0","0","0","0","NA","NA","0","0","1","NA","NA","NA","NA","NA","NA","0","NA","0","350","350","350","350","NA","6","943","8","0","0","2456","0","0","0","0","0","0","0","350","0","NA","NA","350","350","350","350","350","3","350","350","351","0","0","0","NA","1","NA","0","0","3","0","0","350","350","350","0","0","0","0","0","0","0","0","0","NA","NA","0","0","NA","350","120","350","350","350","350","350","350","350","120","undefined","614","511","Thu Oct  3 17:47:30 2024","747","The main experiment item","yes","active","Norway_Session_6.osexp","1","C:\Users\Tromso\Desktop\LESS\Session 6","no","no","mono","no","18","no","white","no","Click to confirm or to begin from default part if nothing selected","NA","yes","","active","verb-object agreement","3","VOA violation","102","768","legacy","Mini-English","NA","List 1: grammatical, VOA violation, article location violation","350","350","C:/Users/Tromso/Desktop/LESS/Session 6/subject-9.csv","1.2.3","xpyriment","","NA","singular","Lentiform Loewenfeld","3.3.14","0","3","NA","space","NA","NA","NA","NA","NA","NA","NA","NA","NA","space","c","NA","space","NA","space","3","481","NA","9282","NA","NA","NA","NA","NA","NA","NA","NA","NA","27896","90525","NA","10897","NA","110933","481","NA","8789","NA","space","2","legacy","Thomas dirtiedevo fi ze roof and fi je wall too.","233","Session 6","NA","Experiment","2024-10-03 17:47","1024","2","48000","-16","Session6","Norway","9","odd","word4","50","NA","no","NA","109138","NA","26086","NA","16799","16795","5935","16795","NA","NA","NA","NA","NA","NA","NA","NA","NA","NA","NA","NA","NA","NA","NA","5934","3796458","3846371","3845355","3845909","NA","3812670","3850383","26086","NA","NA","3847407","NA","116646","NA","116649","NA","127550","238523","3843034","238513","NA","NA","3843056","3843726","3850637","3850637","3843034","16795","3840572","3840572","3851121","NA","NA","5935","NA","NA","NA","7993","NA","NA","NA","7994","3812510","3795948","3845861","5935","NA","5935","NA","NA","NA","16795","NA","5935","NA","NA","NA","8005","NA","3843996","3849987","3844605","3845355","3845861","3846613","3847154","3847770","3848500","3849226","Norway Session 6","302","563766","355","0","351","yes","811","","1024","NA","Thomas","too.","285","355","dirtiedevo","495","fi","250","ze","210","roof","285","and","250","fi","250","je","250","wall","285"
"NA","NA","85.11235955056179","85.11235955056179","1600.7303370786517","1600.7303370786517","#242424","xpyriment","legacy","legacy","0","uniform","1","undefined","NA","NA","0","undefined","undefined","1","right_button","undefined","0","0","0","0","0","0","0","0","0","0","0","NA","NA","0","0","1","NA","NA","NA","NA","NA","NA","0","NA","0","351","351","351","351","NA","6","945","8","0","0","2463","0","0","0","0","0","0","0","351","0","NA","NA","351","351","351","351","351","3","351","351","352","0","0","0","NA","1","NA","0","0","3","0","0","351","351","351","0","0","0","0","0","0","0","0","0","NA","NA","0","0","NA","351","120","351","351","351","351","351","351","351","120","undefined","565","511","Thu Oct  3 17:47:30 2024","755","The main experiment item","yes","active","Norway_Session_6.osexp","1","C:\Users\Tromso\Desktop\LESS\Session 6","no","no","mono","no","18","no","white","no","Click to confirm or to begin from default part if nothing selected","NA","yes","neuter","active","gender agreement","1","gender violation","102","768","legacy","Mini-English","NA","List 1: grammatical, gender violation, number violation","351","351","C:/Users/Tromso/Desktop/LESS/Session 6/subject-9.csv","1.2.3","xpyriment","198","NA","plural","Lentiform Loewenfeld","3.3.14","0","3","NA","space","NA","NA","NA","NA","NA","NA","NA","NA","NA","space","c","NA","space","NA","space","3","6094","NA","9282","NA","NA","NA","NA","NA","NA","NA","NA","NA","27896","90525","NA","10897","NA","110933","6094","NA","8789","NA","space","2","legacy","Zer tray look darkejur but zer leaf not.","128","Session 6","NA","Experiment","2024-10-03 17:47","1024","2","48000","-16","Session6","Norway","9","odd","word4","41","NA","no","NA","109138","NA","26086","NA","16799","16795","5935","16795","NA","NA","NA","NA","NA","NA","NA","NA","NA","NA","NA","NA","NA","NA","NA","5934","3796458","3856678","3855451","3856039","NA","3812670","3859026","26086","NA","NA","3857503","NA","116646","NA","116649","NA","127550","238523","3853442","238513","NA","NA","3853464","3854135","3859280","3859280","3853442","16795","3851142","3851142","3865376","NA","NA","5935","NA","NA","NA","7993","NA","NA","NA","7994","3851128","3795948","3855994","5935","NA","5935","NA","NA","NA","16795","NA","5935","NA","NA","NA","8005","NA","3854405","3849987","3854911","3855451","3855993","3856745","3857251","3857870","3858633","3849226","Norway Session 6","303","569860","356","0","352","yes","","copula_look","1024","NA","Zer","","","250","tray","285","look","285","darkejur","385","but","250","zer","250","leaf","285","not.","285","",""
"NA","NA","85.15406162464986","85.15406162464986","1597.3081232492998","1597.3081232492998","#242424","xpyriment","legacy","legacy","0","uniform","1","undefined","NA","NA","0","undefined","undefined","1","right_button","undefined","0","0","0","0","0","0","0","0","0","0","0","NA","NA","0","0","1","NA","NA","NA","NA","NA","NA","0","NA","0","352","352","352","352","NA","6","947","8","0","0","2470","0","0","0","0","0","0","0","352","0","NA","NA","352","352","352","352","352","3","352","352","353","0","0","0","NA","1","NA","0","0","3","0","0","352","352","352","0","0","0","0","0","0","0","0","0","NA","NA","0","0","NA","352","120","352","352","352","352","352","352","352","120","undefined","560","511","Thu Oct  3 17:47:30 2024","754","The main experiment item","yes","active","Norway_Session_6.osexp","1","C:\Users\Tromso\Desktop\LESS\Session 6","no","no","mono","no","18","no","white","no","Click to confirm or to begin from default part if nothing selected","NA","yes","common","active","gender agreement","1","gender violation","102","768","legacy","Mini-English","NA","List 1: grammatical, gender violation, number violation","352","352","C:/Users/Tromso/Desktop/LESS/Session 6/subject-9.csv","1.2.3","xpyriment","1817","NA","singular","Lentiform Loewenfeld","3.3.14","0","3","NA","space","NA","NA","NA","NA","NA","NA","NA","NA","NA","space","c","NA","space","NA","space","3","379","NA","9282","NA","NA","NA","NA","NA","NA","NA","NA","NA","27896","90525","NA","10897","NA","110933","379","NA","8789","NA","space","2","legacy","Je dress is yellowezu and je fork too.","235","Session 6","NA","Experiment","2024-10-03 17:47","1024","2","48000","-16","Session6","Norway","9","odd","word4","50","NA","no","NA","109138","NA","26086","NA","16799","16795","5935","16795","NA","NA","NA","NA","NA","NA","NA","NA","NA","NA","NA","NA","NA","NA","NA","5934","3796458","3871141","3869916","3870468","NA","3812670","3873431","26086","NA","NA","3871931","NA","116646","NA","116649","NA","127550","238523","3867874","238513","NA","NA","3867897","3868567","3873684","3873684","3867874","16795","3865398","3865398","3874065","NA","NA","5935","NA","NA","NA","7993","NA","NA","NA","7994","3865384","3795948","3870421","5935","NA","5935","NA","NA","NA","16795","NA","5935","NA","NA","NA","8005","NA","3868837","3849987","3869342","3869916","3870421","3871173","3871679","3872280","3873037","3849226","Norway Session 6","304","570239","357","0","353","yes","","copula_be","1024","NA","Je","","","250","dress","320","is","250","yellowezu","420","and","250","je","250","fork","285","too.","285","",""
"NA","NA","85.19553072625699","85.19553072625699","1594.1340782122904","1594.1340782122904","#242424","xpyriment","legacy","legacy","0","uniform","1","undefined","NA","NA","0","undefined","undefined","1","left_button","undefined","0","0","0","0","0","0","0","0","0","0","0","NA","NA","0","0","1","NA","NA","NA","NA","NA","NA","0","NA","0","353","353","353","353","NA","6","951","8","0","0","2477","0","0","0","0","0","0","0","353","0","NA","NA","353","353","353","353","353","3","353","353","354","0","0","0","NA","1","NA","0","0","3","0","0","353","353","353","0","0","0","0","0","0","0","0","0","NA","NA","0","0","NA","353","121","353","353","353","353","353","353","353","121","undefined","634","511","Thu Oct  3 17:47:30 2024","760","The main experiment item","yes","active","Norway_Session_6.osexp","1","C:\Users\Tromso\Desktop\LESS\Session 6","no","no","mono","no","18","no","white","no","Click to confirm or to begin from default part if nothing selected","NA","yes","","active","differential object marking","2","grammatical","101","768","legacy","Mini-English","NA","List 1: grammatical, DOM violation, article location violation","353","353","C:/Users/Tromso/Desktop/LESS/Session 6/subject-9.csv","1.2.3","xpyriment","","NA","singular","Lentiform Loewenfeld","3.3.14","0","1","NA","space","NA","NA","NA","NA","NA","NA","NA","NA","NA","space","c","NA","space","NA","space","1","461","NA","9282","NA","NA","NA","NA","NA","NA","NA","NA","NA","27896","90525","NA","10897","NA","110933","461","NA","8789","NA","space","2","legacy","Charlie spoiled fi je street and fi je drum too.","121","Session 6","NA","Experiment","2024-10-03 17:47","1024","2","48000","-16","Session6","Norway","9","odd","word4","40","NA","no","NA","109138","NA","26086","NA","16799","16795","5935","16795","NA","NA","NA","NA","NA","NA","NA","NA","NA","NA","NA","NA","NA","NA","NA","5934","3796458","3879591","3878578","3879128","NA","3812670","3883629","26086","NA","NA","3880699","NA","116646","NA","116649","NA","127550","238523","3876325","238513","NA","NA","3876348","3877019","3883882","3883882","3876325","16795","3874085","3874085","3884345","NA","NA","5935","NA","NA","NA","7993","NA","NA","NA","7994","3874072","3795948","3879084","5935","NA","5935","NA","NA","NA","16795","NA","5935","NA","NA","NA","8005","NA","3877288","3883233","3877933","3878578","3879084","3879834","3880446","3881070","3881786","3882498","Norway Session 6","305","570700","358","0","354","yes","161","","1024","NA","Charlie","too.","285","390","spoiled","390","fi","250","je","210","street","355","and","250","fi","250","je","250","drum","285"
"NA","NA","85.23676880222841","85.23676880222841","1590.2534818941504","1590.2534818941504","#242424","xpyriment","legacy","legacy","0","uniform","1","undefined","NA","NA","0","undefined","undefined","1","left_button","undefined","0","0","0","0","0","0","0","0","0","0","0","NA","NA","0","0","1","NA","NA","NA","NA","NA","NA","0","NA","0","354","354","354","354","NA","6","955","8","0","0","2484","0","0","0","0","0","0","0","354","0","NA","NA","354","354","354","354","354","3","354","354","355","0","0","0","NA","1","NA","0","0","3","0","0","354","354","354","0","0","0","0","0","0","0","0","0","NA","NA","0","0","NA","354","122","354","354","354","354","354","354","354","122","undefined","613","511","Thu Oct  3 17:47:30 2024","755","The main experiment item","yes","active","Norway_Session_6.osexp","1","C:\Users\Tromso\Desktop\LESS\Session 6","no","no","mono","no","18","no","white","no","Click to confirm or to begin from default part if nothing selected","NA","yes","","active","verb-object agreement","3","grammatical","101","768","legacy","Mini-English","NA","List 1: grammatical, VOA violation, article location violation","354","354","C:/Users/Tromso/Desktop/LESS/Session 6/subject-9.csv","1.2.3","xpyriment","","NA","singular","Lentiform Loewenfeld","3.3.14","0","1","NA","space","NA","NA","NA","NA","NA","NA","NA","NA","NA","space","c","NA","space","NA","space","1","201","NA","9282","NA","NA","NA","NA","NA","NA","NA","NA","NA","27896","90525","NA","10897","NA","110933","201","NA","8789","NA","space","2","legacy","Jessica wetted fi je street and fi ze roof too.","119","Session 6","NA","Experiment","2024-10-03 17:47","1024","2","48000","-16","Session6","Norway","9","odd","word4","40","NA","no","NA","109138","NA","26086","NA","16799","16795","5935","16795","NA","NA","NA","NA","NA","NA","NA","NA","NA","NA","NA","NA","NA","NA","NA","5934","3796458","3889803","3888787","3889340","NA","3812670","3893888","26086","NA","NA","3890908","NA","116646","NA","116649","NA","127550","238523","3886565","238513","NA","NA","3886588","3887258","3894141","3894141","3886565","16795","3884366","3884366","3894345","NA","NA","5935","NA","NA","NA","7993","NA","NA","NA","7994","3884352","3795948","3889293","5935","NA","5935","NA","NA","NA","16795","NA","5935","NA","NA","NA","8005","NA","3887530","3893495","3888177","3888787","3889293","3890046","3890655","3891266","3892034","3892744","Norway Session 6","306","570901","359","0","355","yes","141","","1024","NA","Jessica","too.","285","390","wetted","355","fi","250","je","210","street","355","and","250","fi","250","ze","250","roof","285"
"NA","NA","85.27777777777777","85.27777777777777","1586.1555555555556","1586.1555555555556","#242424","xpyriment","legacy","legacy","0","uniform","1","undefined","NA","NA","0","undefined","undefined","1","left_button","undefined","0","0","0","0","0","0","0","0","0","0","0","NA","NA","0","0","1","NA","NA","NA","NA","NA","NA","0","NA","0","355","355","355","355","NA","6","959","8","0","0","2491","0","0","0","0","0","0","0","355","0","NA","NA","355","355","355","355","355","3","355","355","356","0","0","0","NA","1","NA","0","0","3","0","0","355","355","355","0","0","0","0","0","0","0","0","0","NA","NA","0","0","NA","355","123","355","355","355","355","355","355","355","123","undefined","596","511","Thu Oct  3 17:47:30 2024","747","The main experiment item","yes","active","Norway_Session_6.osexp","1","C:\Users\Tromso\Desktop\LESS\Session 6","no","no","mono","no","18","no","white","no","Click to confirm or to begin from default part if nothing selected","NA","yes","","active","verb-object agreement","3","grammatical","101","768","legacy","Mini-English","NA","List 1: grammatical, VOA violation, article location violation","355","355","C:/Users/Tromso/Desktop/LESS/Session 6/subject-9.csv","1.2.3","xpyriment","","NA","plural","Lentiform Loewenfeld","3.3.14","0","1","NA","space","NA","NA","NA","NA","NA","NA","NA","NA","NA","space","c","NA","space","NA","space","1","115","NA","9282","NA","NA","NA","NA","NA","NA","NA","NA","NA","27896","90525","NA","10897","NA","110933","115","NA","8789","NA","space","2","legacy","Jacob cleanedevo fi jer street and fi zer pool too.","112","Session 6","NA","Experiment","2024-10-03 17:47","1024","2","48000","-16","Session6","Norway","9","odd","word4","40","NA","no","NA","109138","NA","26086","NA","16799","16795","5935","16795","NA","NA","NA","NA","NA","NA","NA","NA","NA","NA","NA","NA","NA","NA","NA","5934","3796458","3899843","3898827","3899380","NA","3812670","3903894","26086","NA","NA","3900949","NA","116646","NA","116649","NA","127550","238523","3896538","238513","NA","NA","3896560","3897231","3904148","3904148","3896538","16795","3894368","3894369","3904265","NA","NA","5935","NA","NA","NA","7993","NA","NA","NA","7994","3894354","3795948","3899333","5935","NA","5935","NA","NA","NA","16795","NA","5935","NA","NA","NA","8005","NA","3897500","3903504","3898076","3898827","3899333","3900085","3900696","3901318","3902046","3902763","Norway Session 6","307","571016","360","0","356","yes","71","","1024","NA","Jacob","too.","285","320","cleanedevo","495","fi","250","jer","210","street","355","and","250","fi","250","zer","250","pool","285"
"NA","NA","85.31855955678671","85.31855955678671","1582.371191135734","1582.371191135734","#242424","xpyriment","legacy","legacy","0","uniform","1","undefined","NA","NA","0","undefined","undefined","1","right_button","undefined","0","0","0","0","0","0","0","0","0","0","0","NA","NA","0","0","1","NA","NA","NA","NA","NA","NA","0","NA","0","356","356","356","356","NA","6","961","8","0","0","2498","0","0","0","0","0","0","0","356","0","NA","NA","356","356","356","356","356","3","356","356","357","0","0","0","NA","1","NA","0","0","3","0","0","356","356","356","0","0","0","0","0","0","0","0","0","NA","NA","0","0","NA","356","123","356","356","356","356","356","356","356","123","undefined","596","511","Thu Oct  3 17:47:30 2024","751","The main experiment item","yes","active","Norway_Session_6.osexp","1","C:\Users\Tromso\Desktop\LESS\Session 6","no","no","mono","no","18","no","white","no","Click to confirm or to begin from default part if nothing selected","NA","yes","common","active","gender agreement","1","gender violation","102","768","legacy","Mini-English","NA","List 1: grammatical, gender violation, number violation","356","356","C:/Users/Tromso/Desktop/LESS/Session 6/subject-9.csv","1.2.3","xpyriment","1314","NA","plural","Lentiform Loewenfeld","3.3.14","0","3","NA","space","NA","NA","NA","NA","NA","NA","NA","NA","NA","space","c","NA","space","NA","space","3","220","NA","9282","NA","NA","NA","NA","NA","NA","NA","NA","NA","27896","90525","NA","10897","NA","110933","220","NA","8789","NA","space","2","legacy","Jer drum look badezur but jer box not.","194","Session 6","NA","Experiment","2024-10-03 17:47","1024","2","48000","-16","Session6","Norway","9","odd","word4","47","NA","no","NA","109138","NA","26086","NA","16799","16795","5935","16795","NA","NA","NA","NA","NA","NA","NA","NA","NA","NA","NA","NA","NA","NA","NA","5934","3796458","3909633","3908444","3909030","NA","3812670","3911965","26086","NA","NA","3910494","NA","116646","NA","116649","NA","127550","238523","3906437","238513","NA","NA","3906459","3907129","3912219","3912218","3906437","16795","3904291","3904291","3912440","NA","NA","5935","NA","NA","NA","7993","NA","NA","NA","7994","3904273","3795948","3908984","5935","NA","5935","NA","NA","NA","16795","NA","5935","NA","NA","NA","8005","NA","3907398","3903504","3907904","3908444","3908984","3909736","3910242","3910857","3911573","3902763","Norway Session 6","308","571236","361","0","357","yes","","copula_look","1024","NA","Jer","","","250","drum","285","look","285","badezur","350","but","250","jer","250","box","250","not.","285","",""
"NA","NA","85.0828729281768","85.0828729281768","1588.3563535911603","1588.3563535911603","#242424","xpyriment","legacy","legacy","0","uniform","0","undefined","NA","NA","0","undefined","undefined","0","right_button","undefined","0","0","0","0","0","0","0","0","0","0","0","NA","NA","0","0","1","NA","NA","NA","NA","NA","NA","0","NA","0","357","357","357","357","NA","6","963","8","0","0","2505","0","0","0","0","0","0","0","357","0","NA","NA","357","357","357","357","357","3","357","357","358","0","0","0","NA","1","NA","0","0","3","0","0","357","357","357","0","0","0","0","0","0","0","0","0","NA","NA","0","0","NA","357","123","357","357","357","357","357","357","357","123","undefined","584","511","Thu Oct  3 17:47:30 2024","734","The main experiment item","yes","active","Norway_Session_6.osexp","1","C:\Users\Tromso\Desktop\LESS\Session 6","no","no","mono","no","18","no","white","no","Click to confirm or to begin from default part if nothing selected","NA","yes","","active","differential object marking","2","DOM violation","102","768","legacy","Mini-English","NA","List 1: grammatical, DOM violation, article location violation","357","357","C:/Users/Tromso/Desktop/LESS/Session 6/subject-9.csv","1.2.3","xpyriment","","NA","singular","Lentiform Loewenfeld","3.3.14","0","1","NA","space","NA","NA","NA","NA","NA","NA","NA","NA","NA","space","c","NA","space","NA","space","1","3749","NA","9282","NA","NA","NA","NA","NA","NA","NA","NA","NA","27896","90525","NA","10897","NA","110933","3749","NA","8789","NA","space","2","legacy","Amelia chose ze leaf and je key too.","236","Session 6","NA","Experiment","2024-10-03 17:47","1024","2","48000","-16","Session6","Norway","9","odd","word3","50","NA","no","NA","109138","NA","26086","NA","16799","16795","5935","16795","NA","NA","NA","NA","NA","NA","NA","NA","NA","NA","NA","NA","NA","NA","NA","5934","3917361","3909633","3916898","3917604","NA","3812670","3920379","26086","NA","NA","3918903","NA","116646","NA","116649","NA","127550","238523","3914703","238513","NA","NA","3914725","3915395","3920633","3920631","3914703","16795","3912459","3912459","3924385","NA","NA","5935","NA","NA","NA","7993","NA","NA","NA","7994","3912445","3916852","3908984","5935","NA","5935","NA","NA","NA","16795","NA","5935","NA","NA","NA","8005","NA","3915665","3903504","3916275","3916851","3917604","3918146","3918650","3919264","3919985","3902763","Norway Session 6","308","574985","362","0","358","yes","1120","","1024","NA","Amelia","","","355","chose","320","ze","210","leaf","285","and","250","je","250","key","250","too.","285","",""
"NA","NA","85.12396694214875","85.12396694214875","1584.8347107438017","1584.8347107438017","#242424","xpyriment","legacy","legacy","0","uniform","1","undefined","NA","NA","0","undefined","undefined","1","right_button","undefined","0","0","0","0","0","0","0","0","0","0","0","NA","NA","0","0","1","NA","NA","NA","NA","NA","NA","0","NA","0","358","358","358","358","NA","6","965","8","0","0","2512","0","0","0","0","0","0","0","358","0","NA","NA","358","358","358","358","358","3","358","358","359","0","0","0","NA","1","NA","0","0","3","0","0","358","358","358","0","0","0","0","0","0","0","0","0","NA","NA","0","0","NA","358","123","358","358","358","358","358","358","358","123","undefined","583","511","Thu Oct  3 17:47:30 2024","754","The main experiment item","yes","active","Norway_Session_6.osexp","1","C:\Users\Tromso\Desktop\LESS\Session 6","no","no","mono","no","18","no","white","no","Click to confirm or to begin from default part if nothing selected","NA","yes","","active","verb-object agreement","3","article location violation","103","768","legacy","Mini-English","NA","List 1: grammatical, VOA violation, article location violation","358","358","C:/Users/Tromso/Desktop/LESS/Session 6/subject-9.csv","1.2.3","xpyriment","","NA","plural","Lentiform Loewenfeld","3.3.14","0","3","NA","space","NA","NA","NA","NA","NA","NA","NA","NA","NA","space","c","NA","space","NA","space","3","310","NA","9282","NA","NA","NA","NA","NA","NA","NA","NA","NA","27896","90525","NA","10897","NA","110933","310","NA","8789","NA","space","2","legacy","Charlie chosevo fi jerwall and fi zerroof too.","140","Session 6","NA","Experiment","2024-10-03 17:47","1024","2","48000","-16","Session6","Norway","9","odd","word4","42","NA","no","NA","109138","NA","26086","NA","16799","16795","5935","16795","NA","NA","NA","NA","NA","NA","NA","NA","NA","NA","NA","NA","NA","NA","NA","5934","3917361","3930074","3928919","3929471","NA","3812670","3932579","26086","NA","NA","3930935","NA","116646","NA","116649","NA","127550","238523","3926666","238513","NA","NA","3926688","3927359","3932832","3932832","3926666","16795","3924409","3924409","3933144","NA","NA","5935","NA","NA","NA","7993","NA","NA","NA","7994","3924392","3916852","3929425","5935","NA","5935","NA","NA","NA","16795","NA","5935","NA","NA","NA","8005","NA","3927627","3903504","3928272","3928919","3929425","3930178","3930682","3931296","3932165","3902763","Norway Session 6","309","575295","363","0","359","yes","113","","1024","NA","Charlie","","","390","chosevo","390","fi","250","jerwall","350","and","250","fi","250","zerroof","390","too.","285","",""
"NA","NA","84.89010989010988","84.89010989010988","1588.0082417582419","1588.0082417582419","#242424","xpyriment","legacy","legacy","0","uniform","0","undefined","NA","NA","0","undefined","undefined","0","right_button","undefined","0","0","0","0","0","0","0","0","0","0","0","NA","NA","0","0","1","NA","NA","NA","NA","NA","NA","0","NA","0","359","359","359","359","NA","6","967","8","0","0","2519","0","0","0","0","0","0","0","359","0","NA","NA","359","359","359","359","359","3","359","359","360","0","0","0","NA","1","NA","0","0","3","0","0","359","359","359","0","0","0","0","0","0","0","0","0","NA","NA","0","0","NA","359","123","359","359","359","359","359","359","359","123","undefined","544","509","Thu Oct  3 17:47:30 2024","751","The main experiment item","yes","active","Norway_Session_6.osexp","1","C:\Users\Tromso\Desktop\LESS\Session 6","no","no","mono","no","18","no","white","no","Click to confirm or to begin from default part if nothing selected","NA","yes","","active","differential object marking","2","DOM violation","102","768","legacy","Mini-English","NA","List 1: grammatical, DOM violation, article location violation","359","359","C:/Users/Tromso/Desktop/LESS/Session 6/subject-9.csv","1.2.3","xpyriment","","NA","singular","Lentiform Loewenfeld","3.3.14","0","1","NA","space","NA","NA","NA","NA","NA","NA","NA","NA","NA","space","c","NA","space","NA","space","1","2740","NA","9282","NA","NA","NA","NA","NA","NA","NA","NA","NA","27896","90525","NA","10897","NA","110933","2740","NA","8789","NA","space","2","legacy","Jack provided je key but not ze letter.","126","Session 6","NA","Experiment","2024-10-03 17:47","1024","2","48000","-16","Session6","Norway","9","odd","word3","41","NA","no","NA","109138","NA","26086","NA","16799","16795","5935","16795","NA","NA","NA","NA","NA","NA","NA","NA","NA","NA","NA","NA","NA","NA","NA","5934","3938125","3930074","3937659","3938368","NA","3812670","3941221","26086","NA","NA","3939631","NA","116646","NA","116649","NA","127550","238523","3935428","238513","NA","NA","3935450","3936121","3941474","3941474","3935429","16795","3933163","3933163","3944216","NA","NA","5935","NA","NA","NA","7993","NA","NA","NA","7994","3933148","3937614","3929425","5935","NA","5935","NA","NA","NA","16795","NA","5935","NA","NA","NA","8005","NA","3936393","3903504","3936934","3937614","3938368","3938874","3939379","3939999","3940702","3902763","Norway Session 6","309","578035","364","0","360","yes","92","","1024","NA","Jack","","","285","provided","425","je","210","key","250","but","250","not","250","ze","250","letter.","390","",""
"NA","NA","84.93150684931507","84.93150684931507","1584.027397260274","1584.027397260274","#242424","xpyriment","legacy","legacy","0","uniform","1","undefined","NA","NA","0","undefined","undefined","1","left_button","undefined","0","0","0","0","0","0","0","0","0","0","0","NA","NA","0","0","1","NA","NA","NA","NA","NA","NA","0","NA","0","360","360","360","360","NA","6","971","8","0","0","2526","0","0","0","0","0","0","0","360","0","NA","NA","360","360","360","360","360","3","360","360","361","0","0","0","NA","1","NA","0","0","3","0","0","360","360","360","0","0","0","0","0","0","0","0","0","NA","NA","0","0","NA","360","124","360","360","360","360","360","360","360","124","undefined","531","511","Thu Oct  3 17:47:30 2024","757","The main experiment item","yes","active","Norway_Session_6.osexp","1","C:\Users\Tromso\Desktop\LESS\Session 6","no","no","mono","no","18","no","white","no","Click to confirm or to begin from default part if nothing selected","NA","yes","","active","verb-object agreement","3","grammatical","101","768","legacy","Mini-English","NA","List 1: grammatical, VOA violation, article location violation","360","360","C:/Users/Tromso/Desktop/LESS/Session 6/subject-9.csv","1.2.3","xpyriment","","NA","plural","Lentiform Loewenfeld","3.3.14","0","1","NA","space","NA","NA","NA","NA","NA","NA","NA","NA","NA","space","c","NA","space","NA","space","1","135","NA","9282","NA","NA","NA","NA","NA","NA","NA","NA","NA","27896","90525","NA","10897","NA","110933","135","NA","8789","NA","space","2","legacy","Lily fixedevo fi jer street and fi jer pencil too.","120","Session 6","NA","Experiment","2024-10-03 17:47","1024","2","48000","-16","Session6","Norway","9","odd","word4","40","NA","no","NA","109138","NA","26086","NA","16799","16795","5935","16795","NA","NA","NA","NA","NA","NA","NA","NA","NA","NA","NA","NA","NA","NA","NA","5934","3938125","3949778","3948763","3949315","NA","3812670","3953907","26086","NA","NA","3950885","NA","116646","NA","116649","NA","127550","238523","3946583","238513","NA","NA","3946606","3947276","3954160","3954160","3946583","16795","3944237","3944237","3954297","NA","NA","5935","NA","NA","NA","7993","NA","NA","NA","7994","3944221","3937614","3949269","5935","NA","5935","NA","NA","NA","16795","NA","5935","NA","NA","NA","8005","NA","3947544","3953515","3948084","3948763","3949269","3950021","3950633","3951242","3951968","3952705","Norway Session 6","310","578170","365","0","361","yes","151","","1024","NA","Lily","too.","285","285","fixedevo","425","fi","250","jer","210","street","355","and","250","fi","250","jer","250","pencil","355"
"NA","NA","84.97267759562841","84.97267759562841","1580.5901639344263","1580.5901639344263","#242424","xpyriment","legacy","legacy","0","uniform","1","undefined","NA","NA","0","undefined","undefined","1","right_button","undefined","0","0","0","0","0","0","0","0","0","0","0","NA","NA","0","0","1","NA","NA","NA","NA","NA","NA","0","NA","0","361","361","361","361","NA","6","973","8","0","0","2533","0","0","0","0","0","0","0","361","0","NA","NA","361","361","361","361","361","3","361","361","362","0","0","0","NA","1","NA","0","0","3","0","0","361","361","361","0","0","0","0","0","0","0","0","0","NA","NA","0","0","NA","361","124","361","361","361","361","361","361","361","124","undefined","529","511","Thu Oct  3 17:47:30 2024","753","The main experiment item","yes","active","Norway_Session_6.osexp","1","C:\Users\Tromso\Desktop\LESS\Session 6","no","no","mono","no","18","no","white","no","Click to confirm or to begin from default part if nothing selected","NA","yes","neuter","active","gender agreement","1","number violation","103","768","legacy","Mini-English","NA","List 1: grammatical, gender violation, number violation","361","361","C:/Users/Tromso/Desktop/LESS/Session 6/subject-9.csv","1.2.3","xpyriment","239","NA","singular","Lentiform Loewenfeld","3.3.14","0","3","NA","space","NA","NA","NA","NA","NA","NA","NA","NA","NA","space","c","NA","space","NA","space","3","326","NA","9282","NA","NA","NA","NA","NA","NA","NA","NA","NA","27896","90525","NA","10897","NA","110933","326","NA","8789","NA","space","2","legacy","Ze candle is blackezur and ze strawberry too.","144","Session 6","NA","Experiment","2024-10-03 17:47","1024","2","48000","-16","Session6","Norway","9","odd","word4","42","NA","no","NA","109138","NA","26086","NA","16799","16795","5935","16795","NA","NA","NA","NA","NA","NA","NA","NA","NA","NA","NA","NA","NA","NA","NA","5934","3938125","3959960","3958734","3959288","NA","3812670","3962491","26086","NA","NA","3960753","NA","116646","NA","116649","NA","127550","238523","3956654","238513","NA","NA","3956677","3957347","3962745","3962744","3956654","16795","3954315","3954315","3963074","NA","NA","5935","NA","NA","NA","7993","NA","NA","NA","7994","3954302","3937614","3959240","5935","NA","5935","NA","NA","NA","16795","NA","5935","NA","NA","NA","8005","NA","3957617","3953515","3958124","3958734","3959240","3959994","3960500","3961116","3962098","3952705","Norway Session 6","311","578496","366","0","362","yes","","copula_be","1024","NA","Ze","","","250","candle","355","is","250","blackezur","420","and","250","ze","250","strawberry","495","too.","285","",""
"NA","NA","85.01362397820164","85.01362397820164","1576.6376021798364","1576.6376021798364","#242424","xpyriment","legacy","legacy","0","uniform","1","undefined","NA","NA","0","undefined","undefined","1","right_button","undefined","0","0","0","0","0","0","0","0","0","0","0","NA","NA","0","0","1","NA","NA","NA","NA","NA","NA","0","NA","0","362","362","362","362","NA","6","975","8","0","0","2540","0","0","0","0","0","0","0","362","0","NA","NA","362","362","362","362","362","3","362","362","363","0","0","0","NA","1","NA","0","0","3","0","0","362","362","362","0","0","0","0","0","0","0","0","0","NA","NA","0","0","NA","362","124","362","362","362","362","362","362","362","124","undefined","528","511","Thu Oct  3 17:47:30 2024","748","The main experiment item","yes","active","Norway_Session_6.osexp","1","C:\Users\Tromso\Desktop\LESS\Session 6","no","no","mono","no","18","no","white","no","Click to confirm or to begin from default part if nothing selected","NA","yes","neuter","active","gender agreement","1","gender violation","102","768","legacy","Mini-English","NA","List 1: grammatical, gender violation, number violation","362","362","C:/Users/Tromso/Desktop/LESS/Session 6/subject-9.csv","1.2.3","xpyriment","248","NA","plural","Lentiform Loewenfeld","3.3.14","0","3","NA","space","NA","NA","NA","NA","NA","NA","NA","NA","NA","space","c","NA","space","NA","space","3","130","NA","9282","NA","NA","NA","NA","NA","NA","NA","NA","NA","27896","90525","NA","10897","NA","110933","130","NA","8789","NA","space","2","legacy","Zer mirror look darkejur but zer leaf not.","133","Session 6","NA","Experiment","2024-10-03 17:47","1024","2","48000","-16","Session6","Norway","9","odd","word4","41","NA","no","NA","109138","NA","26086","NA","16799","16795","5935","16795","NA","NA","NA","NA","NA","NA","NA","NA","NA","NA","NA","NA","NA","NA","NA","5934","3938125","3968644","3967420","3968005","NA","3812670","3970984","26086","NA","NA","3969468","NA","116646","NA","116649","NA","127550","238523","3965340","238513","NA","NA","3965365","3966035","3971237","3971237","3965340","16795","3963102","3963102","3971370","NA","NA","5935","NA","NA","NA","7993","NA","NA","NA","7994","3963087","3937614","3967961","5935","NA","5935","NA","NA","NA","16795","NA","5935","NA","NA","NA","8005","NA","3966305","3953515","3966810","3967420","3967961","3968711","3969216","3969826","3970590","3952705","Norway Session 6","312","578626","367","0","363","yes","","copula_look","1024","NA","Zer","","","250","mirror","355","look","285","darkejur","385","but","250","zer","250","leaf","285","not.","285","",""
"NA","NA","85.05434782608695","85.05434782608695","1573.0027173913043","1573.0027173913043","#242424","xpyriment","legacy","legacy","0","uniform","1","undefined","NA","NA","0","undefined","undefined","1","left_button","undefined","0","0","0","0","0","0","0","0","0","0","0","NA","NA","0","0","1","NA","NA","NA","NA","NA","NA","0","NA","0","363","363","363","363","NA","6","977","8","0","0","2547","0","0","0","0","0","0","0","363","0","NA","NA","363","363","363","363","363","3","363","363","364","0","0","0","NA","1","NA","0","0","3","0","0","363","363","363","0","0","0","0","0","0","0","0","0","NA","NA","0","0","NA","363","124","363","363","363","363","363","363","363","124","undefined","448","511","Thu Oct  3 17:47:30 2024","757","The main experiment item","yes","active","Norway_Session_6.osexp","1","C:\Users\Tromso\Desktop\LESS\Session 6","no","no","mono","no","18","no","white","no","Click to confirm or to begin from default part if nothing selected","NA","yes","neuter","active","gender agreement","1","grammatical","101","768","legacy","Mini-English","NA","List 1: grammatical, gender violation, number violation","363","363","C:/Users/Tromso/Desktop/LESS/Session 6/subject-9.csv","1.2.3","xpyriment","2213","NA","singular","Lentiform Loewenfeld","3.3.14","0","1","NA","space","NA","NA","NA","NA","NA","NA","NA","NA","NA","space","c","NA","space","NA","space","1","239","NA","9282","NA","NA","NA","NA","NA","NA","NA","NA","NA","27896","90525","NA","10897","NA","110933","239","NA","8789","NA","space","2","legacy","Ze tie is goodezu and ze leaf too.","191","Session 6","NA","Experiment","2024-10-03 17:47","1024","2","48000","-16","Session6","Norway","9","odd","word4","46","NA","no","NA","109138","NA","26086","NA","16799","16795","5935","16795","NA","NA","NA","NA","NA","NA","NA","NA","NA","NA","NA","NA","NA","NA","NA","5934","3938125","3976697","3975542","3976093","NA","3812670","3979050","26086","NA","NA","3977558","NA","116646","NA","116649","NA","127550","238523","3973571","238513","NA","NA","3973593","3974264","3979304","3979303","3973571","16795","3971388","3971388","3979545","NA","NA","5935","NA","NA","NA","7993","NA","NA","NA","7994","3971374","3937614","3976047","5935","NA","5935","NA","NA","NA","16795","NA","5935","NA","NA","NA","8005","NA","3974532","3953515","3975037","3975542","3976047","3976799","3977304","3977918","3978676","3952705","Norway Session 6","313","578865","368","0","364","yes","","copula_be","1024","NA","Ze","","","250","tie","250","is","250","goodezu","350","and","250","ze","250","leaf","285","too.","285","",""
"NA","NA","85.09485094850949","85.09485094850949","1571.1978319783198","1571.1978319783198","#242424","xpyriment","legacy","legacy","0","uniform","1","undefined","NA","NA","0","undefined","undefined","1","left_button","undefined","0","0","0","0","0","0","0","0","0","0","0","NA","NA","0","0","1","NA","NA","NA","NA","NA","NA","0","NA","0","364","364","364","364","NA","6","981","8","0","0","2554","0","0","0","0","0","0","0","364","0","NA","NA","364","364","364","364","364","3","364","364","365","0","0","0","NA","1","NA","0","0","3","0","0","364","364","364","0","0","0","0","0","0","0","0","0","NA","NA","0","0","NA","364","125","364","364","364","364","364","364","364","125","undefined","243","500","Thu Oct  3 17:47:30 2024","756","The main experiment item","yes","active","Norway_Session_6.osexp","1","C:\Users\Tromso\Desktop\LESS\Session 6","no","no","mono","no","18","no","white","no","Click to confirm or to begin from default part if nothing selected","NA","yes","","active","differential object marking","2","grammatical","101","768","legacy","Mini-English","NA","List 1: grammatical, DOM violation, article location violation","364","364","C:/Users/Tromso/Desktop/LESS/Session 6/subject-9.csv","1.2.3","xpyriment","","NA","singular","Lentiform Loewenfeld","3.3.14","0","1","NA","space","NA","NA","NA","NA","NA","NA","NA","NA","NA","space","c","NA","space","NA","space","1","907","NA","9282","NA","NA","NA","NA","NA","NA","NA","NA","NA","27896","90525","NA","10897","NA","110933","907","NA","8789","NA","space","2","legacy","Oliver forgot fi ze letter but not fi ze mug.","147","Session 6","NA","Experiment","2024-10-03 17:47","1024","2","48000","-16","Session6","Norway","9","odd","word4","43","NA","no","NA","109138","NA","26086","NA","16799","16795","5935","16795","NA","NA","NA","NA","NA","NA","NA","NA","NA","NA","NA","NA","NA","NA","NA","5934","3938125","3985004","3983988","3984541","NA","3812670","3989039","26086","NA","NA","3986108","NA","116646","NA","116649","NA","127550","238523","3981803","238513","NA","NA","3981826","3982496","3989292","3989291","3981804","16795","3979562","3979562","3990201","NA","NA","5935","NA","NA","NA","7993","NA","NA","NA","7994","3979548","3937614","3984494","5935","NA","5935","NA","NA","NA","16795","NA","5935","NA","NA","NA","8005","NA","3982766","3988648","3983377","3983988","3984494","3985246","3985856","3986471","3987218","3987931","Norway Session 6","314","579772","369","0","365","yes","67","","1024","NA","Oliver","mug.","285","355","forgot","355","fi","250","ze","210","letter","355","but","250","not","250","fi","250","ze","250"
"NA","NA","85.13513513513513","85.13513513513513","1567.9756756756756","1567.9756756756756","#242424","xpyriment","legacy","legacy","0","uniform","1","undefined","NA","NA","0","undefined","undefined","1","left_button","undefined","0","0","0","0","0","0","0","0","0","0","0","NA","NA","0","0","1","NA","NA","NA","NA","NA","NA","0","NA","0","365","365","365","365","NA","6","983","8","0","0","2561","0","0","0","0","0","0","0","365","0","NA","NA","365","365","365","365","365","3","365","365","366","0","0","0","NA","1","NA","0","0","3","0","0","365","365","365","0","0","0","0","0","0","0","0","0","NA","NA","0","0","NA","365","125","365","365","365","365","365","365","365","125","undefined","198","465","Thu Oct  3 17:47:30 2024","750","The main experiment item","yes","active","Norway_Session_6.osexp","1","C:\Users\Tromso\Desktop\LESS\Session 6","no","no","mono","no","18","no","white","no","Click to confirm or to begin from default part if nothing selected","NA","yes","neuter","active","gender agreement","1","grammatical","101","768","legacy","Mini-English","NA","List 1: grammatical, gender violation, number violation","365","365","C:/Users/Tromso/Desktop/LESS/Session 6/subject-9.csv","1.2.3","xpyriment","227","NA","singular","Lentiform Loewenfeld","3.3.14","0","1","NA","space","NA","NA","NA","NA","NA","NA","NA","NA","NA","space","c","NA","space","NA","space","1","379","NA","9282","NA","NA","NA","NA","NA","NA","NA","NA","NA","27896","90525","NA","10897","NA","110933","379","NA","8789","NA","space","2","legacy","Ze tie is lightezu and ze strawberry too.","119","Session 6","NA","Experiment","2024-10-03 17:47","1024","2","48000","-16","Session6","Norway","9","odd","word4","40","NA","no","NA","109138","NA","26086","NA","16799","16795","5935","16795","NA","NA","NA","NA","NA","NA","NA","NA","NA","NA","NA","NA","NA","NA","NA","5934","3938125","3995613","3994424","3994975","NA","3812670","3998215","26086","NA","NA","3996440","NA","116646","NA","116649","NA","127550","238523","3992447","238513","NA","NA","3992470","3993141","3998468","3998468","3992447","16795","3990222","3990222","3998854","NA","NA","5935","NA","NA","NA","7993","NA","NA","NA","7994","3990207","3937614","3994930","5935","NA","5935","NA","NA","NA","16795","NA","5935","NA","NA","NA","8005","NA","3993412","3988648","3993917","3994424","3994930","3995682","3996188","3996807","3997818","3987931","Norway Session 6","315","580151","370","0","366","yes","","copula_be","1024","NA","Ze","","","250","tie","250","is","250","lightezu","385","and","250","ze","250","strawberry","495","too.","285","",""
"NA","NA","85.17520215633424","85.17520215633424","1564.301886792453","1564.301886792453","#242424","xpyriment","legacy","legacy","0","uniform","1","undefined","NA","NA","0","undefined","undefined","1","left_button","undefined","0","0","0","0","0","0","0","0","0","0","0","NA","NA","0","0","1","NA","NA","NA","NA","NA","NA","0","NA","0","366","366","366","366","NA","6","985","8","0","0","2568","0","0","0","0","0","0","0","366","0","NA","NA","366","366","366","366","366","3","366","366","367","0","0","0","NA","1","NA","0","0","3","0","0","366","366","366","0","0","0","0","0","0","0","0","0","NA","NA","0","0","NA","366","125","366","366","366","366","366","366","366","125","undefined","198","465","Thu Oct  3 17:47:30 2024","754","The main experiment item","yes","active","Norway_Session_6.osexp","1","C:\Users\Tromso\Desktop\LESS\Session 6","no","no","mono","no","18","no","white","no","Click to confirm or to begin from default part if nothing selected","NA","yes","common","active","gender agreement","1","grammatical","101","768","legacy","Mini-English","NA","List 1: grammatical, gender violation, number violation","366","366","C:/Users/Tromso/Desktop/LESS/Session 6/subject-9.csv","1.2.3","xpyriment","1810","NA","plural","Lentiform Loewenfeld","3.3.14","0","1","NA","space","NA","NA","NA","NA","NA","NA","NA","NA","NA","space","c","NA","space","NA","space","1","205","NA","9282","NA","NA","NA","NA","NA","NA","NA","NA","NA","27896","90525","NA","10897","NA","110933","205","NA","8789","NA","space","2","legacy","Jer dress look pinkejur but jer saucepan not.","151","Session 6","NA","Experiment","2024-10-03 17:47","1024","2","48000","-16","Session6","Norway","9","odd","word4","43","NA","no","NA","109138","NA","26086","NA","16799","16795","5935","16795","NA","NA","NA","NA","NA","NA","NA","NA","NA","NA","NA","NA","NA","NA","NA","5934","3938125","4004257","4003032","4003619","NA","3812670","4006769","26086","NA","NA","4005082","NA","116646","NA","116649","NA","127550","238523","4000987","238513","NA","NA","4001010","4001681","4007026","4007025","4000987","16795","3998875","3998875","4007235","NA","NA","5935","NA","NA","NA","7993","NA","NA","NA","7994","3998861","3937614","4003573","5935","NA","5935","NA","NA","NA","16795","NA","5935","NA","NA","NA","8005","NA","4001950","3988648","4002456","4003032","4003573","4004326","4004831","4005458","4006359","3987931","Norway Session 6","316","580356","371","0","367","yes","","copula_look","1024","NA","Jer","","","250","dress","320","look","285","pinkejur","385","but","250","jer","250","saucepan","425","not.","285","",""
"NA","NA","84.94623655913979","84.94623655913979","1561.5752688172042","1561.5752688172042","#242424","xpyriment","legacy","legacy","0","uniform","0","undefined","NA","NA","0","undefined","undefined","0","right_button","undefined","0","0","0","0","0","0","0","0","0","0","0","NA","NA","0","0","1","NA","NA","NA","NA","NA","NA","0","NA","0","367","367","367","367","NA","6","987","8","0","0","2575","0","0","0","0","0","0","0","367","0","NA","NA","367","367","367","367","367","3","367","367","368","0","0","0","NA","1","NA","0","0","3","0","0","367","367","367","0","0","0","0","0","0","0","0","0","NA","NA","0","0","NA","367","125","367","367","367","367","367","367","367","125","undefined","198","465","Thu Oct  3 17:47:30 2024","766","The main experiment item","yes","active","Norway_Session_6.osexp","1","C:\Users\Tromso\Desktop\LESS\Session 6","no","no","mono","no","18","no","white","no","Click to confirm or to begin from default part if nothing selected","NA","yes","","active","differential object marking","2","DOM violation","102","768","legacy","Mini-English","NA","List 1: grammatical, DOM violation, article location violation","367","367","C:/Users/Tromso/Desktop/LESS/Session 6/subject-9.csv","1.2.3","xpyriment","","NA","singular","Lentiform Loewenfeld","3.3.14","0","1","NA","space","NA","NA","NA","NA","NA","NA","NA","NA","NA","space","c","NA","space","NA","space","1","550","NA","9282","NA","NA","NA","NA","NA","NA","NA","NA","NA","27896","90525","NA","10897","NA","110933","550","NA","8789","NA","space","2","legacy","Jacob spoiled ze mug and ze table too.","169","Session 6","NA","Experiment","2024-10-03 17:47","1024","2","48000","-16","Session6","Norway","9","odd","word3","44","NA","no","NA","109138","NA","26086","NA","16799","16795","5935","16795","NA","NA","NA","NA","NA","NA","NA","NA","NA","NA","NA","NA","NA","NA","NA","5934","4012141","4004257","4011677","4012384","NA","3812670","4015204","26086","NA","NA","4013649","NA","116646","NA","116649","NA","127550","238523","4009448","238513","NA","NA","4009471","4010141","4015457","4015457","4009449","16795","4007257","4007257","4016009","NA","NA","5935","NA","NA","NA","7993","NA","NA","NA","7994","4007244","4011632","4003573","5935","NA","5935","NA","NA","NA","16795","NA","5935","NA","NA","NA","8005","NA","4010411","3988648","4010986","4011632","4012383","4012890","4013396","4014014","4014803","3987931","Norway Session 6","316","580906","372","0","368","yes","168","","1024","NA","Jacob","","","320","spoiled","390","ze","210","mug","250","and","250","ze","250","table","320","too.","285","",""
"NA","NA","84.98659517426273","84.98659517426273","1557.7882037533511","1557.7882037533511","#242424","xpyriment","legacy","legacy","0","uniform","1","undefined","NA","NA","0","undefined","undefined","1","right_button","undefined","0","0","0","0","0","0","0","0","0","0","0","NA","NA","0","0","1","NA","NA","NA","NA","NA","NA","0","NA","0","368","368","368","368","NA","6","989","8","0","0","2582","0","0","0","0","0","0","0","368","0","NA","NA","368","368","368","368","368","3","368","368","369","0","0","0","NA","1","NA","0","0","3","0","0","368","368","368","0","0","0","0","0","0","0","0","0","NA","NA","0","0","NA","368","125","368","368","368","368","368","368","368","125","undefined","198","465","Thu Oct  3 17:47:30 2024","755","The main experiment item","yes","active","Norway_Session_6.osexp","1","C:\Users\Tromso\Desktop\LESS\Session 6","no","no","mono","no","18","no","white","no","Click to confirm or to begin from default part if nothing selected","NA","yes","","active","differential object marking","2","article location violation","103","768","legacy","Mini-English","NA","List 1: grammatical, DOM violation, article location violation","368","368","C:/Users/Tromso/Desktop/LESS/Session 6/subject-9.csv","1.2.3","xpyriment","","NA","singular","Lentiform Loewenfeld","3.3.14","0","3","NA","space","NA","NA","NA","NA","NA","NA","NA","NA","NA","space","c","NA","space","NA","space","3","149","NA","9282","NA","NA","NA","NA","NA","NA","NA","NA","NA","27896","90525","NA","10897","NA","110933","149","NA","8789","NA","space","2","legacy","Charlie ordered fi jesaucepan and fi jewall too.","211","Session 6","NA","Experiment","2024-10-03 17:47","1024","2","48000","-16","Session6","Norway","9","odd","word4","48","NA","no","NA","109138","NA","26086","NA","16799","16795","5935","16795","NA","NA","NA","NA","NA","NA","NA","NA","NA","NA","NA","NA","NA","NA","NA","5934","4012141","4004257","4020533","4021084","NA","3812670","4024141","26086","NA","NA","4022552","NA","116646","NA","116649","NA","127550","238523","4018278","238513","NA","NA","4018303","4018974","4024394","4024393","4018278","16795","4016030","4016030","4024547","NA","NA","5935","NA","NA","NA","7993","NA","NA","NA","7994","4016016","4011632","4021038","5935","NA","5935","NA","NA","NA","16795","NA","5935","NA","NA","NA","8005","NA","4019243","3988648","4019888","4020533","4021038","4021795","4022300","4022919","4023747","3987931","Norway Session 6","317","581055","373","0","369","yes","1015","","1024","NA","Charlie","","","390","ordered","390","fi","250","jesaucepan","455","and","250","fi","250","jewall","355","too.","285","",""
"NA","NA","84.75935828877006","84.75935828877006","1554.6524064171124","1554.6524064171124","#242424","xpyriment","legacy","legacy","0","uniform","0","undefined","NA","NA","0","undefined","undefined","0","right_button","undefined","0","0","0","0","0","0","0","0","0","0","0","NA","NA","0","0","1","NA","NA","NA","NA","NA","NA","0","NA","0","369","369","369","369","NA","6","991","8","0","0","2589","0","0","0","0","0","0","0","369","0","NA","NA","369","369","369","369","369","3","369","369","370","0","0","0","NA","1","NA","0","0","3","0","0","369","369","369","0","0","0","0","0","0","0","0","0","NA","NA","0","0","NA","369","125","369","369","369","369","369","369","369","125","undefined","198","465","Thu Oct  3 17:47:30 2024","759","The main experiment item","yes","active","Norway_Session_6.osexp","1","C:\Users\Tromso\Desktop\LESS\Session 6","no","no","mono","no","18","no","white","no","Click to confirm or to begin from default part if nothing selected","NA","yes","","active","differential object marking","2","DOM violation","102","768","legacy","Mini-English","NA","List 1: grammatical, DOM violation, article location violation","369","369","C:/Users/Tromso/Desktop/LESS/Session 6/subject-9.csv","1.2.3","xpyriment","","NA","singular","Lentiform Loewenfeld","3.3.14","0","1","NA","space","NA","NA","NA","NA","NA","NA","NA","NA","NA","space","c","NA","space","NA","space","1","385","NA","9282","NA","NA","NA","NA","NA","NA","NA","NA","NA","27896","90525","NA","10897","NA","110933","385","NA","8789","NA","space","2","legacy","Thomas remembered ze mug and ze letter too.","158","Session 6","NA","Experiment","2024-10-03 17:47","1024","2","48000","-16","Session6","Norway","9","odd","word3","44","NA","no","NA","109138","NA","26086","NA","16799","16795","5935","16795","NA","NA","NA","NA","NA","NA","NA","NA","NA","NA","NA","NA","NA","NA","NA","5934","4029633","4004257","4029170","4029876","NA","3812670","4032708","26086","NA","NA","4031139","NA","116646","NA","116649","NA","127550","238523","4026800","238513","NA","NA","4026823","4027493","4032965","4032964","4026800","16795","4024566","4024566","4033353","NA","NA","5935","NA","NA","NA","7993","NA","NA","NA","7994","4024552","4029124","4021038","5935","NA","5935","NA","NA","NA","16795","NA","5935","NA","NA","NA","8005","NA","4027763","3988648","4028373","4029124","4029876","4030381","4030886","4031499","4032326","3987931","Norway Session 6","317","581440","374","0","370","yes","58","","1024","NA","Thomas","","","355","remembered","495","ze","210","mug","250","and","250","ze","250","letter","355","too.","285","",""
"NA","NA","84.53333333333333","84.53333333333333","1551.04","1551.04","#242424","xpyriment","legacy","legacy","0","uniform","0","undefined","NA","NA","0","undefined","undefined","0","right_button","undefined","0","0","0","0","0","0","0","0","0","0","0","NA","NA","0","0","1","NA","NA","NA","NA","NA","NA","0","NA","0","370","370","370","370","NA","6","995","8","0","0","2596","0","0","0","0","0","0","0","370","0","NA","NA","370","370","370","370","370","3","370","370","371","0","0","0","NA","1","NA","0","0","3","0","0","370","370","370","0","0","0","0","0","0","0","0","0","NA","NA","0","0","NA","370","126","370","370","370","370","370","370","370","126","undefined","198","465","Thu Oct  3 17:47:30 2024","753","The main experiment item","yes","active","Norway_Session_6.osexp","1","C:\Users\Tromso\Desktop\LESS\Session 6","no","no","mono","no","18","no","white","no","Click to confirm or to begin from default part if nothing selected","NA","yes","","active","verb-object agreement","3","VOA violation","102","768","legacy","Mini-English","NA","List 1: grammatical, VOA violation, article location violation","370","370","C:/Users/Tromso/Desktop/LESS/Session 6/subject-9.csv","1.2.3","xpyriment","","NA","plural","Lentiform Loewenfeld","3.3.14","0","1","NA","space","NA","NA","NA","NA","NA","NA","NA","NA","NA","space","c","NA","space","NA","space","1","200","NA","9282","NA","NA","NA","NA","NA","NA","NA","NA","NA","27896","90525","NA","10897","NA","110933","200","NA","8789","NA","space","2","legacy","Emily chose fi zer mug but not fi jer pencil.","200","Session 6","NA","Experiment","2024-10-03 17:47","1024","2","48000","-16","Session6","Norway","9","odd","word4","47","NA","no","NA","109138","NA","26086","NA","16799","16795","5935","16795","NA","NA","NA","NA","NA","NA","NA","NA","NA","NA","NA","NA","NA","NA","NA","5934","4029633","4038768","4037751","4038305","NA","3812670","4042850","26086","NA","NA","4039769","NA","116646","NA","116649","NA","127550","238523","4035640","238513","NA","NA","4035661","4036333","4043103","4043103","4035640","16795","4033375","4033375","4043306","NA","NA","5935","NA","NA","NA","7993","NA","NA","NA","7994","4033360","4029124","4038257","5935","NA","5935","NA","NA","NA","16795","NA","5935","NA","NA","NA","8005","NA","4036602","4042337","4037176","4037751","4038257","4039011","4039516","4040126","4040870","4041608","Norway Session 6","317","581640","375","0","371","yes","118","","1024","NA","Emily","pencil.","390","320","chose","320","fi","250","zer","210","mug","250","but","250","not","250","fi","250","jer","250"
"NA","NA","84.57446808510639","84.57446808510639","1547.7553191489362","1547.7553191489362","#242424","xpyriment","legacy","legacy","0","uniform","1","undefined","NA","NA","0","undefined","undefined","1","right_button","undefined","0","0","0","0","0","0","0","0","0","0","0","NA","NA","0","0","1","NA","NA","NA","NA","NA","NA","0","NA","0","371","371","371","371","NA","6","999","8","0","0","2603","0","0","0","0","0","0","0","371","0","NA","NA","371","371","371","371","371","3","371","371","372","0","0","0","NA","1","NA","0","0","3","0","0","371","371","371","0","0","0","0","0","0","0","0","0","NA","NA","0","0","NA","371","127","371","371","371","371","371","371","371","127","undefined","198","465","Thu Oct  3 17:47:30 2024","723","The main experiment item","yes","active","Norway_Session_6.osexp","1","C:\Users\Tromso\Desktop\LESS\Session 6","no","no","mono","no","18","no","white","no","Click to confirm or to begin from default part if nothing selected","NA","yes","","active","verb-object agreement","3","VOA violation","102","768","legacy","Mini-English","NA","List 1: grammatical, VOA violation, article location violation","371","371","C:/Users/Tromso/Desktop/LESS/Session 6/subject-9.csv","1.2.3","xpyriment","","NA","singular","Lentiform Loewenfeld","3.3.14","0","3","NA","space","NA","NA","NA","NA","NA","NA","NA","NA","NA","space","c","NA","space","NA","space","3","316","NA","9282","NA","NA","NA","NA","NA","NA","NA","NA","NA","27896","90525","NA","10897","NA","110933","316","NA","8789","NA","space","2","legacy","Charlie wettedevo fi ze roof and fi ze table too.","239","Session 6","NA","Experiment","2024-10-03 17:47","1024","2","48000","-16","Session6","Norway","9","odd","word4","50","NA","no","NA","109138","NA","26086","NA","16799","16795","5935","16795","NA","NA","NA","NA","NA","NA","NA","NA","NA","NA","NA","NA","NA","NA","NA","5934","4029633","4048872","4047855","4048408","NA","3812670","4052911","26086","NA","NA","4049907","NA","116646","NA","116649","NA","127550","238523","4045531","238513","NA","NA","4045553","4046223","4053163","4053163","4045531","16795","4043329","4043329","4053481","NA","NA","5935","NA","NA","NA","7993","NA","NA","NA","7994","4043315","4029124","4048361","5935","NA","5935","NA","NA","NA","16795","NA","5935","NA","NA","NA","8005","NA","4046493","4052500","4047139","4047855","4048361","4049115","4049655","4050274","4051004","4051713","Norway Session 6","318","581956","376","0","372","yes","1411","","1024","NA","Charlie","too.","285","390","wettedevo","460","fi","250","ze","210","roof","285","and","250","fi","250","ze","250","table","320"
"NA","NA","84.35013262599469","84.35013262599469","1544.026525198939","1544.026525198939","#242424","xpyriment","legacy","legacy","0","uniform","0","undefined","NA","NA","0","undefined","undefined","0","right_button","undefined","0","0","0","0","0","0","0","0","0","0","0","NA","NA","0","0","1","NA","NA","NA","NA","NA","NA","0","NA","0","372","372","372","372","NA","6","1001","8","0","0","2610","0","0","0","0","0","0","0","372","0","NA","NA","372","372","372","372","372","3","372","372","373","0","0","0","NA","1","NA","0","0","3","0","0","372","372","372","0","0","0","0","0","0","0","0","0","NA","NA","0","0","NA","372","127","372","372","372","372","372","372","372","127","undefined","411","143","Thu Oct  3 17:47:30 2024","729","The main experiment item","yes","active","Norway_Session_6.osexp","1","C:\Users\Tromso\Desktop\LESS\Session 6","no","no","mono","no","18","no","white","no","Click to confirm or to begin from default part if nothing selected","NA","yes","","active","differential object marking","2","DOM violation","102","768","legacy","Mini-English","NA","List 1: grammatical, DOM violation, article location violation","372","372","C:/Users/Tromso/Desktop/LESS/Session 6/subject-9.csv","1.2.3","xpyriment","","NA","singular","Lentiform Loewenfeld","3.3.14","0","1","NA","space","NA","NA","NA","NA","NA","NA","NA","NA","NA","space","c","NA","space","NA","space","1","142","NA","9282","NA","NA","NA","NA","NA","NA","NA","NA","NA","27896","90525","NA","10897","NA","110933","142","NA","8789","NA","space","2","legacy","Olivia ordered ze leaf and ze strawberry too.","235","Session 6","NA","Experiment","2024-10-03 17:47","1024","2","48000","-16","Session6","Norway","9","odd","word3","50","NA","no","NA","109138","NA","26086","NA","16799","16795","5935","16795","NA","NA","NA","NA","NA","NA","NA","NA","NA","NA","NA","NA","NA","NA","NA","5934","4058420","4048872","4057956","4058663","NA","3812670","4061716","26086","NA","NA","4059963","NA","116646","NA","116649","NA","127550","238523","4055691","238513","NA","NA","4055715","4056385","4061969","4061969","4055692","16795","4053503","4053503","4062114","NA","NA","5935","NA","NA","NA","7993","NA","NA","NA","7994","4053489","4057909","4048361","5935","NA","5935","NA","NA","NA","16795","NA","5935","NA","NA","NA","8005","NA","4056654","4052500","4057264","4057909","4058663","4059204","4059710","4060324","4061316","4051713","Norway Session 6","318","582098","377","0","373","yes","1020","","1024","NA","Olivia","","","355","ordered","390","ze","210","leaf","285","and","250","ze","250","strawberry","495","too.","285","",""
"NA","NA","84.39153439153439","84.39153439153439","1540.7936507936508","1540.7936507936508","#242424","xpyriment","legacy","legacy","0","uniform","1","undefined","NA","NA","0","undefined","undefined","1","right_button","undefined","0","0","0","0","0","0","0","0","0","0","0","NA","NA","0","0","1","NA","NA","NA","NA","NA","NA","0","NA","0","373","373","373","373","NA","6","1003","8","0","0","2617","0","0","0","0","0","0","0","373","0","NA","NA","373","373","373","373","373","3","373","373","374","0","0","0","NA","1","NA","0","0","3","0","0","373","373","373","0","0","0","0","0","0","0","0","0","NA","NA","0","0","NA","373","127","373","373","373","373","373","373","373","127","undefined","411","143","Thu Oct  3 17:47:30 2024","753","The main experiment item","yes","active","Norway_Session_6.osexp","1","C:\Users\Tromso\Desktop\LESS\Session 6","no","no","mono","no","18","no","white","no","Click to confirm or to begin from default part if nothing selected","NA","yes","","active","verb-object agreement","3","article location violation","103","768","legacy","Mini-English","NA","List 1: grammatical, VOA violation, article location violation","373","373","C:/Users/Tromso/Desktop/LESS/Session 6/subject-9.csv","1.2.3","xpyriment","","NA","plural","Lentiform Loewenfeld","3.3.14","0","3","NA","space","NA","NA","NA","NA","NA","NA","NA","NA","NA","space","c","NA","space","NA","space","3","322","NA","9282","NA","NA","NA","NA","NA","NA","NA","NA","NA","27896","90525","NA","10897","NA","110933","322","NA","8789","NA","space","2","legacy","Harry fixedevo fi zertable and fi jerpencil too.","216","Session 6","NA","Experiment","2024-10-03 17:47","1024","2","48000","-16","Session6","Norway","9","odd","word4","48","NA","no","NA","109138","NA","26086","NA","16799","16795","5935","16795","NA","NA","NA","NA","NA","NA","NA","NA","NA","NA","NA","NA","NA","NA","NA","5934","4058420","4067847","4066657","4067208","NA","3812670","4070407","26086","NA","NA","4068673","NA","116646","NA","116649","NA","127550","238523","4064436","238513","NA","NA","4064459","4065129","4070660","4070660","4064437","16795","4062135","4062135","4070985","NA","NA","5935","NA","NA","NA","7993","NA","NA","NA","7994","4062120","4057909","4067162","5935","NA","5935","NA","NA","NA","16795","NA","5935","NA","NA","NA","8005","NA","4065401","4052500","4065977","4066657","4067162","4067915","4068420","4069035","4070003","4051713","Norway Session 6","319","582420","378","0","374","yes","159","","1024","NA","Harry","","","320","fixedevo","425","fi","250","zertable","385","and","250","fi","250","jerpencil","460","too.","285","",""
"NA","NA","84.43271767810026","84.43271767810026","1537.6992084432718","1537.6992084432718","#242424","xpyriment","legacy","legacy","0","uniform","1","undefined","NA","NA","0","undefined","undefined","1","left_button","undefined","0","0","0","0","0","0","0","0","0","0","0","NA","NA","0","0","1","NA","NA","NA","NA","NA","NA","0","NA","0","374","374","374","374","NA","6","1005","8","0","0","2624","0","0","0","0","0","0","0","374","0","NA","NA","374","374","374","374","374","3","374","374","375","0","0","0","NA","1","NA","0","0","3","0","0","374","374","374","0","0","0","0","0","0","0","0","0","NA","NA","0","0","NA","374","127","374","374","374","374","374","374","374","127","undefined","411","143","Thu Oct  3 17:47:30 2024","748","The main experiment item","yes","active","Norway_Session_6.osexp","1","C:\Users\Tromso\Desktop\LESS\Session 6","no","no","mono","no","18","no","white","no","Click to confirm or to begin from default part if nothing selected","NA","yes","common","active","gender agreement","1","grammatical","101","768","legacy","Mini-English","NA","List 1: grammatical, gender violation, number violation","374","374","C:/Users/Tromso/Desktop/LESS/Session 6/subject-9.csv","1.2.3","xpyriment","1610","NA","plural","Lentiform Loewenfeld","3.3.14","0","1","NA","space","NA","NA","NA","NA","NA","NA","NA","NA","NA","space","c","NA","space","NA","space","1","368","NA","9282","NA","NA","NA","NA","NA","NA","NA","NA","NA","27896","90525","NA","10897","NA","110933","368","NA","8789","NA","space","2","legacy","Jer suitcase look pinkejur but jer drum not.","149","Session 6","NA","Experiment","2024-10-03 17:47","1024","2","48000","-16","Session6","Norway","9","odd","word4","43","NA","no","NA","109138","NA","26086","NA","16799","16795","5935","16795","NA","NA","NA","NA","NA","NA","NA","NA","NA","NA","NA","NA","NA","NA","NA","5934","4058420","4076740","4075515","4076102","NA","3812670","4079104","26086","NA","NA","4077566","NA","116646","NA","116649","NA","127550","238523","4073363","238513","NA","NA","4073388","4074058","4079359","4079358","4073363","16795","4071006","4071006","4079729","NA","NA","5935","NA","NA","NA","7993","NA","NA","NA","7994","4070992","4057909","4076056","5935","NA","5935","NA","NA","NA","16795","NA","5935","NA","NA","NA","8005","NA","4074331","4052500","4074836","4075515","4076056","4076808","4077312","4077924","4078705","4051713","Norway Session 6","320","582788","379","0","375","yes","","copula_look","1024","NA","Jer","","","250","suitcase","425","look","285","pinkejur","385","but","250","jer","250","drum","285","not.","285","",""
"NA","NA","84.47368421052632","84.47368421052632","1534.2289473684211","1534.2289473684211","#242424","xpyriment","legacy","legacy","0","uniform","1","undefined","NA","NA","0","undefined","undefined","1","left_button","undefined","0","0","0","0","0","0","0","0","0","0","0","NA","NA","0","0","1","NA","NA","NA","NA","NA","NA","0","NA","0","375","375","375","375","NA","6","1007","8","0","0","2631","0","0","0","0","0","0","0","375","0","NA","NA","375","375","375","375","375","3","375","375","376","0","0","0","NA","1","NA","0","0","3","0","0","375","375","375","0","0","0","0","0","0","0","0","0","NA","NA","0","0","NA","375","127","375","375","375","375","375","375","375","127","undefined","411","143","Thu Oct  3 17:47:30 2024","741","The main experiment item","yes","active","Norway_Session_6.osexp","1","C:\Users\Tromso\Desktop\LESS\Session 6","no","no","mono","no","18","no","white","no","Click to confirm or to begin from default part if nothing selected","NA","yes","common","active","gender agreement","1","grammatical","101","768","legacy","Mini-English","NA","List 1: grammatical, gender violation, number violation","375","375","C:/Users/Tromso/Desktop/LESS/Session 6/subject-9.csv","1.2.3","xpyriment","1413","NA","singular","Lentiform Loewenfeld","3.3.14","0","1","NA","space","NA","NA","NA","NA","NA","NA","NA","NA","NA","space","c","NA","space","NA","space","1","219","NA","9282","NA","NA","NA","NA","NA","NA","NA","NA","NA","27896","90525","NA","10897","NA","110933","219","NA","8789","NA","space","2","legacy","Je box is goodeju and je suitcase too.","183","Session 6","NA","Experiment","2024-10-03 17:47","1024","2","48000","-16","Session6","Norway","9","odd","word4","46","NA","no","NA","109138","NA","26086","NA","16799","16795","5935","16795","NA","NA","NA","NA","NA","NA","NA","NA","NA","NA","NA","NA","NA","NA","NA","5934","4058420","4085113","4083957","4084510","NA","3812670","4087639","26086","NA","NA","4085973","NA","116646","NA","116649","NA","127550","238523","4081983","238513","NA","NA","4082006","4082676","4087892","4087892","4081983","16795","4079747","4079747","4088113","NA","NA","5935","NA","NA","NA","7993","NA","NA","NA","7994","4079734","4057909","4084464","5935","NA","5935","NA","NA","NA","16795","NA","5935","NA","NA","NA","8005","NA","4082946","4052500","4083452","4083957","4084463","4085216","4085720","4086332","4087242","4051713","Norway Session 6","321","583007","380","0","376","yes","","copula_be","1024","NA","Je","","","250","box","250","is","250","goodeju","350","and","250","je","250","suitcase","425","too.","285","",""
"NA","NA","84.51443569553805","84.51443569553805","1530.7847769028872","1530.7847769028872","#242424","xpyriment","legacy","legacy","0","uniform","1","undefined","NA","NA","0","undefined","undefined","1","left_button","undefined","0","0","0","0","0","0","0","0","0","0","0","NA","NA","0","0","1","NA","NA","NA","NA","NA","NA","0","NA","0","376","376","376","376","NA","6","1011","8","0","0","2638","0","0","0","0","0","0","0","376","0","NA","NA","376","376","376","376","376","3","376","376","377","0","0","0","NA","1","NA","0","0","3","0","0","376","376","376","0","0","0","0","0","0","0","0","0","NA","NA","0","0","NA","376","128","376","376","376","376","376","376","376","128","undefined","411","143","Thu Oct  3 17:47:30 2024","764","The main experiment item","yes","active","Norway_Session_6.osexp","1","C:\Users\Tromso\Desktop\LESS\Session 6","no","no","mono","no","18","no","white","no","Click to confirm or to begin from default part if nothing selected","NA","yes","","active","verb-object agreement","3","grammatical","101","768","legacy","Mini-English","NA","List 1: grammatical, VOA violation, article location violation","376","376","C:/Users/Tromso/Desktop/LESS/Session 6/subject-9.csv","1.2.3","xpyriment","","NA","plural","Lentiform Loewenfeld","3.3.14","0","1","NA","space","NA","NA","NA","NA","NA","NA","NA","NA","NA","space","c","NA","space","NA","space","1","222","NA","9282","NA","NA","NA","NA","NA","NA","NA","NA","NA","27896","90525","NA","10897","NA","110933","222","NA","8789","NA","space","2","legacy","Jacob rememberedevo fi jer backpack but not fi jer wall.","146","Session 6","NA","Experiment","2024-10-03 17:47","1024","2","48000","-16","Session6","Norway","9","odd","word4","43","NA","no","NA","109138","NA","26086","NA","16799","16795","5935","16795","NA","NA","NA","NA","NA","NA","NA","NA","NA","NA","NA","NA","NA","NA","NA","5934","4058420","4093778","4092763","4093315","NA","3812670","4097939","26086","NA","NA","4094954","NA","116646","NA","116649","NA","127550","238523","4090366","238513","NA","NA","4090392","4091062","4098193","4098193","4090366","16795","4088134","4088134","4098418","NA","NA","5935","NA","NA","NA","7993","NA","NA","NA","7994","4088121","4057909","4093269","5935","NA","5935","NA","NA","NA","16795","NA","5935","NA","NA","NA","8005","NA","4091333","4097502","4091909","4092763","4093269","4094021","4094702","4095321","4096047","4096792","Norway Session 6","322","583229","381","0","377","yes","54","","1024","NA","Jacob","wall.","320","320","rememberedevo","600","fi","250","jer","210","backpack","425","but","250","not","250","fi","250","jer","250"
"NA","NA","84.55497382198953","84.55497382198953","1527.3246073298428","1527.3246073298428","#242424","xpyriment","legacy","legacy","0","uniform","1","undefined","NA","NA","0","undefined","undefined","1","right_button","undefined","0","0","0","0","0","0","0","0","0","0","0","NA","NA","0","0","1","NA","NA","NA","NA","NA","NA","0","NA","0","377","377","377","377","NA","6","1013","8","0","0","2645","0","0","0","0","0","0","0","377","0","NA","NA","377","377","377","377","377","3","377","377","378","0","0","0","NA","1","NA","0","0","3","0","0","377","377","377","0","0","0","0","0","0","0","0","0","NA","NA","0","0","NA","377","128","377","377","377","377","377","377","377","128","undefined","373","168","Thu Oct  3 17:47:30 2024","751","The main experiment item","yes","active","Norway_Session_6.osexp","1","C:\Users\Tromso\Desktop\LESS\Session 6","no","no","mono","no","18","no","white","no","Click to confirm or to begin from default part if nothing selected","NA","yes","neuter","active","gender agreement","1","number violation","103","768","legacy","Mini-English","NA","List 1: grammatical, gender violation, number violation","377","377","C:/Users/Tromso/Desktop/LESS/Session 6/subject-9.csv","1.2.3","xpyriment","2415","NA","singular","Lentiform Loewenfeld","3.3.14","0","3","NA","space","NA","NA","NA","NA","NA","NA","NA","NA","NA","space","c","NA","space","NA","space","3","209","NA","9282","NA","NA","NA","NA","NA","NA","NA","NA","NA","27896","90525","NA","10897","NA","110933","209","NA","8789","NA","space","2","legacy","Ze mirror is dryezur and ze tray too.","217","Session 6","NA","Experiment","2024-10-03 17:47","1024","2","48000","-16","Session6","Norway","9","odd","word4","48","NA","no","NA","109138","NA","26086","NA","16799","16795","5935","16795","NA","NA","NA","NA","NA","NA","NA","NA","NA","NA","NA","NA","NA","NA","NA","5934","4058420","4103871","4102715","4103268","NA","3812670","4106230","26086","NA","NA","4104733","NA","116646","NA","116649","NA","127550","238523","4100637","238513","NA","NA","4100659","4101330","4106486","4106486","4100637","16795","4098440","4098440","4106697","NA","NA","5935","NA","NA","NA","7993","NA","NA","NA","7994","4098425","4057909","4103221","5935","NA","5935","NA","NA","NA","16795","NA","5935","NA","NA","NA","8005","NA","4101599","4097502","4102105","4102715","4103221","4103974","4104479","4105079","4105829","4096792","Norway Session 6","323","583438","382","0","378","yes","","copula_be","1024","NA","Ze","","","250","mirror","355","is","250","dryezur","350","and","250","ze","250","tray","285","too.","285","",""
"NA","NA","84.59530026109661","84.59530026109661","1523.8825065274152","1523.8825065274152","#242424","xpyriment","legacy","legacy","0","uniform","1","undefined","NA","NA","0","undefined","undefined","1","left_button","undefined","0","0","0","0","0","0","0","0","0","0","0","NA","NA","0","0","1","NA","NA","NA","NA","NA","NA","0","NA","0","378","378","378","378","NA","6","1015","8","0","0","2652","0","0","0","0","0","0","0","378","0","NA","NA","378","378","378","378","378","3","378","378","379","0","0","0","NA","1","NA","0","0","3","0","0","378","378","378","0","0","0","0","0","0","0","0","0","NA","NA","0","0","NA","378","128","378","378","378","378","378","378","378","128","undefined","378","157","Thu Oct  3 17:47:30 2024","741","The main experiment item","yes","active","Norway_Session_6.osexp","1","C:\Users\Tromso\Desktop\LESS\Session 6","no","no","mono","no","18","no","white","no","Click to confirm or to begin from default part if nothing selected","NA","yes","common","active","gender agreement","1","grammatical","101","768","legacy","Mini-English","NA","List 1: grammatical, gender violation, number violation","378","378","C:/Users/Tromso/Desktop/LESS/Session 6/subject-9.csv","1.2.3","xpyriment","1713","NA","singular","Lentiform Loewenfeld","3.3.14","0","1","NA","space","NA","NA","NA","NA","NA","NA","NA","NA","NA","space","c","NA","space","NA","space","1","209","NA","9282","NA","NA","NA","NA","NA","NA","NA","NA","NA","27896","90525","NA","10897","NA","110933","209","NA","8789","NA","space","2","legacy","Je fork is goodeju and je dress too.","186","Session 6","NA","Experiment","2024-10-03 17:47","1024","2","48000","-16","Session6","Norway","9","odd","word4","46","NA","no","NA","109138","NA","26086","NA","16799","16795","5935","16795","NA","NA","NA","NA","NA","NA","NA","NA","NA","NA","NA","NA","NA","NA","NA","5934","4058420","4112112","4110956","4111508","NA","3812670","4114513","26086","NA","NA","4112974","NA","116646","NA","116649","NA","127550","238523","4108948","238513","NA","NA","4108969","4109640","4114766","4114766","4108948","16795","4106717","4106717","4114977","NA","NA","5935","NA","NA","NA","7993","NA","NA","NA","7994","4106702","4057909","4111462","5935","NA","5935","NA","NA","NA","16795","NA","5935","NA","NA","NA","8005","NA","4109910","4097502","4110415","4110955","4111462","4112215","4112721","4113333","4114126","4096792","Norway Session 6","324","583647","383","0","379","yes","","copula_be","1024","NA","Je","","","250","fork","285","is","250","goodeju","350","and","250","je","250","dress","320","too.","285","",""
"NA","NA","84.63541666666667","84.63541666666667","1520.796875","1520.796875","#242424","xpyriment","legacy","legacy","0","uniform","1","undefined","NA","NA","0","undefined","undefined","1","right_button","undefined","0","0","0","0","0","0","0","0","0","0","0","NA","NA","0","0","1","NA","NA","NA","NA","NA","NA","0","NA","0","379","379","379","379","NA","6","1017","8","0","0","2659","0","0","0","0","0","0","0","379","0","NA","NA","379","379","379","379","379","3","379","379","380","0","0","0","NA","1","NA","0","0","3","0","0","379","379","379","0","0","0","0","0","0","0","0","0","NA","NA","0","0","NA","379","128","379","379","379","379","379","379","379","128","undefined","378","155","Thu Oct  3 17:47:30 2024","761","The main experiment item","yes","active","Norway_Session_6.osexp","1","C:\Users\Tromso\Desktop\LESS\Session 6","no","no","mono","no","18","no","white","no","Click to confirm or to begin from default part if nothing selected","NA","yes","common","active","gender agreement","1","number violation","103","768","legacy","Mini-English","NA","List 1: grammatical, gender violation, number violation","379","379","C:/Users/Tromso/Desktop/LESS/Session 6/subject-9.csv","1.2.3","xpyriment","169","NA","singular","Lentiform Loewenfeld","3.3.14","0","3","NA","space","NA","NA","NA","NA","NA","NA","NA","NA","NA","space","c","NA","space","NA","space","3","339","NA","9282","NA","NA","NA","NA","NA","NA","NA","NA","NA","27896","90525","NA","10897","NA","110933","339","NA","8789","NA","space","2","legacy","Je suitcase is blackejur and je box too.","137","Session 6","NA","Experiment","2024-10-03 17:47","1024","2","48000","-16","Session6","Norway","9","odd","word4","42","NA","no","NA","109138","NA","26086","NA","16799","16795","5935","16795","NA","NA","NA","NA","NA","NA","NA","NA","NA","NA","NA","NA","NA","NA","NA","5934","4058420","4120472","4119243","4119798","NA","3812670","4122758","26086","NA","NA","4121264","NA","116646","NA","116649","NA","127550","238523","4117098","238513","NA","NA","4117121","4117791","4123011","4123010","4117098","16795","4114995","4114995","4123353","NA","NA","5935","NA","NA","NA","7993","NA","NA","NA","7994","4114982","4057909","4119749","5935","NA","5935","NA","NA","NA","16795","NA","5935","NA","NA","NA","8005","NA","4118059","4097502","4118564","4119243","4119749","4120505","4121010","4121612","4122350","4096792","Norway Session 6","325","583986","384","0","380","yes","","copula_be","1024","NA","Je","","","250","suitcase","425","is","250","blackejur","420","and","250","je","250","box","250","too.","285","",""
"NA","NA","84.67532467532467","84.67532467532467","1517.3766233766235","1517.3766233766235","#242424","xpyriment","legacy","legacy","0","uniform","1","undefined","NA","NA","0","undefined","undefined","1","right_button","undefined","0","0","0","0","0","0","0","0","0","0","0","NA","NA","0","0","1","NA","NA","NA","NA","NA","NA","0","NA","0","380","380","380","380","NA","6","1019","8","0","0","2666","0","0","0","0","0","0","0","380","0","NA","NA","380","380","380","380","380","3","380","380","381","0","0","0","NA","1","NA","0","0","3","0","0","380","380","380","0","0","0","0","0","0","0","0","0","NA","NA","0","0","NA","380","128","380","380","380","380","380","380","380","128","undefined","325","373","Thu Oct  3 17:47:30 2024","757","The main experiment item","yes","active","Norway_Session_6.osexp","1","C:\Users\Tromso\Desktop\LESS\Session 6","no","no","mono","no","18","no","white","no","Click to confirm or to begin from default part if nothing selected","NA","yes","neuter","active","gender agreement","1","gender violation","102","768","legacy","Mini-English","NA","List 1: grammatical, gender violation, number violation","380","380","C:/Users/Tromso/Desktop/LESS/Session 6/subject-9.csv","1.2.3","xpyriment","2014","NA","plural","Lentiform Loewenfeld","3.3.14","0","3","NA","space","NA","NA","NA","NA","NA","NA","NA","NA","NA","space","c","NA","space","NA","space","3","204","NA","9282","NA","NA","NA","NA","NA","NA","NA","NA","NA","27896","90525","NA","10897","NA","110933","204","NA","8789","NA","space","2","legacy","Zer leaf look badejur but zer tie not.","201","Session 6","NA","Experiment","2024-10-03 17:47","1024","2","48000","-16","Session6","Norway","9","odd","word4","47","NA","no","NA","109138","NA","26086","NA","16799","16795","5935","16795","NA","NA","NA","NA","NA","NA","NA","NA","NA","NA","NA","NA","NA","NA","NA","5934","4058420","4128890","4127698","4128287","NA","3812670","4131262","26086","NA","NA","4129749","NA","116646","NA","116649","NA","127550","238523","4125690","238513","NA","NA","4125713","4126383","4131515","4131515","4125690","16795","4123377","4123377","4131721","NA","NA","5935","NA","NA","NA","7993","NA","NA","NA","7994","4123359","4057909","4128239","5935","NA","5935","NA","NA","NA","16795","NA","5935","NA","NA","NA","8005","NA","4126653","4097502","4127159","4127698","4128239","4128992","4129497","4130124","4130857","4096792","Norway Session 6","326","584190","385","0","381","yes","","copula_look","1024","NA","Zer","","","250","leaf","285","look","285","badejur","350","but","250","zer","250","tie","250","not.","285","",""
"NA","NA","84.71502590673575","84.71502590673575","1514.0492227979275","1514.0492227979275","#242424","xpyriment","legacy","legacy","0","uniform","1","undefined","NA","NA","0","undefined","undefined","1","left_button","undefined","0","0","0","0","0","0","0","0","0","0","0","NA","NA","0","0","1","NA","NA","NA","NA","NA","NA","0","NA","0","381","381","381","381","NA","6","1021","8","0","0","2673","0","0","0","0","0","0","0","381","0","NA","NA","381","381","381","381","381","3","381","381","382","0","0","0","NA","1","NA","0","0","3","0","0","381","381","381","0","0","0","0","0","0","0","0","0","NA","NA","0","0","NA","381","128","381","381","381","381","381","381","381","128","undefined","325","373","Thu Oct  3 17:47:30 2024","749","The main experiment item","yes","active","Norway_Session_6.osexp","1","C:\Users\Tromso\Desktop\LESS\Session 6","no","no","mono","no","18","no","white","no","Click to confirm or to begin from default part if nothing selected","NA","yes","neuter","active","gender agreement","1","grammatical","101","768","legacy","Mini-English","NA","List 1: grammatical, gender violation, number violation","381","381","C:/Users/Tromso/Desktop/LESS/Session 6/subject-9.csv","1.2.3","xpyriment","2013","NA","singular","Lentiform Loewenfeld","3.3.14","0","1","NA","space","NA","NA","NA","NA","NA","NA","NA","NA","NA","space","c","NA","space","NA","space","1","233","NA","9282","NA","NA","NA","NA","NA","NA","NA","NA","NA","27896","90525","NA","10897","NA","110933","233","NA","8789","NA","space","2","legacy","Ze leaf is goodezu and ze tray too.","189","Session 6","NA","Experiment","2024-10-03 17:47","1024","2","48000","-16","Session6","Norway","9","odd","word4","46","NA","no","NA","109138","NA","26086","NA","16799","16795","5935","16795","NA","NA","NA","NA","NA","NA","NA","NA","NA","NA","NA","NA","NA","NA","NA","5934","4058420","4137210","4136055","4136607","NA","3812670","4139593","26086","NA","NA","4138071","NA","116646","NA","116649","NA","127550","238523","4134046","238513","NA","NA","4134069","4134739","4139846","4139846","4134046","16795","4131745","4131745","4140081","NA","NA","5935","NA","NA","NA","7993","NA","NA","NA","7994","4131728","4057909","4136561","5935","NA","5935","NA","NA","NA","16795","NA","5935","NA","NA","NA","8005","NA","4135008","4097502","4135514","4136055","4136561","4137313","4137819","4138435","4139198","4096792","Norway Session 6","327","584423","386","0","382","yes","","copula_be","1024","NA","Ze","","","250","leaf","285","is","250","goodezu","350","and","250","ze","250","tray","285","too.","285","",""
"NA","NA","84.75452196382429","84.75452196382429","1510.377260981912","1510.377260981912","#242424","xpyriment","legacy","legacy","0","uniform","1","undefined","NA","NA","0","undefined","undefined","1","right_button","undefined","0","0","0","0","0","0","0","0","0","0","0","NA","NA","0","0","1","NA","NA","NA","NA","NA","NA","0","NA","0","382","382","382","382","NA","6","1023","8","0","0","2680","0","0","0","0","0","0","0","382","0","NA","NA","382","382","382","382","382","3","382","382","383","0","0","0","NA","1","NA","0","0","3","0","0","382","382","382","0","0","0","0","0","0","0","0","0","NA","NA","0","0","NA","382","128","382","382","382","382","382","382","382","128","undefined","335","361","Thu Oct  3 17:47:30 2024","740","The main experiment item","yes","active","Norway_Session_6.osexp","1","C:\Users\Tromso\Desktop\LESS\Session 6","no","no","mono","no","18","no","white","no","Click to confirm or to begin from default part if nothing selected","NA","yes","","active","verb-object agreement","3","article location violation","103","768","legacy","Mini-English","NA","List 1: grammatical, VOA violation, article location violation","382","382","C:/Users/Tromso/Desktop/LESS/Session 6/subject-9.csv","1.2.3","xpyriment","","NA","plural","Lentiform Loewenfeld","3.3.14","0","3","NA","space","NA","NA","NA","NA","NA","NA","NA","NA","NA","space","c","NA","space","NA","space","3","93","NA","9282","NA","NA","NA","NA","NA","NA","NA","NA","NA","27896","90525","NA","10897","NA","110933","93","NA","8789","NA","space","2","legacy","Oliver driedevo fi zertable and fi jertruck too.","214","Session 6","NA","Experiment","2024-10-03 17:47","1024","2","48000","-16","Session6","Norway","9","odd","word4","48","NA","no","NA","109138","NA","26086","NA","16799","16795","5935","16795","NA","NA","NA","NA","NA","NA","NA","NA","NA","NA","NA","NA","NA","NA","NA","5934","4058420","4145807","4144618","4145169","NA","3812670","4148283","26086","NA","NA","4146632","NA","116646","NA","116649","NA","127550","238523","4142360","238513","NA","NA","4142386","4143056","4148537","4148537","4142360","16795","4140100","4140100","4148635","NA","NA","5935","NA","NA","NA","7993","NA","NA","NA","7994","4140086","4057909","4145124","5935","NA","5935","NA","NA","NA","16795","NA","5935","NA","NA","NA","8005","NA","4143326","4097502","4143937","4144618","4145124","4145874","4146380","4146994","4147881","4096792","Norway Session 6","328","584516","387","0","383","yes","139","","1024","NA","Oliver","","","355","driedevo","425","fi","250","zertable","385","and","250","fi","250","jertruck","425","too.","285","",""
"NA","NA","84.79381443298969","84.79381443298969","1508.4226804123712","1508.4226804123712","#242424","xpyriment","legacy","legacy","0","uniform","1","undefined","NA","NA","0","undefined","undefined","1","left_button","undefined","0","0","0","0","0","0","0","0","0","0","0","NA","NA","0","0","1","NA","NA","NA","NA","NA","NA","0","NA","0","383","383","383","383","NA","6","1025","8","0","0","2687","0","0","0","0","0","0","0","383","0","NA","NA","383","383","383","383","383","3","383","383","384","0","0","0","NA","1","NA","0","0","3","0","0","383","383","383","0","0","0","0","0","0","0","0","0","NA","NA","0","0","NA","383","128","383","383","383","383","383","383","383","128","undefined","335","358","Thu Oct  3 17:47:30 2024","746","The main experiment item","yes","active","Norway_Session_6.osexp","1","C:\Users\Tromso\Desktop\LESS\Session 6","no","no","mono","no","18","no","white","no","Click to confirm or to begin from default part if nothing selected","NA","yes","neuter","active","gender agreement","1","grammatical","101","768","legacy","Mini-English","NA","List 1: grammatical, gender violation, number violation","383","383","C:/Users/Tromso/Desktop/LESS/Session 6/subject-9.csv","1.2.3","xpyriment","2110","NA","plural","Lentiform Loewenfeld","3.3.14","0","1","NA","space","NA","NA","NA","NA","NA","NA","NA","NA","NA","space","c","NA","space","NA","space","1","752","NA","9282","NA","NA","NA","NA","NA","NA","NA","NA","NA","27896","90525","NA","10897","NA","110933","752","NA","8789","NA","space","2","legacy","Zer strawberry look pinkezur but zer mirror not.","154","Session 6","NA","Experiment","2024-10-03 17:47","1024","2","48000","-16","Session6","Norway","9","odd","word4","43","NA","no","NA","109138","NA","26086","NA","16799","16795","5935","16795","NA","NA","NA","NA","NA","NA","NA","NA","NA","NA","NA","NA","NA","NA","NA","5934","4058420","4154311","4153084","4153672","NA","3812670","4156738","26086","NA","NA","4155136","NA","116646","NA","116649","NA","127550","238523","4150864","238513","NA","NA","4150887","4151558","4156991","4156991","4150864","16795","4148656","4148656","4157745","NA","NA","5935","NA","NA","NA","7993","NA","NA","NA","7994","4148642","4057909","4153624","5935","NA","5935","NA","NA","NA","16795","NA","5935","NA","NA","NA","8005","NA","4151828","4097502","4152333","4153084","4153624","4154379","4154884","4155495","4156333","4096792","Norway Session 6","329","585268","388","0","384","yes","","copula_look","1024","NA","Zer","","","250","strawberry","495","look","285","pinkezur","385","but","250","zer","250","mirror","355","not.","285","",""
"NA","NA","84.83290488431876","84.83290488431876","1505.1542416452442","1505.1542416452442","#242424","xpyriment","legacy","legacy","0","uniform","1","undefined","NA","NA","0","undefined","undefined","1","right_button","undefined","0","0","0","0","0","0","0","0","0","0","0","NA","NA","0","0","1","NA","NA","NA","NA","NA","NA","0","NA","0","384","384","384","384","NA","6","1027","8","0","0","2694","0","0","0","0","0","0","0","384","0","NA","NA","384","384","384","384","384","3","384","384","385","0","0","0","NA","1","NA","0","0","3","0","0","384","384","384","0","0","0","0","0","0","0","0","0","NA","NA","0","0","NA","384","128","384","384","384","384","384","384","384","128","undefined","335","358","Thu Oct  3 17:47:30 2024","755","The main experiment item","yes","active","Norway_Session_6.osexp","1","C:\Users\Tromso\Desktop\LESS\Session 6","no","no","mono","no","18","no","white","no","Click to confirm or to begin from default part if nothing selected","NA","yes","common","active","gender agreement","1","gender violation","102","768","legacy","Mini-English","NA","List 1: grammatical, gender violation, number violation","384","384","C:/Users/Tromso/Desktop/LESS/Session 6/subject-9.csv","1.2.3","xpyriment","1517","NA","singular","Lentiform Loewenfeld","3.3.14","0","3","NA","space","NA","NA","NA","NA","NA","NA","NA","NA","NA","space","c","NA","space","NA","space","3","237","NA","9282","NA","NA","NA","NA","NA","NA","NA","NA","NA","27896","90525","NA","10897","NA","110933","237","NA","8789","NA","space","2","legacy","Je saucepan is yellowezu and je drum too.","232","Session 6","NA","Experiment","2024-10-03 17:47","1024","2","48000","-16","Session6","Norway","9","odd","word4","50","NA","no","NA","109138","NA","26086","NA","16799","16795","5935","16795","NA","NA","NA","NA","NA","NA","NA","NA","NA","NA","NA","NA","NA","NA","NA","5934","4058420","4163355","4162132","4162682","NA","3812670","4165652","26086","NA","NA","4164145","NA","116646","NA","116649","NA","127550","238523","4159983","238513","NA","NA","4160005","4160675","4165905","4165905","4159983","16795","4157770","4157770","4166146","NA","NA","5935","NA","NA","NA","7993","NA","NA","NA","7994","4157752","4057909","4162637","5935","NA","5935","NA","NA","NA","16795","NA","5935","NA","NA","NA","8005","NA","4160946","4097502","4161452","4162132","4162636","4163387","4163893","4164500","4165252","4096792","Norway Session 6","330","585505","389","0","385","yes","","copula_be","1024","NA","Je","","","250","saucepan","425","is","250","yellowezu","420","and","250","je","250","drum","285","too.","285","",""
"NA","NA","84.87179487179488","84.87179487179488","1502.2205128205128","1502.2205128205128","#242424","xpyriment","legacy","legacy","0","uniform","1","undefined","NA","NA","0","undefined","undefined","1","right_button","undefined","0","0","0","0","0","0","0","0","0","0","0","NA","NA","0","0","1","NA","NA","NA","NA","NA","NA","0","NA","0","385","385","385","385","NA","6","1029","8","0","0","2701","0","0","0","0","0","0","0","385","0","NA","NA","385","385","385","385","385","3","385","385","386","0","0","0","NA","1","NA","0","0","3","0","0","385","385","385","0","0","0","0","0","0","0","0","0","NA","NA","0","0","NA","385","128","385","385","385","385","385","385","385","128","undefined","335","358","Thu Oct  3 17:47:30 2024","758","The main experiment item","yes","active","Norway_Session_6.osexp","1","C:\Users\Tromso\Desktop\LESS\Session 6","no","no","mono","no","18","no","white","no","Click to confirm or to begin from default part if nothing selected","NA","yes","common","active","gender agreement","1","number violation","103","768","legacy","Mini-English","NA","List 1: grammatical, gender violation, number violation","385","385","C:/Users/Tromso/Desktop/LESS/Session 6/subject-9.csv","1.2.3","xpyriment","1715","NA","singular","Lentiform Loewenfeld","3.3.14","0","3","NA","space","NA","NA","NA","NA","NA","NA","NA","NA","NA","space","c","NA","space","NA","space","3","361","NA","9282","NA","NA","NA","NA","NA","NA","NA","NA","NA","27896","90525","NA","10897","NA","110933","361","NA","8789","NA","space","2","legacy","Je fork is dryejur and je suitcase too.","210","Session 6","NA","Experiment","2024-10-03 17:47","1024","2","48000","-16","Session6","Norway","9","odd","word4","48","NA","no","NA","109138","NA","26086","NA","16799","16795","5935","16795","NA","NA","NA","NA","NA","NA","NA","NA","NA","NA","NA","NA","NA","NA","NA","5934","4058420","4171551","4170398","4170947","NA","3812670","4174081","26086","NA","NA","4172412","NA","116646","NA","116649","NA","127550","238523","4168390","238513","NA","NA","4168411","4169082","4174334","4174334","4168390","16795","4166166","4166166","4174696","NA","NA","5935","NA","NA","NA","7993","NA","NA","NA","7994","4166153","4057909","4170902","5935","NA","5935","NA","NA","NA","16795","NA","5935","NA","NA","NA","8005","NA","4169350","4097502","4169856","4170398","4170902","4171654","4172160","4172780","4173684","4096792","Norway Session 6","331","585866","390","0","386","yes","","copula_be","1024","NA","Je","","","250","fork","285","is","250","dryejur","350","and","250","je","250","suitcase","425","too.","285","",""
"NA","NA","84.91048593350384","84.91048593350384","1499.2148337595909","1499.2148337595909","#242424","xpyriment","legacy","legacy","0","uniform","1","undefined","NA","NA","0","undefined","undefined","1","left_button","undefined","0","0","0","0","0","0","0","0","0","0","0","NA","NA","0","0","1","NA","NA","NA","NA","NA","NA","0","NA","0","386","386","386","386","NA","6","1031","8","0","0","2708","0","0","0","0","0","0","0","386","0","NA","NA","386","386","386","386","386","3","386","386","387","0","0","0","NA","1","NA","0","0","3","0","0","386","386","386","0","0","0","0","0","0","0","0","0","NA","NA","0","0","NA","386","128","386","386","386","386","386","386","386","128","undefined","335","358","Thu Oct  3 17:47:30 2024","750","The main experiment item","yes","active","Norway_Session_6.osexp","1","C:\Users\Tromso\Desktop\LESS\Session 6","no","no","mono","no","18","no","white","no","Click to confirm or to begin from default part if nothing selected","NA","yes","common","active","gender agreement","1","grammatical","101","768","legacy","Mini-English","NA","List 1: grammatical, gender violation, number violation","386","386","C:/Users/Tromso/Desktop/LESS/Session 6/subject-9.csv","1.2.3","xpyriment","1313","NA","singular","Lentiform Loewenfeld","3.3.14","0","1","NA","space","NA","NA","NA","NA","NA","NA","NA","NA","NA","space","c","NA","space","NA","space","1","327","NA","9282","NA","NA","NA","NA","NA","NA","NA","NA","NA","27896","90525","NA","10897","NA","110933","327","NA","8789","NA","space","2","legacy","Je drum is goodeju and je fork too.","182","Session 6","NA","Experiment","2024-10-03 17:47","1024","2","48000","-16","Session6","Norway","9","odd","word4","46","NA","no","NA","109138","NA","26086","NA","16799","16795","5935","16795","NA","NA","NA","NA","NA","NA","NA","NA","NA","NA","NA","NA","NA","NA","NA","5934","4058420","4180116","4178959","4179513","NA","3812670","4182483","26086","NA","NA","4180978","NA","116646","NA","116649","NA","127550","238523","4176949","238513","NA","NA","4176972","4177642","4182736","4182736","4176949","16795","4174716","4174716","4183066","NA","NA","5935","NA","NA","NA","7993","NA","NA","NA","7994","4174702","4057909","4179465","5935","NA","5935","NA","NA","NA","16795","NA","5935","NA","NA","NA","8005","NA","4177913","4097502","4178418","4178959","4179465","4180219","4180724","4181336","4182092","4096792","Norway Session 6","332","586193","391","0","387","yes","","copula_be","1024","NA","Je","","","250","drum","285","is","250","goodeju","350","and","250","je","250","fork","285","too.","285","",""
"NA","NA","84.94897959183673","84.94897959183673","1496.5280612244899","1496.5280612244899","#242424","xpyriment","legacy","legacy","0","uniform","1","undefined","NA","NA","0","undefined","undefined","1","right_button","undefined","0","0","0","0","0","0","0","0","0","0","0","NA","NA","0","0","1","NA","NA","NA","NA","NA","NA","0","NA","0","387","387","387","387","NA","6","1033","8","0","0","2715","0","0","0","0","0","0","0","387","0","NA","NA","387","387","387","387","387","3","387","387","388","0","0","0","NA","1","NA","0","0","3","0","0","387","387","387","0","0","0","0","0","0","0","0","0","NA","NA","0","0","NA","387","128","387","387","387","387","387","387","387","128","undefined","335","358","Thu Oct  3 17:47:30 2024","758","The main experiment item","yes","active","Norway_Session_6.osexp","1","C:\Users\Tromso\Desktop\LESS\Session 6","no","no","mono","no","18","no","white","no","Click to confirm or to begin from default part if nothing selected","NA","yes","","active","verb-object agreement","3","article location violation","103","768","legacy","Mini-English","NA","List 1: grammatical, VOA violation, article location violation","387","387","C:/Users/Tromso/Desktop/LESS/Session 6/subject-9.csv","1.2.3","xpyriment","","NA","singular","Lentiform Loewenfeld","3.3.14","0","3","NA","space","NA","NA","NA","NA","NA","NA","NA","NA","NA","space","c","NA","space","NA","space","3","446","NA","9282","NA","NA","NA","NA","NA","NA","NA","NA","NA","27896","90525","NA","10897","NA","110933","446","NA","8789","NA","space","2","legacy","Thomas refused fi zepool but not fi jestreet.","249","Session 6","NA","Experiment","2024-10-03 17:47","1024","2","48000","-16","Session6","Norway","9","odd","word4","51","NA","no","NA","109138","NA","26086","NA","16799","16795","5935","16795","NA","NA","NA","NA","NA","NA","NA","NA","NA","NA","NA","NA","NA","NA","NA","5934","4058420","4188723","4187604","4188156","NA","3812670","4191300","26086","NA","NA","4189619","NA","116646","NA","116649","NA","127550","238523","4185381","238513","NA","NA","4185407","4186078","4191553","4191553","4185382","16795","4183086","4183086","4192001","NA","NA","5935","NA","NA","NA","7993","NA","NA","NA","7994","4183072","4057909","4188110","5935","NA","5935","NA","NA","NA","16795","NA","5935","NA","NA","NA","8005","NA","4186348","4097502","4186958","4187604","4188110","4188861","4189366","4189980","4190700","4096792","Norway Session 6","333","586639","392","0","388","yes","1212","","1024","NA","Thomas","","","355","refused","390","fi","250","zepool","315","but","250","not","250","fi","250","jestreet.","460","",""
"NA","NA","84.98727735368956","84.98727735368956","1494.1832061068703","1494.1832061068703","#242424","xpyriment","legacy","legacy","0","uniform","1","undefined","NA","NA","0","undefined","undefined","1","right_button","undefined","0","0","0","0","0","0","0","0","0","0","0","NA","NA","0","0","1","NA","NA","NA","NA","NA","NA","0","NA","0","388","388","388","388","NA","6","1035","8","0","0","2722","0","0","0","0","0","0","0","388","0","NA","NA","388","388","388","388","388","3","388","388","389","0","0","0","NA","1","NA","0","0","3","0","0","388","388","388","0","0","0","0","0","0","0","0","0","NA","NA","0","0","NA","388","128","388","388","388","388","388","388","388","128","undefined","335","358","Thu Oct  3 17:47:30 2024","754","The main experiment item","yes","active","Norway_Session_6.osexp","1","C:\Users\Tromso\Desktop\LESS\Session 6","no","no","mono","no","18","no","white","no","Click to confirm or to begin from default part if nothing selected","NA","yes","","active","differential object marking","2","article location violation","103","768","legacy","Mini-English","NA","List 1: grammatical, DOM violation, article location violation","388","388","C:/Users/Tromso/Desktop/LESS/Session 6/subject-9.csv","1.2.3","xpyriment","","NA","singular","Lentiform Loewenfeld","3.3.14","0","3","NA","space","NA","NA","NA","NA","NA","NA","NA","NA","NA","space","c","NA","space","NA","space","3","575","NA","9282","NA","NA","NA","NA","NA","NA","NA","NA","NA","27896","90525","NA","10897","NA","110933","575","NA","8789","NA","space","2","legacy","Olivia refused fi jewall and fi zemug too.","141","Session 6","NA","Experiment","2024-10-03 17:47","1024","2","48000","-16","Session6","Norway","9","odd","word4","42","NA","no","NA","109138","NA","26086","NA","16799","16795","5935","16795","NA","NA","NA","NA","NA","NA","NA","NA","NA","NA","NA","NA","NA","NA","NA","5934","4058420","4197602","4196483","4197034","NA","3812670","4200059","26086","NA","NA","4198498","NA","116646","NA","116649","NA","127550","238523","4194266","238513","NA","NA","4194287","4194958","4200311","4200311","4194266","16795","4192025","4192025","4200889","NA","NA","5935","NA","NA","NA","7993","NA","NA","NA","7994","4192010","4057909","4196988","5935","NA","5935","NA","NA","NA","16795","NA","5935","NA","NA","NA","8005","NA","4195227","4097502","4195838","4196482","4196988","4197740","4198246","4198871","4199665","4096792","Norway Session 6","334","587214","393","0","389","yes","123","","1024","NA","Olivia","","","355","refused","390","fi","250","jewall","315","and","250","fi","250","zemug","320","too.","285","",""
"NA","NA","85.0253807106599","85.0253807106599","1491.4771573604062","1491.4771573604062","#242424","xpyriment","legacy","legacy","0","uniform","1","undefined","NA","NA","0","undefined","undefined","1","left_button","undefined","0","0","0","0","0","0","0","0","0","0","0","NA","NA","0","0","1","NA","NA","NA","NA","NA","NA","0","NA","0","389","389","389","389","NA","6","1039","8","0","0","2729","0","0","0","0","0","0","0","389","0","NA","NA","389","389","389","389","389","3","389","389","390","0","0","0","NA","1","NA","0","0","3","0","0","389","389","389","0","0","0","0","0","0","0","0","0","NA","NA","0","0","NA","389","129","389","389","389","389","389","389","389","129","undefined","335","358","Thu Oct  3 17:47:30 2024","735","The main experiment item","yes","active","Norway_Session_6.osexp","1","C:\Users\Tromso\Desktop\LESS\Session 6","no","no","mono","no","18","no","white","no","Click to confirm or to begin from default part if nothing selected","NA","yes","","active","verb-object agreement","3","grammatical","101","768","legacy","Mini-English","NA","List 1: grammatical, VOA violation, article location violation","389","389","C:/Users/Tromso/Desktop/LESS/Session 6/subject-9.csv","1.2.3","xpyriment","","NA","plural","Lentiform Loewenfeld","3.3.14","0","1","NA","space","NA","NA","NA","NA","NA","NA","NA","NA","NA","space","c","NA","space","NA","space","1","428","NA","9282","NA","NA","NA","NA","NA","NA","NA","NA","NA","27896","90525","NA","10897","NA","110933","428","NA","8789","NA","space","2","legacy","Oliver chosevo fi zer closet but not fi jer pencil.","224","Session 6","NA","Experiment","2024-10-03 17:47","1024","2","48000","-16","Session6","Norway","9","odd","word4","49","NA","no","NA","109138","NA","26086","NA","16799","16795","5935","16795","NA","NA","NA","NA","NA","NA","NA","NA","NA","NA","NA","NA","NA","NA","NA","5934","4058420","4206272","4205260","4205809","NA","3812670","4210414","26086","NA","NA","4207378","NA","116646","NA","116649","NA","127550","238523","4203041","238513","NA","NA","4203063","4203734","4210667","4210667","4203041","16795","4200908","4200908","4211097","NA","NA","5935","NA","NA","NA","7993","NA","NA","NA","7994","4200894","4057909","4205765","5935","NA","5935","NA","NA","NA","16795","NA","5935","NA","NA","NA","8005","NA","4204003","4209915","4204613","4205260","4205765","4206515","4207126","4207739","4208464","4209186","Norway Session 6","335","587642","394","0","390","yes","1110","","1024","NA","Oliver","pencil.","390","355","chosevo","390","fi","250","zer","210","closet","355","but","250","not","250","fi","250","jer","250"
"NA","NA","85.0632911392405","85.0632911392405","1492.0025316455697","1492.0025316455697","#242424","xpyriment","legacy","legacy","0","uniform","1","undefined","NA","NA","0","undefined","undefined","1","right_button","undefined","0","0","0","0","0","0","0","0","0","0","0","NA","NA","0","0","1","NA","NA","NA","NA","NA","NA","0","NA","0","390","390","390","390","NA","6","1041","8","0","0","2736","0","0","0","0","0","0","0","390","0","NA","NA","390","390","390","390","390","3","390","390","391","0","0","0","NA","1","NA","0","0","3","0","0","390","390","390","0","0","0","0","0","0","0","0","0","NA","NA","0","0","NA","390","129","390","390","390","390","390","390","390","129","undefined","335","358","Thu Oct  3 17:47:30 2024","747","The main experiment item","yes","active","Norway_Session_6.osexp","1","C:\Users\Tromso\Desktop\LESS\Session 6","no","no","mono","no","18","no","white","no","Click to confirm or to begin from default part if nothing selected","NA","yes","common","active","gender agreement","1","number violation","103","768","legacy","Mini-English","NA","List 1: grammatical, gender violation, number violation","390","390","C:/Users/Tromso/Desktop/LESS/Session 6/subject-9.csv","1.2.3","xpyriment","1818","NA","plural","Lentiform Loewenfeld","3.3.14","0","3","NA","space","NA","NA","NA","NA","NA","NA","NA","NA","NA","space","c","NA","space","NA","space","3","1699","NA","9282","NA","NA","NA","NA","NA","NA","NA","NA","NA","27896","90525","NA","10897","NA","110933","1699","NA","8789","NA","space","2","legacy","Jer dress look purpleju but jer fork not.","247","Session 6","NA","Experiment","2024-10-03 17:47","1024","2","48000","-16","Session6","Norway","9","odd","word4","51","NA","no","NA","109138","NA","26086","NA","16799","16795","5935","16795","NA","NA","NA","NA","NA","NA","NA","NA","NA","NA","NA","NA","NA","NA","NA","5934","4058420","4216572","4215346","4215934","NA","3812670","4218907","26086","NA","NA","4217398","NA","116646","NA","116649","NA","127550","238523","4213298","238513","NA","NA","4213322","4213993","4219164","4219164","4213298","16795","4211118","4211118","4220865","NA","NA","5935","NA","NA","NA","7993","NA","NA","NA","7994","4211105","4057909","4215886","5935","NA","5935","NA","NA","NA","16795","NA","5935","NA","NA","NA","8005","NA","4214264","4209915","4214770","4215345","4215886","4216640","4217145","4217762","4218494","4209186","Norway Session 6","336","589341","395","0","391","yes","","copula_look","1024","NA","Jer","","","250","dress","320","look","285","purpleju","385","but","250","jer","250","fork","285","not.","285","",""
"NA","NA","85.1010101010101","85.1010101010101","1488.7045454545455","1488.7045454545455","#242424","xpyriment","legacy","legacy","0","uniform","1","undefined","NA","NA","0","undefined","undefined","1","right_button","undefined","0","0","0","0","0","0","0","0","0","0","0","NA","NA","0","0","1","NA","NA","NA","NA","NA","NA","0","NA","0","391","391","391","391","NA","6","1043","8","0","0","2743","0","0","0","0","0","0","0","391","0","NA","NA","391","391","391","391","391","3","391","391","392","0","0","0","NA","1","NA","0","0","3","0","0","391","391","391","0","0","0","0","0","0","0","0","0","NA","NA","0","0","NA","391","129","391","391","391","391","391","391","391","129","undefined","335","358","Thu Oct  3 17:47:30 2024","739","The main experiment item","yes","active","Norway_Session_6.osexp","1","C:\Users\Tromso\Desktop\LESS\Session 6","no","no","mono","no","18","no","white","no","Click to confirm or to begin from default part if nothing selected","NA","yes","common","active","gender agreement","1","gender violation","102","768","legacy","Mini-English","NA","List 1: grammatical, gender violation, number violation","391","391","C:/Users/Tromso/Desktop/LESS/Session 6/subject-9.csv","1.2.3","xpyriment","1511","NA","singular","Lentiform Loewenfeld","3.3.14","0","3","NA","space","NA","NA","NA","NA","NA","NA","NA","NA","NA","space","c","NA","space","NA","space","3","186","NA","9282","NA","NA","NA","NA","NA","NA","NA","NA","NA","27896","90525","NA","10897","NA","110933","186","NA","8789","NA","space","2","legacy","Je saucepan is safezu and je fork too.","160","Session 6","NA","Experiment","2024-10-03 17:47","1024","2","48000","-16","Session6","Norway","9","odd","word4","44","NA","no","NA","109138","NA","26086","NA","16799","16795","5935","16795","NA","NA","NA","NA","NA","NA","NA","NA","NA","NA","NA","NA","NA","NA","NA","5934","4058420","4226315","4225195","4225747","NA","3812670","4228712","26086","NA","NA","4227210","NA","116646","NA","116649","NA","127550","238523","4223046","238513","NA","NA","4223068","4223740","4228965","4228965","4223046","16795","4220883","4220883","4229154","NA","NA","5935","NA","NA","NA","7993","NA","NA","NA","7994","4220869","4057909","4225701","5935","NA","5935","NA","NA","NA","16795","NA","5935","NA","NA","NA","8005","NA","4224010","4209915","4224516","4225195","4225701","4226453","4226958","4227562","4228318","4209186","Norway Session 6","337","589527","396","0","392","yes","","copula_be","1024","NA","Je","","","250","saucepan","425","is","250","safezu","315","and","250","je","250","fork","285","too.","285","",""
"NA","NA","84.88664987405542","84.88664987405542","1485.2191435768261","1485.2191435768261","#242424","xpyriment","legacy","legacy","0","uniform","0","undefined","NA","NA","0","undefined","undefined","0","right_button","undefined","0","0","0","0","0","0","0","0","0","0","0","NA","NA","0","0","1","NA","NA","NA","NA","NA","NA","0","NA","0","392","392","392","392","NA","6","1045","8","0","0","2750","0","0","0","0","0","0","0","392","0","NA","NA","392","392","392","392","392","3","392","392","393","0","0","0","NA","1","NA","0","0","3","0","0","392","392","392","0","0","0","0","0","0","0","0","0","NA","NA","0","0","NA","392","129","392","392","392","392","392","392","392","129","undefined","335","358","Thu Oct  3 17:47:30 2024","745","The main experiment item","yes","active","Norway_Session_6.osexp","1","C:\Users\Tromso\Desktop\LESS\Session 6","no","no","mono","no","18","no","white","no","Click to confirm or to begin from default part if nothing selected","NA","yes","","active","differential object marking","2","DOM violation","102","768","legacy","Mini-English","NA","List 1: grammatical, DOM violation, article location violation","392","392","C:/Users/Tromso/Desktop/LESS/Session 6/subject-9.csv","1.2.3","xpyriment","","NA","singular","Lentiform Loewenfeld","3.3.14","0","1","NA","space","NA","NA","NA","NA","NA","NA","NA","NA","NA","space","c","NA","space","NA","space","1","105","NA","9282","NA","NA","NA","NA","NA","NA","NA","NA","NA","27896","90525","NA","10897","NA","110933","105","NA","8789","NA","space","2","legacy","Jack fixed ze mug and je drum too.","168","Session 6","NA","Experiment","2024-10-03 17:47","1024","2","48000","-16","Session6","Norway","9","odd","word3","44","NA","no","NA","109138","NA","26086","NA","16799","16795","5935","16795","NA","NA","NA","NA","NA","NA","NA","NA","NA","NA","NA","NA","NA","NA","NA","5934","4234039","4226315","4233575","4234282","NA","3812670","4237025","26086","NA","NA","4235546","NA","116646","NA","116649","NA","127550","238523","4231451","238513","NA","NA","4231476","4232147","4237278","4237278","4231451","16795","4229174","4229174","4237385","NA","NA","5935","NA","NA","NA","7993","NA","NA","NA","7994","4229161","4233529","4225701","5935","NA","5935","NA","NA","NA","16795","NA","5935","NA","NA","NA","8005","NA","4232415","4209915","4232954","4233529","4234282","4234788","4235293","4235900","4236645","4209186","Norway Session 6","337","589632","397","0","393","yes","158","","1024","NA","Jack","","","285","fixed","320","ze","210","mug","250","and","250","je","250","drum","285","too.","285","",""
"NA","NA","84.67336683417085","84.67336683417085","1481.821608040201","1481.821608040201","#242424","xpyriment","legacy","legacy","0","uniform","0","undefined","NA","NA","0","undefined","undefined","0","right_button","undefined","0","0","0","0","0","0","0","0","0","0","0","NA","NA","0","0","1","NA","NA","NA","NA","NA","NA","0","NA","0","393","393","393","393","NA","6","1049","8","0","0","2757","0","0","0","0","0","0","0","393","0","NA","NA","393","393","393","393","393","3","393","393","394","0","0","0","NA","1","NA","0","0","3","0","0","393","393","393","0","0","0","0","0","0","0","0","0","NA","NA","0","0","NA","393","130","393","393","393","393","393","393","393","130","undefined","336","358","Thu Oct  3 17:47:30 2024","747","The main experiment item","yes","active","Norway_Session_6.osexp","1","C:\Users\Tromso\Desktop\LESS\Session 6","no","no","mono","no","18","no","white","no","Click to confirm or to begin from default part if nothing selected","NA","yes","","active","verb-object agreement","3","VOA violation","102","768","legacy","Mini-English","NA","List 1: grammatical, VOA violation, article location violation","393","393","C:/Users/Tromso/Desktop/LESS/Session 6/subject-9.csv","1.2.3","xpyriment","","NA","singular","Lentiform Loewenfeld","3.3.14","0","1","NA","space","NA","NA","NA","NA","NA","NA","NA","NA","NA","space","c","NA","space","NA","space","1","133","NA","9282","NA","NA","NA","NA","NA","NA","NA","NA","NA","27896","90525","NA","10897","NA","110933","133","NA","8789","NA","space","2","legacy","Jacob spoiledevo fi je truck and fi je pencil too.","169","Session 6","NA","Experiment","2024-10-03 17:47","1024","2","48000","-16","Session6","Norway","9","odd","word4","44","NA","no","NA","109138","NA","26086","NA","16799","16795","5935","16795","NA","NA","NA","NA","NA","NA","NA","NA","NA","NA","NA","NA","NA","NA","NA","5934","4234039","4243033","4242016","4242568","NA","3812670","4247156","26086","NA","NA","4244104","NA","116646","NA","116649","NA","127550","238523","4239726","238513","NA","NA","4239750","4240421","4247410","4247410","4239726","16795","4237404","4237404","4247553","NA","NA","5935","NA","NA","NA","7993","NA","NA","NA","7994","4237390","4233529","4242522","5935","NA","5935","NA","NA","NA","16795","NA","5935","NA","NA","NA","8005","NA","4240691","4246761","4241266","4242016","4242522","4243276","4243851","4244468","4245228","4245933","Norway Session 6","337","589765","398","0","394","yes","165","","1024","NA","Jacob","too.","285","320","spoiledevo","495","fi","250","je","210","truck","320","and","250","fi","250","je","250","pencil","355"
"NA","NA","84.46115288220551","84.46115288220551","1478.4711779448621","1478.4711779448621","#242424","xpyriment","legacy","legacy","0","uniform","0","undefined","NA","NA","0","undefined","undefined","0","right_button","undefined","0","0","0","0","0","0","0","0","0","0","0","NA","NA","0","0","1","NA","NA","NA","NA","NA","NA","0","NA","0","394","394","394","394","NA","6","1051","8","0","0","2764","0","0","0","0","0","0","0","394","0","NA","NA","394","394","394","394","394","3","394","394","395","0","0","0","NA","1","NA","0","0","3","0","0","394","394","394","0","0","0","0","0","0","0","0","0","NA","NA","0","0","NA","394","130","394","394","394","394","394","394","394","130","undefined","336","358","Thu Oct  3 17:47:30 2024","754","The main experiment item","yes","active","Norway_Session_6.osexp","1","C:\Users\Tromso\Desktop\LESS\Session 6","no","no","mono","no","18","no","white","no","Click to confirm or to begin from default part if nothing selected","NA","yes","","active","differential object marking","2","DOM violation","102","768","legacy","Mini-English","NA","List 1: grammatical, DOM violation, article location violation","394","394","C:/Users/Tromso/Desktop/LESS/Session 6/subject-9.csv","1.2.3","xpyriment","","NA","singular","Lentiform Loewenfeld","3.3.14","0","1","NA","space","NA","NA","NA","NA","NA","NA","NA","NA","NA","space","c","NA","space","NA","space","1","145","NA","9282","NA","NA","NA","NA","NA","NA","NA","NA","NA","27896","90525","NA","10897","NA","110933","145","NA","8789","NA","space","2","legacy","Emily remembered ze leaf and ze tray too.","230","Session 6","NA","Experiment","2024-10-03 17:47","1024","2","48000","-16","Session6","Norway","9","odd","word3","50","NA","no","NA","109138","NA","26086","NA","16799","16795","5935","16795","NA","NA","NA","NA","NA","NA","NA","NA","NA","NA","NA","NA","NA","NA","NA","5934","4252629","4243033","4252167","4252872","NA","3812670","4255665","26086","NA","NA","4254171","NA","116646","NA","116649","NA","127550","238523","4249834","238513","NA","NA","4249856","4250527","4255918","4255918","4249834","16795","4247576","4247576","4256070","NA","NA","5935","NA","NA","NA","7993","NA","NA","NA","7994","4247563","4252121","4242522","5935","NA","5935","NA","NA","NA","16795","NA","5935","NA","NA","NA","8005","NA","4250796","4246761","4251370","4252121","4252872","4253413","4253919","4254536","4255285","4245933","Norway Session 6","337","589910","399","0","395","yes","520","","1024","NA","Emily","","","320","remembered","495","ze","210","leaf","285","and","250","ze","250","tray","285","too.","285","",""
"NA","NA","84.5","84.5","1475.115","1475.115","#242424","xpyriment","legacy","legacy","0","uniform","1","undefined","NA","NA","0","undefined","undefined","1","left_button","undefined","0","0","0","0","0","0","0","0","0","0","0","NA","NA","0","0","1","NA","NA","NA","NA","NA","NA","0","NA","0","395","395","395","395","NA","6","1055","8","0","0","2771","0","0","0","0","0","0","0","395","0","NA","NA","395","395","395","395","395","3","395","395","396","0","0","0","NA","1","NA","0","0","3","0","0","395","395","395","0","0","0","0","0","0","0","0","0","NA","NA","0","0","NA","395","131","395","395","395","395","395","395","395","131","undefined","336","358","Thu Oct  3 17:47:30 2024","743","The main experiment item","yes","active","Norway_Session_6.osexp","1","C:\Users\Tromso\Desktop\LESS\Session 6","no","no","mono","no","18","no","white","no","Click to confirm or to begin from default part if nothing selected","NA","yes","","active","verb-object agreement","3","grammatical","101","768","legacy","Mini-English","NA","List 1: grammatical, VOA violation, article location violation","395","395","C:/Users/Tromso/Desktop/LESS/Session 6/subject-9.csv","1.2.3","xpyriment","","NA","plural","Lentiform Loewenfeld","3.3.14","0","1","NA","space","NA","NA","NA","NA","NA","NA","NA","NA","NA","space","c","NA","space","NA","space","1","136","NA","9282","NA","NA","NA","NA","NA","NA","NA","NA","NA","27896","90525","NA","10897","NA","110933","136","NA","8789","NA","space","2","legacy","Lily driedevo fi zer letter and fi zer table too.","190","Session 6","NA","Experiment","2024-10-03 17:47","1024","2","48000","-16","Session6","Norway","9","odd","word4","46","NA","no","NA","109138","NA","26086","NA","16799","16795","5935","16795","NA","NA","NA","NA","NA","NA","NA","NA","NA","NA","NA","NA","NA","NA","NA","5934","4252629","4261535","4260521","4261071","NA","3812670","4265610","26086","NA","NA","4262641","NA","116646","NA","116649","NA","127550","238523","4258334","238513","NA","NA","4258360","4259030","4265863","4265863","4258335","16795","4256091","4256091","4266003","NA","NA","5935","NA","NA","NA","7993","NA","NA","NA","7994","4256076","4252121","4261026","5935","NA","5935","NA","NA","NA","16795","NA","5935","NA","NA","NA","8005","NA","4259299","4265211","4259840","4260521","4261026","4261778","4262389","4263010","4263732","4264439","Norway Session 6","338","590046","400","0","396","yes","137","","1024","NA","Lily","too.","285","285","driedevo","425","fi","250","zer","210","letter","355","and","250","fi","250","zer","250","table","320"
"NA","NA","84.53865336658355","84.53865336658355","1471.6159600997507","1471.6159600997507","#242424","xpyriment","legacy","legacy","0","uniform","1","undefined","NA","NA","0","undefined","undefined","1","left_button","undefined","0","0","0","0","0","0","0","0","0","0","0","NA","NA","0","0","1","NA","NA","NA","NA","NA","NA","0","NA","0","396","396","396","396","NA","6","1059","8","0","0","2778","0","0","0","0","0","0","0","396","0","NA","NA","396","396","396","396","396","3","396","396","397","0","0","0","NA","1","NA","0","0","3","0","0","396","396","396","0","0","0","0","0","0","0","0","0","NA","NA","0","0","NA","396","132","396","396","396","396","396","396","396","132","undefined","336","358","Thu Oct  3 17:47:30 2024","743","The main experiment item","yes","active","Norway_Session_6.osexp","1","C:\Users\Tromso\Desktop\LESS\Session 6","no","no","mono","no","18","no","white","no","Click to confirm or to begin from default part if nothing selected","NA","yes","","active","differential object marking","2","grammatical","101","768","legacy","Mini-English","NA","List 1: grammatical, DOM violation, article location violation","396","396","C:/Users/Tromso/Desktop/LESS/Session 6/subject-9.csv","1.2.3","xpyriment","","NA","singular","Lentiform Loewenfeld","3.3.14","0","1","NA","space","NA","NA","NA","NA","NA","NA","NA","NA","NA","space","c","NA","space","NA","space","1","72","NA","9282","NA","NA","NA","NA","NA","NA","NA","NA","NA","27896","90525","NA","10897","NA","110933","72","NA","8789","NA","space","2","legacy","Jessica refused fi je street and fi ze letter too.","117","Session 6","NA","Experiment","2024-10-03 17:47","1024","2","48000","-16","Session6","Norway","9","odd","word4","40","NA","no","NA","109138","NA","26086","NA","16799","16795","5935","16795","NA","NA","NA","NA","NA","NA","NA","NA","NA","NA","NA","NA","NA","NA","NA","5934","4252629","4271447","4270431","4270984","NA","3812670","4275578","26086","NA","NA","4272554","NA","116646","NA","116649","NA","127550","238523","4268178","238513","NA","NA","4268201","4268871","4275831","4275831","4268179","16795","4266021","4266021","4275906","NA","NA","5935","NA","NA","NA","7993","NA","NA","NA","7994","4266008","4252121","4270936","5935","NA","5935","NA","NA","NA","16795","NA","5935","NA","NA","NA","8005","NA","4269141","4275168","4269787","4270431","4270936","4271690","4272301","4272915","4273638","4274352","Norway Session 6","339","590118","401","0","397","yes","121","","1024","NA","Jessica","too.","285","390","refused","390","fi","250","je","210","street","355","and","250","fi","250","ze","250","letter","355"
"NA","NA","84.57711442786069","84.57711442786069","1468.9626865671642","1468.9626865671642","#242424","xpyriment","legacy","legacy","0","uniform","1","undefined","NA","NA","0","undefined","undefined","1","left_button","undefined","0","0","0","0","0","0","0","0","0","0","0","NA","NA","0","0","1","NA","NA","NA","NA","NA","NA","0","NA","0","397","397","397","397","NA","6","1063","8","0","0","2785","0","0","0","0","0","0","0","397","0","NA","NA","397","397","397","397","397","3","397","397","398","0","0","0","NA","1","NA","0","0","3","0","0","397","397","397","0","0","0","0","0","0","0","0","0","NA","NA","0","0","NA","397","133","397","397","397","397","397","397","397","133","undefined","307","447","Thu Oct  3 17:47:30 2024","755","The main experiment item","yes","active","Norway_Session_6.osexp","1","C:\Users\Tromso\Desktop\LESS\Session 6","no","no","mono","no","18","no","white","no","Click to confirm or to begin from default part if nothing selected","NA","yes","","active","differential object marking","2","grammatical","101","768","legacy","Mini-English","NA","List 1: grammatical, DOM violation, article location violation","397","397","C:/Users/Tromso/Desktop/LESS/Session 6/subject-9.csv","1.2.3","xpyriment","","NA","singular","Lentiform Loewenfeld","3.3.14","0","1","NA","space","NA","NA","NA","NA","NA","NA","NA","NA","NA","space","c","NA","space","NA","space","1","405","NA","9282","NA","NA","NA","NA","NA","NA","NA","NA","NA","27896","90525","NA","10897","NA","110933","405","NA","8789","NA","space","2","legacy","Lily forgot fi ze tray but not fi je key.","219","Session 6","NA","Experiment","2024-10-03 17:47","1024","2","48000","-16","Session6","Norway","9","odd","word4","49","NA","no","NA","109138","NA","26086","NA","16799","16795","5935","16795","NA","NA","NA","NA","NA","NA","NA","NA","NA","NA","NA","NA","NA","NA","NA","5934","4252629","4281272","4280256","4280809","NA","3812670","4285269","26086","NA","NA","4282310","NA","116646","NA","116649","NA","127550","238523","4278142","238513","NA","NA","4278164","4278834","4285522","4285522","4278142","16795","4275925","4275925","4285929","NA","NA","5935","NA","NA","NA","7993","NA","NA","NA","7994","4275911","4252121","4280762","5935","NA","5935","NA","NA","NA","16795","NA","5935","NA","NA","NA","8005","NA","4279103","4284868","4279645","4280256","4280762","4281516","4282057","4282668","4283400","4284151","Norway Session 6","340","590523","402","0","398","yes","619","","1024","NA","Lily","key.","285","285","forgot","355","fi","250","ze","210","tray","285","but","250","not","250","fi","250","je","250"
"NA","NA","84.61538461538461","84.61538461538461","1466.1389578163771","1466.1389578163771","#242424","xpyriment","legacy","legacy","0","uniform","1","undefined","NA","NA","0","undefined","undefined","1","right_button","undefined","0","0","0","0","0","0","0","0","0","0","0","NA","NA","0","0","1","NA","NA","NA","NA","NA","NA","0","NA","0","398","398","398","398","NA","6","1065","8","0","0","2792","0","0","0","0","0","0","0","398","0","NA","NA","398","398","398","398","398","3","398","398","399","0","0","0","NA","1","NA","0","0","3","0","0","398","398","398","0","0","0","0","0","0","0","0","0","NA","NA","0","0","NA","398","133","398","398","398","398","398","398","398","133","undefined","306","448","Thu Oct  3 17:47:30 2024","753","The main experiment item","yes","active","Norway_Session_6.osexp","1","C:\Users\Tromso\Desktop\LESS\Session 6","no","no","mono","no","18","no","white","no","Click to confirm or to begin from default part if nothing selected","NA","yes","common","active","gender agreement","1","number violation","103","768","legacy","Mini-English","NA","List 1: grammatical, gender violation, number violation","398","398","C:/Users/Tromso/Desktop/LESS/Session 6/subject-9.csv","1.2.3","xpyriment","1612","NA","plural","Lentiform Loewenfeld","3.3.14","0","3","NA","space","NA","NA","NA","NA","NA","NA","NA","NA","NA","space","c","NA","space","NA","space","3","331","NA","9282","NA","NA","NA","NA","NA","NA","NA","NA","NA","27896","90525","NA","10897","NA","110933","331","NA","8789","NA","space","2","legacy","Jer suitcase look dangerouseju but jer fork not.","173","Session 6","NA","Experiment","2024-10-03 17:47","1024","2","48000","-16","Session6","Norway","9","odd","word4","45","NA","no","NA","109138","NA","26086","NA","16799","16795","5935","16795","NA","NA","NA","NA","NA","NA","NA","NA","NA","NA","NA","NA","NA","NA","NA","5934","4252629","4281272","4290362","4290949","NA","3812670","4294006","26086","NA","NA","4292489","NA","116646","NA","116649","NA","127550","238523","4288211","238513","NA","NA","4288234","4288905","4294259","4294259","4288212","16795","4285947","4285947","4294593","NA","NA","5935","NA","NA","NA","7993","NA","NA","NA","7994","4285933","4252121","4290903","5935","NA","5935","NA","NA","NA","16795","NA","5935","NA","NA","NA","8005","NA","4289175","4284868","4289680","4290362","4290902","4291731","4292236","4292858","4293614","4284151","Norway Session 6","341","590854","403","0","399","yes","","copula_look","1024","NA","Jer","","","250","suitcase","425","look","285","dangerouseju","525","but","250","jer","250","fork","285","not.","285","",""
"NA","NA","84.65346534653466","84.65346534653466","1462.8465346534654","1462.8465346534654","#242424","xpyriment","legacy","legacy","0","uniform","1","undefined","NA","NA","0","undefined","undefined","1","right_button","undefined","0","0","0","0","0","0","0","0","0","0","0","NA","NA","0","0","1","NA","NA","NA","NA","NA","NA","0","NA","0","399","399","399","399","NA","6","1067","8","0","0","2799","0","0","0","0","0","0","0","399","0","NA","NA","399","399","399","399","399","3","399","399","400","0","0","0","NA","1","NA","0","0","3","0","0","399","399","399","0","0","0","0","0","0","0","0","0","NA","NA","0","0","NA","399","133","399","399","399","399","399","399","399","133","undefined","306","448","Thu Oct  3 17:47:30 2024","753","The main experiment item","yes","active","Norway_Session_6.osexp","1","C:\Users\Tromso\Desktop\LESS\Session 6","no","no","mono","no","18","no","white","no","Click to confirm or to begin from default part if nothing selected","NA","yes","","active","verb-object agreement","3","article location violation","103","768","legacy","Mini-English","NA","List 1: grammatical, VOA violation, article location violation","399","399","C:/Users/Tromso/Desktop/LESS/Session 6/subject-9.csv","1.2.3","xpyriment","","NA","plural","Lentiform Loewenfeld","3.3.14","0","3","NA","space","NA","NA","NA","NA","NA","NA","NA","NA","NA","space","c","NA","space","NA","space","3","136","NA","9282","NA","NA","NA","NA","NA","NA","NA","NA","NA","27896","90525","NA","10897","NA","110933","136","NA","8789","NA","space","2","legacy","Oliver rememberedevo fi jerwall and fi jerkey too.","134","Session 6","NA","Experiment","2024-10-03 17:47","1024","2","48000","-16","Session6","Norway","9","odd","word4","42","NA","no","NA","109138","NA","26086","NA","16799","16795","5935","16795","NA","NA","NA","NA","NA","NA","NA","NA","NA","NA","NA","NA","NA","NA","NA","5934","4252629","4300453","4299298","4299850","NA","3812670","4302898","26086","NA","NA","4301314","NA","116646","NA","116649","NA","127550","238523","4296868","238513","NA","NA","4296890","4297560","4303151","4303151","4296868","16795","4294614","4294614","4303289","NA","NA","5935","NA","NA","NA","7993","NA","NA","NA","7994","4294600","4252121","4299804","5935","NA","5935","NA","NA","NA","16795","NA","5935","NA","NA","NA","8005","NA","4297831","4284868","4298441","4299297","4299804","4300556","4301062","4301670","4302501","4284151","Norway Session 6","342","590990","404","0","400","yes","53","","1024","NA","Oliver","","","355","rememberedevo","600","fi","250","jerwall","350","and","250","fi","250","jerkey","355","too.","285","",""
"NA","NA","84.44444444444444","84.44444444444444","1459.7037037037037","1459.7037037037037","#242424","xpyriment","legacy","legacy","0","uniform","0","undefined","NA","NA","0","undefined","undefined","0","right_button","undefined","0","0","0","0","0","0","0","0","0","0","0","NA","NA","0","0","1","NA","NA","NA","NA","NA","NA","0","NA","0","400","400","400","400","NA","7","1069","8","0","0","2806","0","0","0","0","0","0","0","400","0","NA","NA","400","400","400","400","400","3","400","400","401","0","0","0","NA","1","NA","0","0","3","0","0","400","400","400","0","0","0","0","0","0","0","0","0","NA","NA","0","0","NA","400","133","400","400","400","400","400","400","400","133","undefined","297","420","Thu Oct  3 17:47:30 2024","768","The main experiment item","yes","active","Norway_Session_6.osexp","1","C:\Users\Tromso\Desktop\LESS\Session 6","no","no","mono","no","18","no","white","no","Click to confirm or to begin from default part if nothing selected","NA","yes","","active","differential object marking","2","DOM violation","102","768","legacy","Mini-English","NA","List 1: grammatical, DOM violation, article location violation","400","400","C:/Users/Tromso/Desktop/LESS/Session 6/subject-9.csv","1.2.3","xpyriment","","NA","singular","Lentiform Loewenfeld","3.3.14","0","1","NA","space","NA","NA","NA","NA","NA","NA","NA","NA","NA","space","c","NA","space","NA","space","1","190","NA","9282","NA","NA","NA","NA","NA","NA","NA","NA","NA","38715","90525","NA","10897","NA","110933","190","NA","8789","NA","space","2","legacy","Jack refused ze mug and je saucepan too.","165","Session 6","NA","Experiment","2024-10-03 17:47","1024","2","48000","-16","Session6","Norway","9","odd","word3","44","NA","no","NA","109138","NA","26086","NA","16799","16795","5935","16795","NA","NA","NA","NA","NA","NA","NA","NA","NA","NA","NA","NA","NA","NA","NA","5934","4347454","4300453","4346990","4347697","NA","4303492","4350627","26086","NA","NA","4348961","NA","116646","NA","116649","NA","127550","238523","4344792","238513","NA","NA","4344817","4345487","4350880","4350880","4344793","16795","4342211","4342211","4351073","NA","NA","5935","NA","NA","NA","7993","NA","NA","NA","7994","4303297","4346944","4299804","5935","NA","5935","NA","NA","NA","16795","NA","5935","NA","NA","NA","8005","NA","4345756","4284868","4346298","4346943","4347697","4348203","4348708","4349319","4350240","4284151","Norway Session 6","342","591180","405","0","401","yes","128","","1024","NA","Jack","","","285","refused","390","ze","210","mug","250","and","250","je","250","saucepan","425","too.","285","",""
"NA","NA","84.48275862068965","84.48275862068965","1456.8522167487686","1456.8522167487686","#242424","xpyriment","legacy","legacy","0","uniform","1","undefined","NA","NA","0","undefined","undefined","1","right_button","undefined","0","0","0","0","0","0","0","0","0","0","0","NA","NA","0","0","1","NA","NA","NA","NA","NA","NA","0","NA","0","401","401","401","401","NA","7","1073","8","0","0","2813","0","0","0","0","0","0","0","401","0","NA","NA","401","401","401","401","401","3","401","401","402","0","0","0","NA","1","NA","0","0","3","0","0","401","401","401","0","0","0","0","0","0","0","0","0","NA","NA","0","0","NA","401","134","401","401","401","401","401","401","401","134","undefined","297","420","Thu Oct  3 17:47:30 2024","752","The main experiment item","yes","active","Norway_Session_6.osexp","1","C:\Users\Tromso\Desktop\LESS\Session 6","no","no","mono","no","18","no","white","no","Click to confirm or to begin from default part if nothing selected","NA","yes","","active","verb-object agreement","3","VOA violation","102","768","legacy","Mini-English","NA","List 1: grammatical, VOA violation, article location violation","401","401","C:/Users/Tromso/Desktop/LESS/Session 6/subject-9.csv","1.2.3","xpyriment","","NA","singular","Lentiform Loewenfeld","3.3.14","0","3","NA","space","NA","NA","NA","NA","NA","NA","NA","NA","NA","space","c","NA","space","NA","space","3","302","NA","9282","NA","NA","NA","NA","NA","NA","NA","NA","NA","38715","90525","NA","10897","NA","110933","302","NA","8789","NA","space","2","legacy","Charlie forgotevo fi je truck and fi ze pool too.","159","Session 6","NA","Experiment","2024-10-03 17:47","1024","2","48000","-16","Session6","Norway","9","odd","word4","44","NA","no","NA","109138","NA","26086","NA","16799","16795","5935","16795","NA","NA","NA","NA","NA","NA","NA","NA","NA","NA","NA","NA","NA","NA","NA","5934","4347454","4356682","4355667","4356218","NA","4303492","4360748","26086","NA","NA","4357753","NA","116646","NA","116649","NA","127550","238523","4353338","238513","NA","NA","4353364","4354034","4361001","4361001","4353338","16795","4351092","4351092","4361305","NA","NA","5935","NA","NA","NA","7993","NA","NA","NA","7994","4351078","4346944","4356173","5935","NA","5935","NA","NA","NA","16795","NA","5935","NA","NA","NA","8005","NA","4354305","4360360","4354951","4355667","4356173","4356925","4357501","4358115","4358857","4359582","Norway Session 6","343","591482","406","0","402","yes","65","","1024","NA","Charlie","too.","285","390","forgotevo","460","fi","250","je","210","truck","320","and","250","fi","250","ze","250","pool","285"
"NA","NA","84.27518427518427","84.27518427518427","1454.4594594594594","1454.4594594594594","#242424","xpyriment","legacy","legacy","0","uniform","0","undefined","NA","NA","0","undefined","undefined","0","right_button","undefined","0","0","0","0","0","0","0","0","0","0","0","NA","NA","0","0","1","NA","NA","NA","NA","NA","NA","0","NA","0","402","402","402","402","NA","7","1075","8","0","0","2820","0","0","0","0","0","0","0","402","0","NA","NA","402","402","402","402","402","3","402","402","403","0","0","0","NA","1","NA","0","0","3","0","0","402","402","402","0","0","0","0","0","0","0","0","0","NA","NA","0","0","NA","402","134","402","402","402","402","402","402","402","134","undefined","297","420","Thu Oct  3 17:47:30 2024","747","The main experiment item","yes","active","Norway_Session_6.osexp","1","C:\Users\Tromso\Desktop\LESS\Session 6","no","no","mono","no","18","no","white","no","Click to confirm or to begin from default part if nothing selected","NA","yes","","active","differential object marking","2","DOM violation","102","768","legacy","Mini-English","NA","List 1: grammatical, DOM violation, article location violation","402","402","C:/Users/Tromso/Desktop/LESS/Session 6/subject-9.csv","1.2.3","xpyriment","","NA","singular","Lentiform Loewenfeld","3.3.14","0","1","NA","space","NA","NA","NA","NA","NA","NA","NA","NA","NA","space","c","NA","space","NA","space","1","483","NA","9282","NA","NA","NA","NA","NA","NA","NA","NA","NA","38715","90525","NA","10897","NA","110933","483","NA","8789","NA","space","2","legacy","Lily cleaned je key but not ze mug.","124","Session 6","NA","Experiment","2024-10-03 17:47","1024","2","48000","-16","Session6","Norway","9","odd","word3","41","NA","no","NA","109138","NA","26086","NA","16799","16795","5935","16795","NA","NA","NA","NA","NA","NA","NA","NA","NA","NA","NA","NA","NA","NA","NA","5934","4366219","4356682","4365755","4366462","NA","4303492","4369214","26086","NA","NA","4367725","NA","116646","NA","116649","NA","127550","238523","4363560","238513","NA","NA","4363582","4364252","4369468","4369467","4363560","16795","4361323","4361323","4369954","NA","NA","5935","NA","NA","NA","7993","NA","NA","NA","7994","4361309","4365709","4356173","5935","NA","5935","NA","NA","NA","16795","NA","5935","NA","NA","NA","8005","NA","4364522","4360360","4365063","4365709","4366462","4366967","4367473","4368092","4368815","4359582","Norway Session 6","343","591965","407","0","403","yes","72","","1024","NA","Lily","","","285","cleaned","390","je","210","key","250","but","250","not","250","ze","250","mug.","285","",""
"NA","NA","84.31372549019608","84.31372549019608","1451.6764705882354","1451.6764705882354","#242424","xpyriment","legacy","legacy","0","uniform","1","undefined","NA","NA","0","undefined","undefined","1","right_button","undefined","0","0","0","0","0","0","0","0","0","0","0","NA","NA","0","0","1","NA","NA","NA","NA","NA","NA","0","NA","0","403","403","403","403","NA","7","1077","8","0","0","2827","0","0","0","0","0","0","0","403","0","NA","NA","403","403","403","403","403","3","403","403","404","0","0","0","NA","1","NA","0","0","3","0","0","403","403","403","0","0","0","0","0","0","0","0","0","NA","NA","0","0","NA","403","134","403","403","403","403","403","403","403","134","undefined","297","420","Thu Oct  3 17:47:30 2024","758","The main experiment item","yes","active","Norway_Session_6.osexp","1","C:\Users\Tromso\Desktop\LESS\Session 6","no","no","mono","no","18","no","white","no","Click to confirm or to begin from default part if nothing selected","NA","yes","","active","verb-object agreement","3","article location violation","103","768","legacy","Mini-English","NA","List 1: grammatical, VOA violation, article location violation","403","403","C:/Users/Tromso/Desktop/LESS/Session 6/subject-9.csv","1.2.3","xpyriment","","NA","plural","Lentiform Loewenfeld","3.3.14","0","3","NA","space","NA","NA","NA","NA","NA","NA","NA","NA","NA","space","c","NA","space","NA","space","3","319","NA","9282","NA","NA","NA","NA","NA","NA","NA","NA","NA","38715","90525","NA","10897","NA","110933","319","NA","8789","NA","space","2","legacy","Jessica fixedevo fi jerpencil but not fi jerstreet.","180","Session 6","NA","Experiment","2024-10-03 17:47","1024","2","48000","-16","Session6","Norway","9","odd","word4","45","NA","no","NA","109138","NA","26086","NA","16799","16795","5935","16795","NA","NA","NA","NA","NA","NA","NA","NA","NA","NA","NA","NA","NA","NA","NA","5934","4366219","4375738","4374513","4375064","NA","4303492","4378235","26086","NA","NA","4376529","NA","116646","NA","116649","NA","127550","238523","4372228","238513","NA","NA","4372249","4372920","4378488","4378488","4372228","16795","4369974","4369974","4378810","NA","NA","5935","NA","NA","NA","7993","NA","NA","NA","7994","4369960","4365709","4375020","5935","NA","5935","NA","NA","NA","16795","NA","5935","NA","NA","NA","8005","NA","4373189","4360360","4373834","4374512","4375020","4375770","4376277","4376889","4377625","4359582","Norway Session 6","344","592284","408","0","404","yes","156","","1024","NA","Jessica","","","390","fixedevo","425","fi","250","jerpencil","420","but","250","not","250","fi","250","jerstreet.","495","",""
"NA","NA","84.3520782396088","84.3520782396088","1449.403422982885","1449.403422982885","#242424","xpyriment","legacy","legacy","0","uniform","1","undefined","NA","NA","0","undefined","undefined","1","right_button","undefined","0","0","0","0","0","0","0","0","0","0","0","NA","NA","0","0","1","NA","NA","NA","NA","NA","NA","0","NA","0","404","404","404","404","NA","7","1081","8","0","0","2834","0","0","0","0","0","0","0","404","0","NA","NA","404","404","404","404","404","3","404","404","405","0","0","0","NA","1","NA","0","0","3","0","0","404","404","404","0","0","0","0","0","0","0","0","0","NA","NA","0","0","NA","404","135","404","404","404","404","404","404","404","135","undefined","297","420","Thu Oct  3 17:47:30 2024","754","The main experiment item","yes","active","Norway_Session_6.osexp","1","C:\Users\Tromso\Desktop\LESS\Session 6","no","no","mono","no","18","no","white","no","Click to confirm or to begin from default part if nothing selected","NA","yes","","active","verb-object agreement","3","VOA violation","102","768","legacy","Mini-English","NA","List 1: grammatical, VOA violation, article location violation","404","404","C:/Users/Tromso/Desktop/LESS/Session 6/subject-9.csv","1.2.3","xpyriment","","NA","plural","Lentiform Loewenfeld","3.3.14","0","3","NA","space","NA","NA","NA","NA","NA","NA","NA","NA","NA","space","c","NA","space","NA","space","3","522","NA","9282","NA","NA","NA","NA","NA","NA","NA","NA","NA","38715","90525","NA","10897","NA","110933","522","NA","8789","NA","space","2","legacy","Emily provided fi zer roof and fi zer closet too.","234","Session 6","NA","Experiment","2024-10-03 17:47","1024","2","48000","-16","Session6","Norway","9","odd","word4","50","NA","no","NA","109138","NA","26086","NA","16799","16795","5935","16795","NA","NA","NA","NA","NA","NA","NA","NA","NA","NA","NA","NA","NA","NA","NA","5934","4366219","4384334","4383322","4383872","NA","4303492","4388400","26086","NA","NA","4385370","NA","116646","NA","116649","NA","127550","238523","4381105","238513","NA","NA","4381127","4381797","4388653","4388653","4381105","16795","4378830","4378830","4389178","NA","NA","5935","NA","NA","NA","7993","NA","NA","NA","7994","4378817","4365709","4383828","5935","NA","5935","NA","NA","NA","16795","NA","5935","NA","NA","NA","8005","NA","4382066","4388000","4382641","4383322","4383828","4384577","4385117","4385726","4386452","4387174","Norway Session 6","345","592806","409","0","405","yes","911","","1024","NA","Emily","too.","285","320","provided","425","fi","250","zer","210","roof","285","and","250","fi","250","zer","250","closet","355"
"NA","NA","84.14634146341463","84.14634146341463","1446.7365853658537","1446.7365853658537","#242424","xpyriment","legacy","legacy","0","uniform","0","undefined","NA","NA","0","undefined","undefined","0","right_button","undefined","0","0","0","0","0","0","0","0","0","0","0","NA","NA","0","0","1","NA","NA","NA","NA","NA","NA","0","NA","0","405","405","405","405","NA","7","1083","8","0","0","2841","0","0","0","0","0","0","0","405","0","NA","NA","405","405","405","405","405","3","405","405","406","0","0","0","NA","1","NA","0","0","3","0","0","405","405","405","0","0","0","0","0","0","0","0","0","NA","NA","0","0","NA","405","135","405","405","405","405","405","405","405","135","undefined","281","318","Thu Oct  3 17:47:30 2024","742","The main experiment item","yes","active","Norway_Session_6.osexp","1","C:\Users\Tromso\Desktop\LESS\Session 6","no","no","mono","no","18","no","white","no","Click to confirm or to begin from default part if nothing selected","NA","yes","","active","differential object marking","2","DOM violation","102","768","legacy","Mini-English","NA","List 1: grammatical, DOM violation, article location violation","405","405","C:/Users/Tromso/Desktop/LESS/Session 6/subject-9.csv","1.2.3","xpyriment","","NA","singular","Lentiform Loewenfeld","3.3.14","0","1","NA","space","NA","NA","NA","NA","NA","NA","NA","NA","NA","space","c","NA","space","NA","space","1","356","NA","9282","NA","NA","NA","NA","NA","NA","NA","NA","NA","38715","90525","NA","10897","NA","110933","356","NA","8789","NA","space","2","legacy","Harry ordered je box but not je key.","199","Session 6","NA","Experiment","2024-10-03 17:47","1024","2","48000","-16","Session6","Norway","9","odd","word3","47","NA","no","NA","109138","NA","26086","NA","16799","16795","5935","16795","NA","NA","NA","NA","NA","NA","NA","NA","NA","NA","NA","NA","NA","NA","NA","5934","4394263","4384334","4393801","4394506","NA","4303492","4397222","26086","NA","NA","4395772","NA","116646","NA","116649","NA","127550","238523","4391571","238513","NA","NA","4391594","4392265","4397475","4397475","4391572","16795","4389198","4389198","4397833","NA","NA","5935","NA","NA","NA","7993","NA","NA","NA","7994","4389185","4393755","4383828","5935","NA","5935","NA","NA","NA","16795","NA","5935","NA","NA","NA","8005","NA","4392534","4388000","4393110","4393755","4394506","4395012","4395519","4396128","4396827","4387174","Norway Session 6","345","593162","410","0","406","yes","1014","","1024","NA","Harry","","","320","ordered","390","je","210","box","250","but","250","not","250","je","250","key.","285","",""
"NA","NA","84.18491484184915","84.18491484184915","1444.2262773722628","1444.2262773722628","#242424","xpyriment","legacy","legacy","0","uniform","1","undefined","NA","NA","0","undefined","undefined","1","left_button","undefined","0","0","0","0","0","0","0","0","0","0","0","NA","NA","0","0","1","NA","NA","NA","NA","NA","NA","0","NA","0","406","406","406","406","NA","7","1087","8","0","0","2848","0","0","0","0","0","0","0","406","0","NA","NA","406","406","406","406","406","3","406","406","407","0","0","0","NA","1","NA","0","0","3","0","0","406","406","406","0","0","0","0","0","0","0","0","0","NA","NA","0","0","NA","406","136","406","406","406","406","406","406","406","136","undefined","281","318","Thu Oct  3 17:47:30 2024","755","The main experiment item","yes","active","Norway_Session_6.osexp","1","C:\Users\Tromso\Desktop\LESS\Session 6","no","no","mono","no","18","no","white","no","Click to confirm or to begin from default part if nothing selected","NA","yes","","active","verb-object agreement","3","grammatical","101","768","legacy","Mini-English","NA","List 1: grammatical, VOA violation, article location violation","406","406","C:/Users/Tromso/Desktop/LESS/Session 6/subject-9.csv","1.2.3","xpyriment","","NA","singular","Lentiform Loewenfeld","3.3.14","0","1","NA","space","NA","NA","NA","NA","NA","NA","NA","NA","NA","space","c","NA","space","NA","space","1","415","NA","9282","NA","NA","NA","NA","NA","NA","NA","NA","NA","38715","90525","NA","10897","NA","110933","415","NA","8789","NA","space","2","legacy","Emily wetted fi ze closet but not fi ze mug.","227","Session 6","NA","Experiment","2024-10-03 17:47","1024","2","48000","-16","Session6","Norway","9","odd","word4","49","NA","no","NA","109138","NA","26086","NA","16799","16795","5935","16795","NA","NA","NA","NA","NA","NA","NA","NA","NA","NA","NA","NA","NA","NA","NA","5934","4394263","4403159","4402145","4402695","NA","4303492","4407227","26086","NA","NA","4404264","NA","116646","NA","116649","NA","127550","238523","4399997","238513","NA","NA","4400019","4400690","4407480","4407480","4399998","16795","4397855","4397855","4407898","NA","NA","5935","NA","NA","NA","7993","NA","NA","NA","7994","4397840","4393755","4402650","5935","NA","5935","NA","NA","NA","16795","NA","5935","NA","NA","NA","8005","NA","4400958","4406823","4401533","4402145","4402650","4403402","4404012","4404625","4405361","4406118","Norway Session 6","346","593577","411","0","407","yes","1410","","1024","NA","Emily","mug.","285","320","wetted","355","fi","250","ze","210","closet","355","but","250","not","250","fi","250","ze","250"
"NA","NA","84.22330097087378","84.22330097087378","1441.388349514563","1441.388349514563","#242424","xpyriment","legacy","legacy","0","uniform","1","undefined","NA","NA","0","undefined","undefined","1","left_button","undefined","0","0","0","0","0","0","0","0","0","0","0","NA","NA","0","0","1","NA","NA","NA","NA","NA","NA","0","NA","0","407","407","407","407","NA","7","1091","8","0","0","2855","0","0","0","0","0","0","0","407","0","NA","NA","407","407","407","407","407","3","407","407","408","0","0","0","NA","1","NA","0","0","3","0","0","407","407","407","0","0","0","0","0","0","0","0","0","NA","NA","0","0","NA","407","137","407","407","407","407","407","407","407","137","undefined","281","318","Thu Oct  3 17:47:30 2024","757","The main experiment item","yes","active","Norway_Session_6.osexp","1","C:\Users\Tromso\Desktop\LESS\Session 6","no","no","mono","no","18","no","white","no","Click to confirm or to begin from default part if nothing selected","NA","yes","","active","differential object marking","2","grammatical","101","768","legacy","Mini-English","NA","List 1: grammatical, DOM violation, article location violation","407","407","C:/Users/Tromso/Desktop/LESS/Session 6/subject-9.csv","1.2.3","xpyriment","","NA","singular","Lentiform Loewenfeld","3.3.14","0","1","NA","space","NA","NA","NA","NA","NA","NA","NA","NA","NA","space","c","NA","space","NA","space","1","275","NA","9282","NA","NA","NA","NA","NA","NA","NA","NA","NA","38715","90525","NA","10897","NA","110933","275","NA","8789","NA","space","2","legacy","Thomas provided fi je street and fi ze table too.","114","Session 6","NA","Experiment","2024-10-03 17:47","1024","2","48000","-16","Session6","Norway","9","odd","word4","40","NA","no","NA","109138","NA","26086","NA","16799","16795","5935","16795","NA","NA","NA","NA","NA","NA","NA","NA","NA","NA","NA","NA","NA","NA","NA","5934","4394263","4413559","4412544","4413096","NA","4303492","4417647","26086","NA","NA","4414665","NA","116646","NA","116649","NA","127550","238523","4410287","238513","NA","NA","4410310","4410980","4417900","4417900","4410287","16795","4407920","4407920","4418177","NA","NA","5935","NA","NA","NA","7993","NA","NA","NA","7994","4407905","4393755","4413049","5935","NA","5935","NA","NA","NA","16795","NA","5935","NA","NA","NA","8005","NA","4411252","4417252","4411863","4412544","4413049","4413802","4414413","4415032","4415736","4416457","Norway Session 6","347","593852","412","0","408","yes","91","","1024","NA","Thomas","too.","285","355","provided","425","fi","250","je","210","street","355","and","250","fi","250","ze","250","table","320"
"NA","NA","84.26150121065375","84.26150121065375","1438.7651331719128","1438.7651331719128","#242424","xpyriment","legacy","legacy","0","uniform","1","undefined","NA","NA","0","undefined","undefined","1","right_button","undefined","0","0","0","0","0","0","0","0","0","0","0","NA","NA","0","0","1","NA","NA","NA","NA","NA","NA","0","NA","0","408","408","408","408","NA","7","1093","8","0","0","2862","0","0","0","0","0","0","0","408","0","NA","NA","408","408","408","408","408","3","408","408","409","0","0","0","NA","1","NA","0","0","3","0","0","408","408","408","0","0","0","0","0","0","0","0","0","NA","NA","0","0","NA","408","137","408","408","408","408","408","408","408","137","undefined","281","318","Thu Oct  3 17:47:30 2024","758","The main experiment item","yes","active","Norway_Session_6.osexp","1","C:\Users\Tromso\Desktop\LESS\Session 6","no","no","mono","no","18","no","white","no","Click to confirm or to begin from default part if nothing selected","NA","yes","","active","differential object marking","2","article location violation","103","768","legacy","Mini-English","NA","List 1: grammatical, DOM violation, article location violation","408","408","C:/Users/Tromso/Desktop/LESS/Session 6/subject-9.csv","1.2.3","xpyriment","","NA","singular","Lentiform Loewenfeld","3.3.14","0","3","NA","space","NA","NA","NA","NA","NA","NA","NA","NA","NA","space","c","NA","space","NA","space","3","358","NA","9282","NA","NA","NA","NA","NA","NA","NA","NA","NA","38715","90525","NA","10897","NA","110933","358","NA","8789","NA","space","2","legacy","Emily dirtied fi jewall and fi jestreet too.","137","Session 6","NA","Experiment","2024-10-03 17:47","1024","2","48000","-16","Session6","Norway","9","odd","word4","42","NA","no","NA","109138","NA","26086","NA","16799","16795","5935","16795","NA","NA","NA","NA","NA","NA","NA","NA","NA","NA","NA","NA","NA","NA","NA","5934","4394263","4423906","4422785","4423338","NA","4303492","4426445","26086","NA","NA","4424804","NA","116646","NA","116649","NA","127550","238523","4420604","238513","NA","NA","4420626","4421296","4426697","4426697","4420604","16795","4418198","4418198","4427058","NA","NA","5935","NA","NA","NA","7993","NA","NA","NA","7994","4418185","4393755","4423291","5935","NA","5935","NA","NA","NA","16795","NA","5935","NA","NA","NA","8005","NA","4421565","4417252","4422140","4422784","4423291","4424044","4424551","4425173","4426048","4416457","Norway Session 6","348","594210","413","0","409","yes","83","","1024","NA","Emily","","","320","dirtied","390","fi","250","jewall","315","and","250","fi","250","jestreet","425","too.","285","",""
"NA","NA","84.29951690821257","84.29951690821257","1436.1521739130435","1436.1521739130435","#242424","xpyriment","legacy","legacy","0","uniform","1","undefined","NA","NA","0","undefined","undefined","1","right_button","undefined","0","0","0","0","0","0","0","0","0","0","0","NA","NA","0","0","1","NA","NA","NA","NA","NA","NA","0","NA","0","409","409","409","409","NA","7","1095","8","0","0","2869","0","0","0","0","0","0","0","409","0","NA","NA","409","409","409","409","409","3","409","409","410","0","0","0","NA","1","NA","0","0","3","0","0","409","409","409","0","0","0","0","0","0","0","0","0","NA","NA","0","0","NA","409","137","409","409","409","409","409","409","409","137","undefined","279","318","Thu Oct  3 17:47:30 2024","753","The main experiment item","yes","active","Norway_Session_6.osexp","1","C:\Users\Tromso\Desktop\LESS\Session 6","no","no","mono","no","18","no","white","no","Click to confirm or to begin from default part if nothing selected","NA","yes","","active","verb-object agreement","3","article location violation","103","768","legacy","Mini-English","NA","List 1: grammatical, VOA violation, article location violation","409","409","C:/Users/Tromso/Desktop/LESS/Session 6/subject-9.csv","1.2.3","xpyriment","","NA","plural","Lentiform Loewenfeld","3.3.14","0","3","NA","space","NA","NA","NA","NA","NA","NA","NA","NA","NA","space","c","NA","space","NA","space","3","357","NA","9282","NA","NA","NA","NA","NA","NA","NA","NA","NA","38715","90525","NA","10897","NA","110933","357","NA","8789","NA","space","2","legacy","Lily rememberedevo fi zertable and fi zerpool too.","206","Session 6","NA","Experiment","2024-10-03 17:47","1024","2","48000","-16","Session6","Norway","9","odd","word4","48","NA","no","NA","109138","NA","26086","NA","16799","16795","5935","16795","NA","NA","NA","NA","NA","NA","NA","NA","NA","NA","NA","NA","NA","NA","NA","5934","4394263","4432999","4431812","4432362","NA","4303492","4435453","26086","NA","NA","4433825","NA","116646","NA","116649","NA","127550","238523","4429454","238513","NA","NA","4429476","4430146","4435706","4435706","4429454","16795","4427081","4427082","4436066","NA","NA","5935","NA","NA","NA","7993","NA","NA","NA","7994","4427066","4393755","4432317","5935","NA","5935","NA","NA","NA","16795","NA","5935","NA","NA","NA","8005","NA","4430416","4417252","4430957","4431812","4432317","4433067","4433572","4434193","4435064","4416457","Norway Session 6","349","594567","414","0","410","yes","59","","1024","NA","Lily","","","285","rememberedevo","600","fi","250","zertable","385","and","250","fi","250","zerpool","390","too.","285","",""
"NA","NA","84.33734939759036","84.33734939759036","1433.4289156626505","1433.4289156626505","#242424","xpyriment","legacy","legacy","0","uniform","1","undefined","NA","NA","0","undefined","undefined","1","right_button","undefined","0","0","0","0","0","0","0","0","0","0","0","NA","NA","0","0","1","NA","NA","NA","NA","NA","NA","0","NA","0","410","410","410","410","NA","7","1097","8","0","0","2876","0","0","0","0","0","0","0","410","0","NA","NA","410","410","410","410","410","3","410","410","411","0","0","0","NA","1","NA","0","0","3","0","0","410","410","410","0","0","0","0","0","0","0","0","0","NA","NA","0","0","NA","410","137","410","410","410","410","410","410","410","137","undefined","273","319","Thu Oct  3 17:47:30 2024","744","The main experiment item","yes","active","Norway_Session_6.osexp","1","C:\Users\Tromso\Desktop\LESS\Session 6","no","no","mono","no","18","no","white","no","Click to confirm or to begin from default part if nothing selected","NA","yes","neuter","active","gender agreement","1","number violation","103","768","legacy","Mini-English","NA","List 1: grammatical, gender violation, number violation","410","410","C:/Users/Tromso/Desktop/LESS/Session 6/subject-9.csv","1.2.3","xpyriment","199","NA","singular","Lentiform Loewenfeld","3.3.14","0","3","NA","space","NA","NA","NA","NA","NA","NA","NA","NA","NA","space","c","NA","space","NA","space","3","306","NA","9282","NA","NA","NA","NA","NA","NA","NA","NA","NA","38715","90525","NA","10897","NA","110933","306","NA","8789","NA","space","2","legacy","Ze tray is blackezur and ze candle too.","140","Session 6","NA","Experiment","2024-10-03 17:47","1024","2","48000","-16","Session6","Norway","9","odd","word4","42","NA","no","NA","109138","NA","26086","NA","16799","16795","5935","16795","NA","NA","NA","NA","NA","NA","NA","NA","NA","NA","NA","NA","NA","NA","NA","5934","4394263","4441565","4440341","4440893","NA","4303492","4443944","26086","NA","NA","4442357","NA","116646","NA","116649","NA","127550","238523","4438330","238513","NA","NA","4438355","4439026","4444197","4444197","4438330","16795","4436084","4436084","4444506","NA","NA","5935","NA","NA","NA","7993","NA","NA","NA","7994","4436070","4393755","4440848","5935","NA","5935","NA","NA","NA","16795","NA","5935","NA","NA","NA","8005","NA","4439295","4417252","4439801","4440341","4440848","4441598","4442103","4442727","4443550","4416457","Norway Session 6","350","594873","415","0","411","yes","","copula_be","1024","NA","Ze","","","250","tray","285","is","250","blackezur","420","and","250","ze","250","candle","355","too.","285","",""
"NA","NA","84.375","84.375","1430.3774038461538","1430.3774038461538","#242424","xpyriment","legacy","legacy","0","uniform","1","undefined","NA","NA","0","undefined","undefined","1","right_button","undefined","0","0","0","0","0","0","0","0","0","0","0","NA","NA","0","0","1","NA","NA","NA","NA","NA","NA","0","NA","0","411","411","411","411","NA","7","1099","8","0","0","2883","0","0","0","0","0","0","0","411","0","NA","NA","411","411","411","411","411","3","411","411","412","0","0","0","NA","1","NA","0","0","3","0","0","411","411","411","0","0","0","0","0","0","0","0","0","NA","NA","0","0","NA","411","137","411","411","411","411","411","411","411","137","undefined","264","321","Thu Oct  3 17:47:30 2024","744","The main experiment item","yes","active","Norway_Session_6.osexp","1","C:\Users\Tromso\Desktop\LESS\Session 6","no","no","mono","no","18","no","white","no","Click to confirm or to begin from default part if nothing selected","NA","yes","neuter","active","gender agreement","1","number violation","103","768","legacy","Mini-English","NA","List 1: grammatical, gender violation, number violation","411","411","C:/Users/Tromso/Desktop/LESS/Session 6/subject-9.csv","1.2.3","xpyriment","2115","NA","singular","Lentiform Loewenfeld","3.3.14","0","3","NA","space","NA","NA","NA","NA","NA","NA","NA","NA","NA","space","c","NA","space","NA","space","3","164","NA","9282","NA","NA","NA","NA","NA","NA","NA","NA","NA","38715","90525","NA","10897","NA","110933","164","NA","8789","NA","space","2","legacy","Ze strawberry is dryezur and ze tie too.","214","Session 6","NA","Experiment","2024-10-03 17:47","1024","2","48000","-16","Session6","Norway","9","odd","word4","48","NA","no","NA","109138","NA","26086","NA","16799","16795","5935","16795","NA","NA","NA","NA","NA","NA","NA","NA","NA","NA","NA","NA","NA","NA","NA","5934","4394263","4450228","4449072","4449625","NA","4303492","4452582","26086","NA","NA","4451087","NA","116646","NA","116649","NA","127550","238523","4446853","238513","NA","NA","4446874","4447545","4452835","4452835","4446853","16795","4444529","4444529","4453005","NA","NA","5935","NA","NA","NA","7993","NA","NA","NA","7994","4444513","4393755","4449578","5935","NA","5935","NA","NA","NA","16795","NA","5935","NA","NA","NA","8005","NA","4447815","4417252","4448321","4449072","4449578","4450331","4450835","4451451","4452187","4416457","Norway Session 6","351","595037","416","0","412","yes","","copula_be","1024","NA","Ze","","","250","strawberry","495","is","250","dryezur","350","and","250","ze","250","tie","250","too.","285","",""
"NA","NA","84.41247002398082","84.41247002398082","1427.68345323741","1427.68345323741","#242424","xpyriment","legacy","legacy","0","uniform","1","undefined","NA","NA","0","undefined","undefined","1","right_button","undefined","0","0","0","0","0","0","0","0","0","0","0","NA","NA","0","0","1","NA","NA","NA","NA","NA","NA","0","NA","0","412","412","412","412","NA","7","1101","8","0","0","2890","0","0","0","0","0","0","0","412","0","NA","NA","412","412","412","412","412","3","412","412","413","0","0","0","NA","1","NA","0","0","3","0","0","412","412","412","0","0","0","0","0","0","0","0","0","NA","NA","0","0","NA","412","137","412","412","412","412","412","412","412","137","undefined","264","321","Thu Oct  3 17:47:30 2024","745","The main experiment item","yes","active","Norway_Session_6.osexp","1","C:\Users\Tromso\Desktop\LESS\Session 6","no","no","mono","no","18","no","white","no","Click to confirm or to begin from default part if nothing selected","NA","yes","","active","differential object marking","2","article location violation","103","768","legacy","Mini-English","NA","List 1: grammatical, DOM violation, article location violation","412","412","C:/Users/Tromso/Desktop/LESS/Session 6/subject-9.csv","1.2.3","xpyriment","","NA","singular","Lentiform Loewenfeld","3.3.14","0","3","NA","space","NA","NA","NA","NA","NA","NA","NA","NA","NA","space","c","NA","space","NA","space","3","307","NA","9282","NA","NA","NA","NA","NA","NA","NA","NA","NA","38715","90525","NA","10897","NA","110933","307","NA","8789","NA","space","2","legacy","Amelia spoiled fi zestrawberry but not fi jebox.","253","Session 6","NA","Experiment","2024-10-03 17:47","1024","2","48000","-16","Session6","Norway","9","odd","word4","51","NA","no","NA","109138","NA","26086","NA","16799","16795","5935","16795","NA","NA","NA","NA","NA","NA","NA","NA","NA","NA","NA","NA","NA","NA","NA","5934","4394263","4450228","4457592","4458144","NA","4303492","4461222","26086","NA","NA","4459682","NA","116646","NA","116649","NA","127550","238523","4455374","238513","NA","NA","4455399","4456069","4461476","4461475","4455374","16795","4453029","4453029","4461786","NA","NA","5935","NA","NA","NA","7993","NA","NA","NA","7994","4453012","4393755","4458098","5935","NA","5935","NA","NA","NA","16795","NA","5935","NA","NA","NA","8005","NA","4456338","4417252","4456948","4457592","4458098","4458926","4459430","4460046","4460770","4416457","Norway Session 6","352","595344","417","0","413","yes","1621","","1024","NA","Amelia","","","355","spoiled","390","fi","250","zestrawberry","525","but","250","not","250","fi","250","jebox.","355","",""
"NA","NA","84.21052631578948","84.21052631578948","1424.6148325358852","1424.6148325358852","#242424","xpyriment","legacy","legacy","0","uniform","0","undefined","NA","NA","0","undefined","undefined","0","right_button","undefined","0","0","0","0","0","0","0","0","0","0","0","NA","NA","0","0","1","NA","NA","NA","NA","NA","NA","0","NA","0","413","413","413","413","NA","7","1105","8","0","0","2897","0","0","0","0","0","0","0","413","0","NA","NA","413","413","413","413","413","3","413","413","414","0","0","0","NA","1","NA","0","0","3","0","0","413","413","413","0","0","0","0","0","0","0","0","0","NA","NA","0","0","NA","413","138","413","413","413","413","413","413","413","138","undefined","264","322","Thu Oct  3 17:47:30 2024","746","The main experiment item","yes","active","Norway_Session_6.osexp","1","C:\Users\Tromso\Desktop\LESS\Session 6","no","no","mono","no","18","no","white","no","Click to confirm or to begin from default part if nothing selected","NA","yes","","active","verb-object agreement","3","VOA violation","102","768","legacy","Mini-English","NA","List 1: grammatical, VOA violation, article location violation","413","413","C:/Users/Tromso/Desktop/LESS/Session 6/subject-9.csv","1.2.3","xpyriment","","NA","plural","Lentiform Loewenfeld","3.3.14","0","1","NA","space","NA","NA","NA","NA","NA","NA","NA","NA","NA","space","c","NA","space","NA","space","1","145","NA","9282","NA","NA","NA","NA","NA","NA","NA","NA","NA","38715","90525","NA","10897","NA","110933","145","NA","8789","NA","space","2","legacy","Thomas cleaned fi zer mug but not fi jer pencil.","196","Session 6","NA","Experiment","2024-10-03 17:47","1024","2","48000","-16","Session6","Norway","9","odd","word4","47","NA","no","NA","109138","NA","26086","NA","16799","16795","5935","16795","NA","NA","NA","NA","NA","NA","NA","NA","NA","NA","NA","NA","NA","NA","NA","5934","4394263","4467305","4466291","4466841","NA","4303492","4471337","26086","NA","NA","4468306","NA","116646","NA","116649","NA","127550","238523","4464071","238513","NA","NA","4464094","4464764","4471590","4471590","4464071","16795","4461807","4461807","4471738","NA","NA","5935","NA","NA","NA","7993","NA","NA","NA","7994","4461793","4393755","4466797","5935","NA","5935","NA","NA","NA","16795","NA","5935","NA","NA","NA","8005","NA","4465034","4470838","4465645","4466291","4466797","4467548","4468053","4468675","4469397","4470119","Norway Session 6","352","595489","418","0","414","yes","78","","1024","NA","Thomas","pencil.","390","355","cleaned","390","fi","250","zer","210","mug","250","but","250","not","250","fi","250","jer","250"
"NA","NA","84.24821002386635","84.24821002386635","1421.7159904534606","1421.7159904534606","#242424","xpyriment","legacy","legacy","0","uniform","1","undefined","NA","NA","0","undefined","undefined","1","right_button","undefined","0","0","0","0","0","0","0","0","0","0","0","NA","NA","0","0","1","NA","NA","NA","NA","NA","NA","0","NA","0","414","414","414","414","NA","7","1107","8","0","0","2904","0","0","0","0","0","0","0","414","0","NA","NA","414","414","414","414","414","3","414","414","415","0","0","0","NA","1","NA","0","0","3","0","0","414","414","414","0","0","0","0","0","0","0","0","0","NA","NA","0","0","NA","414","138","414","414","414","414","414","414","414","138","undefined","264","322","Thu Oct  3 17:47:30 2024","767","The main experiment item","yes","active","Norway_Session_6.osexp","1","C:\Users\Tromso\Desktop\LESS\Session 6","no","no","mono","no","18","no","white","no","Click to confirm or to begin from default part if nothing selected","NA","yes","neuter","active","gender agreement","1","gender violation","102","768","legacy","Mini-English","NA","List 1: grammatical, gender violation, number violation","414","414","C:/Users/Tromso/Desktop/LESS/Session 6/subject-9.csv","1.2.3","xpyriment","2217","NA","singular","Lentiform Loewenfeld","3.3.14","0","3","NA","space","NA","NA","NA","NA","NA","NA","NA","NA","NA","space","c","NA","space","NA","space","3","210","NA","9282","NA","NA","NA","NA","NA","NA","NA","NA","NA","38715","90525","NA","10897","NA","110933","210","NA","8789","NA","space","2","legacy","Ze tie is yelloweju and ze mirror too.","239","Session 6","NA","Experiment","2024-10-03 17:47","1024","2","48000","-16","Session6","Norway","9","odd","word4","50","NA","no","NA","109138","NA","26086","NA","16799","16795","5935","16795","NA","NA","NA","NA","NA","NA","NA","NA","NA","NA","NA","NA","NA","NA","NA","5934","4394263","4477165","4475938","4476492","NA","4303492","4479561","26086","NA","NA","4477957","NA","116646","NA","116649","NA","127550","238523","4473966","238513","NA","NA","4473988","4474659","4479813","4479813","4473966","16795","4471755","4471755","4480028","NA","NA","5935","NA","NA","NA","7993","NA","NA","NA","7994","4471742","4393755","4476444","5935","NA","5935","NA","NA","NA","16795","NA","5935","NA","NA","NA","8005","NA","4474928","4470838","4475433","4475938","4476444","4477197","4477704","4478319","4479157","4470119","Norway Session 6","353","595699","419","0","415","yes","","copula_be","1024","NA","Ze","","","250","tie","250","is","250","yelloweju","420","and","250","ze","250","mirror","355","too.","285","",""
"NA","NA","84.28571428571429","84.28571428571429","1418.7714285714285","1418.7714285714285","#242424","xpyriment","legacy","legacy","0","uniform","1","undefined","NA","NA","0","undefined","undefined","1","left_button","undefined","0","0","0","0","0","0","0","0","0","0","0","NA","NA","0","0","1","NA","NA","NA","NA","NA","NA","0","NA","0","415","415","415","415","NA","7","1109","8","0","0","2911","0","0","0","0","0","0","0","415","0","NA","NA","415","415","415","415","415","3","415","415","416","0","0","0","NA","1","NA","0","0","3","0","0","415","415","415","0","0","0","0","0","0","0","0","0","NA","NA","0","0","NA","415","138","415","415","415","415","415","415","415","138","undefined","270","321","Thu Oct  3 17:47:30 2024","751","The main experiment item","yes","active","Norway_Session_6.osexp","1","C:\Users\Tromso\Desktop\LESS\Session 6","no","no","mono","no","18","no","white","no","Click to confirm or to begin from default part if nothing selected","NA","yes","common","active","gender agreement","1","grammatical","101","768","legacy","Mini-English","NA","List 1: grammatical, gender violation, number violation","415","415","C:/Users/Tromso/Desktop/LESS/Session 6/subject-9.csv","1.2.3","xpyriment","1613","NA","singular","Lentiform Loewenfeld","3.3.14","0","1","NA","space","NA","NA","NA","NA","NA","NA","NA","NA","NA","space","c","NA","space","NA","space","1","185","NA","9282","NA","NA","NA","NA","NA","NA","NA","NA","NA","38715","90525","NA","10897","NA","110933","185","NA","8789","NA","space","2","legacy","Je suitcase is goodeju and je dress too.","185","Session 6","NA","Experiment","2024-10-03 17:47","1024","2","48000","-16","Session6","Norway","9","odd","word4","46","NA","no","NA","109138","NA","26086","NA","16799","16795","5935","16795","NA","NA","NA","NA","NA","NA","NA","NA","NA","NA","NA","NA","NA","NA","NA","5934","4394263","4485596","4484441","4484993","NA","4303492","4488025","26086","NA","NA","4486457","NA","116646","NA","116649","NA","127550","238523","4482293","238513","NA","NA","4482316","4482986","4488278","4488278","4482294","16795","4480052","4480052","4488466","NA","NA","5935","NA","NA","NA","7993","NA","NA","NA","7994","4480039","4393755","4484946","5935","NA","5935","NA","NA","NA","16795","NA","5935","NA","NA","NA","8005","NA","4483256","4470838","4483761","4484441","4484946","4485699","4486204","4486816","4487617","4470119","Norway Session 6","354","595884","420","0","416","yes","","copula_be","1024","NA","Je","","","250","suitcase","425","is","250","goodeju","350","and","250","je","250","dress","320","too.","285","",""
"NA","NA","84.3230403800475","84.3230403800475","1415.6722090261283","1415.6722090261283","#242424","xpyriment","legacy","legacy","0","uniform","1","undefined","NA","NA","0","undefined","undefined","1","right_button","undefined","0","0","0","0","0","0","0","0","0","0","0","NA","NA","0","0","1","NA","NA","NA","NA","NA","NA","0","NA","0","416","416","416","416","NA","7","1111","8","0","0","2918","0","0","0","0","0","0","0","416","0","NA","NA","416","416","416","416","416","3","416","416","417","0","0","0","NA","1","NA","0","0","3","0","0","416","416","416","0","0","0","0","0","0","0","0","0","NA","NA","0","0","NA","416","138","416","416","416","416","416","416","416","138","undefined","270","321","Thu Oct  3 17:47:30 2024","753","The main experiment item","yes","active","Norway_Session_6.osexp","1","C:\Users\Tromso\Desktop\LESS\Session 6","no","no","mono","no","18","no","white","no","Click to confirm or to begin from default part if nothing selected","NA","yes","neuter","active","gender agreement","1","gender violation","102","768","legacy","Mini-English","NA","List 1: grammatical, gender violation, number violation","416","416","C:/Users/Tromso/Desktop/LESS/Session 6/subject-9.csv","1.2.3","xpyriment","1917","NA","singular","Lentiform Loewenfeld","3.3.14","0","3","NA","space","NA","NA","NA","NA","NA","NA","NA","NA","NA","space","c","NA","space","NA","space","3","114","NA","9282","NA","NA","NA","NA","NA","NA","NA","NA","NA","38715","90525","NA","10897","NA","110933","114","NA","8789","NA","space","2","legacy","Ze tray is yelloweju and ze tie too.","236","Session 6","NA","Experiment","2024-10-03 17:47","1024","2","48000","-16","Session6","Norway","9","odd","word4","50","NA","no","NA","109138","NA","26086","NA","16799","16795","5935","16795","NA","NA","NA","NA","NA","NA","NA","NA","NA","NA","NA","NA","NA","NA","NA","5934","4394263","4494111","4492884","4493438","NA","4303492","4496383","26086","NA","NA","4494902","NA","116646","NA","116649","NA","127550","238523","4490876","238513","NA","NA","4490898","4491569","4496637","4496637","4490877","16795","4488488","4488488","4496754","NA","NA","5935","NA","NA","NA","7993","NA","NA","NA","7994","4488473","4393755","4493390","5935","NA","5935","NA","NA","NA","16795","NA","5935","NA","NA","NA","8005","NA","4491840","4470838","4492345","4492884","4493390","4494143","4494649","4495261","4495984","4470119","Norway Session 6","355","595998","421","0","417","yes","","copula_be","1024","NA","Ze","","","250","tray","285","is","250","yelloweju","420","and","250","ze","250","tie","250","too.","285","",""
"NA","NA","84.36018957345972","84.36018957345972","1412.590047393365","1412.590047393365","#242424","xpyriment","legacy","legacy","0","uniform","1","undefined","NA","NA","0","undefined","undefined","1","right_button","undefined","0","0","0","0","0","0","0","0","0","0","0","NA","NA","0","0","1","NA","NA","NA","NA","NA","NA","0","NA","0","417","417","417","417","NA","7","1113","8","0","0","2925","0","0","0","0","0","0","0","417","0","NA","NA","417","417","417","417","417","3","417","417","418","0","0","0","NA","1","NA","0","0","3","0","0","417","417","417","0","0","0","0","0","0","0","0","0","NA","NA","0","0","NA","417","138","417","417","417","417","417","417","417","138","undefined","270","321","Thu Oct  3 17:47:30 2024","759","The main experiment item","yes","active","Norway_Session_6.osexp","1","C:\Users\Tromso\Desktop\LESS\Session 6","no","no","mono","no","18","no","white","no","Click to confirm or to begin from default part if nothing selected","NA","yes","common","active","gender agreement","1","number violation","103","768","legacy","Mini-English","NA","List 1: grammatical, gender violation, number violation","417","417","C:/Users/Tromso/Desktop/LESS/Session 6/subject-9.csv","1.2.3","xpyriment","1615","NA","singular","Lentiform Loewenfeld","3.3.14","0","3","NA","space","NA","NA","NA","NA","NA","NA","NA","NA","NA","space","c","NA","space","NA","space","3","115","NA","9282","NA","NA","NA","NA","NA","NA","NA","NA","NA","38715","90525","NA","10897","NA","110933","115","NA","8789","NA","space","2","legacy","Je suitcase is dryejur and je dress too.","209","Session 6","NA","Experiment","2024-10-03 17:47","1024","2","48000","-16","Session6","Norway","9","odd","word4","48","NA","no","NA","109138","NA","26086","NA","16799","16795","5935","16795","NA","NA","NA","NA","NA","NA","NA","NA","NA","NA","NA","NA","NA","NA","NA","5934","4394263","4502275","4501120","4501672","NA","4303492","4504679","26086","NA","NA","4503136","NA","116646","NA","116649","NA","127550","238523","4498972","238513","NA","NA","4498994","4499664","4504932","4504932","4498972","16795","4496772","4496772","4505049","NA","NA","5935","NA","NA","NA","7993","NA","NA","NA","7994","4496758","4393755","4501626","5935","NA","5935","NA","NA","NA","16795","NA","5935","NA","NA","NA","8005","NA","4499935","4470838","4500441","4501120","4501626","4502377","4502884","4503495","4504279","4470119","Norway Session 6","356","596113","422","0","418","yes","","copula_be","1024","NA","Je","","","250","suitcase","425","is","250","dryejur","350","and","250","je","250","dress","320","too.","285","",""
"NA","NA","84.39716312056737","84.39716312056737","1409.7021276595744","1409.7021276595744","#242424","xpyriment","legacy","legacy","0","uniform","1","undefined","NA","NA","0","undefined","undefined","1","right_button","undefined","0","0","0","0","0","0","0","0","0","0","0","NA","NA","0","0","1","NA","NA","NA","NA","NA","NA","0","NA","0","418","418","418","418","NA","7","1115","8","0","0","2932","0","0","0","0","0","0","0","418","0","NA","NA","418","418","418","418","418","3","418","418","419","0","0","0","NA","1","NA","0","0","3","0","0","418","418","418","0","0","0","0","0","0","0","0","0","NA","NA","0","0","NA","418","138","418","418","418","418","418","418","418","138","undefined","281","319","Thu Oct  3 17:47:30 2024","748","The main experiment item","yes","active","Norway_Session_6.osexp","1","C:\Users\Tromso\Desktop\LESS\Session 6","no","no","mono","no","18","no","white","no","Click to confirm or to begin from default part if nothing selected","NA","yes","common","active","gender agreement","1","number violation","103","768","legacy","Mini-English","NA","List 1: grammatical, gender violation, number violation","418","418","C:/Users/Tromso/Desktop/LESS/Session 6/subject-9.csv","1.2.3","xpyriment","1412","NA","plural","Lentiform Loewenfeld","3.3.14","0","3","NA","space","NA","NA","NA","NA","NA","NA","NA","NA","NA","space","c","NA","space","NA","space","3","191","NA","9282","NA","NA","NA","NA","NA","NA","NA","NA","NA","38715","90525","NA","10897","NA","110933","191","NA","8789","NA","space","2","legacy","Jer box look dangerouseju but jer suitcase not.","171","Session 6","NA","Experiment","2024-10-03 17:47","1024","2","48000","-16","Session6","Norway","9","odd","word4","45","NA","no","NA","109138","NA","26086","NA","16799","16795","5935","16795","NA","NA","NA","NA","NA","NA","NA","NA","NA","NA","NA","NA","NA","NA","NA","5934","4394263","4502275","4509345","4509932","NA","4303492","4513131","26086","NA","NA","4511473","NA","116646","NA","116649","NA","127550","238523","4507366","238513","NA","NA","4507391","4508062","4513384","4513384","4507366","16795","4505069","4505069","4513578","NA","NA","5935","NA","NA","NA","7993","NA","NA","NA","7994","4505056","4393755","4509886","5935","NA","5935","NA","NA","NA","16795","NA","5935","NA","NA","NA","8005","NA","4508332","4470838","4508838","4509345","4509885","4510713","4511220","4511834","4512736","4470119","Norway Session 6","357","596304","423","0","419","yes","","copula_look","1024","NA","Jer","","","250","box","250","look","285","dangerouseju","525","but","250","jer","250","suitcase","425","not.","285","",""
"NA","NA","84.43396226415095","84.43396226415095","1406.8962264150944","1406.8962264150944","#242424","xpyriment","legacy","legacy","0","uniform","1","undefined","NA","NA","0","undefined","undefined","1","left_button","undefined","0","0","0","0","0","0","0","0","0","0","0","NA","NA","0","0","1","NA","NA","NA","NA","NA","NA","0","NA","0","419","419","419","419","NA","7","1119","8","0","0","2939","0","0","0","0","0","0","0","419","0","NA","NA","419","419","419","419","419","3","419","419","420","0","0","0","NA","1","NA","0","0","3","0","0","419","419","419","0","0","0","0","0","0","0","0","0","NA","NA","0","0","NA","419","139","419","419","419","419","419","419","419","139","undefined","288","330","Thu Oct  3 17:47:30 2024","753","The main experiment item","yes","active","Norway_Session_6.osexp","1","C:\Users\Tromso\Desktop\LESS\Session 6","no","no","mono","no","18","no","white","no","Click to confirm or to begin from default part if nothing selected","NA","yes","","active","differential object marking","2","grammatical","101","768","legacy","Mini-English","NA","List 1: grammatical, DOM violation, article location violation","419","419","C:/Users/Tromso/Desktop/LESS/Session 6/subject-9.csv","1.2.3","xpyriment","","NA","singular","Lentiform Loewenfeld","3.3.14","0","1","NA","space","NA","NA","NA","NA","NA","NA","NA","NA","NA","space","c","NA","space","NA","space","1","220","NA","9282","NA","NA","NA","NA","NA","NA","NA","NA","NA","38715","90525","NA","10897","NA","110933","220","NA","8789","NA","space","2","legacy","Jacob remembered fi ze letter but not fi je wall.","146","Session 6","NA","Experiment","2024-10-03 17:47","1024","2","48000","-16","Session6","Norway","9","odd","word4","43","NA","no","NA","109138","NA","26086","NA","16799","16795","5935","16795","NA","NA","NA","NA","NA","NA","NA","NA","NA","NA","NA","NA","NA","NA","NA","5934","4394263","4519139","4518124","4518676","NA","4303492","4523214","26086","NA","NA","4520245","NA","116646","NA","116649","NA","127550","238523","4515835","238513","NA","NA","4515858","4516528","4523466","4523466","4515836","16795","4513604","4513604","4523691","NA","NA","5935","NA","NA","NA","7993","NA","NA","NA","7994","4513586","4393755","4518629","5935","NA","5935","NA","NA","NA","16795","NA","5935","NA","NA","NA","8005","NA","4516798","4522782","4517374","4518124","4518629","4519382","4519992","4520604","4521328","4522067","Norway Session 6","358","596524","424","0","420","yes","57","","1024","NA","Jacob","wall.","320","320","remembered","495","fi","250","ze","210","letter","355","but","250","not","250","fi","250","je","250"
"NA","NA","84.47058823529412","84.47058823529412","1403.9623529411765","1403.9623529411765","#242424","xpyriment","legacy","legacy","0","uniform","1","undefined","NA","NA","0","undefined","undefined","1","left_button","undefined","0","0","0","0","0","0","0","0","0","0","0","NA","NA","0","0","1","NA","NA","NA","NA","NA","NA","0","NA","0","420","420","420","420","NA","7","1123","8","0","0","2946","0","0","0","0","0","0","0","420","0","NA","NA","420","420","420","420","420","3","420","420","421","0","0","0","NA","1","NA","0","0","3","0","0","420","420","420","0","0","0","0","0","0","0","0","0","NA","NA","0","0","NA","420","140","420","420","420","420","420","420","420","140","undefined","288","331","Thu Oct  3 17:47:30 2024","742","The main experiment item","yes","active","Norway_Session_6.osexp","1","C:\Users\Tromso\Desktop\LESS\Session 6","no","no","mono","no","18","no","white","no","Click to confirm or to begin from default part if nothing selected","NA","yes","","active","differential object marking","2","grammatical","101","768","legacy","Mini-English","NA","List 1: grammatical, DOM violation, article location violation","420","420","C:/Users/Tromso/Desktop/LESS/Session 6/subject-9.csv","1.2.3","xpyriment","","NA","singular","Lentiform Loewenfeld","3.3.14","0","1","NA","space","NA","NA","NA","NA","NA","NA","NA","NA","NA","space","c","NA","space","NA","space","1","160","NA","9282","NA","NA","NA","NA","NA","NA","NA","NA","NA","38715","90525","NA","10897","NA","110933","160","NA","8789","NA","space","2","legacy","Jacob fixed fi je drum and fi je key too.","192","Session 6","NA","Experiment","2024-10-03 17:47","1024","2","48000","-16","Session6","Norway","9","odd","word4","46","NA","no","NA","109138","NA","26086","NA","16799","16795","5935","16795","NA","NA","NA","NA","NA","NA","NA","NA","NA","NA","NA","NA","NA","NA","NA","5934","4394263","4529180","4528164","4528715","NA","4303492","4533130","26086","NA","NA","4530215","NA","116646","NA","116649","NA","127550","238523","4526047","238513","NA","NA","4526069","4526740","4533383","4533383","4526047","16795","4523710","4523710","4533546","NA","NA","5935","NA","NA","NA","7993","NA","NA","NA","7994","4523697","4393755","4528668","5935","NA","5935","NA","NA","NA","16795","NA","5935","NA","NA","NA","8005","NA","4527013","4532752","4527589","4528164","4528668","4529423","4529963","4530580","4531280","4532029","Norway Session 6","359","596684","425","0","421","yes","1513","","1024","NA","Jacob","too.","285","320","fixed","320","fi","250","je","210","drum","285","and","250","fi","250","je","250","key","250"
"NA","NA","84.27230046948357","84.27230046948357","1405.5093896713615","1405.5093896713615","#242424","xpyriment","legacy","legacy","0","uniform","0","undefined","NA","NA","0","undefined","undefined","0","right_button","undefined","0","0","0","0","0","0","0","0","0","0","0","NA","NA","0","0","1","NA","NA","NA","NA","NA","NA","0","NA","0","421","421","421","421","NA","7","1125","8","0","0","2953","0","0","0","0","0","0","0","421","0","NA","NA","421","421","421","421","421","3","421","421","422","0","0","0","NA","1","NA","0","0","3","0","0","421","421","421","0","0","0","0","0","0","0","0","0","NA","NA","0","0","NA","421","140","421","421","421","421","421","421","421","140","undefined","283","334","Thu Oct  3 17:47:30 2024","742","The main experiment item","yes","active","Norway_Session_6.osexp","1","C:\Users\Tromso\Desktop\LESS\Session 6","no","no","mono","no","18","no","white","no","Click to confirm or to begin from default part if nothing selected","NA","yes","common","active","gender agreement","1","gender violation","102","768","legacy","Mini-English","NA","List 1: grammatical, gender violation, number violation","421","421","C:/Users/Tromso/Desktop/LESS/Session 6/subject-9.csv","1.2.3","xpyriment","1711","NA","singular","Lentiform Loewenfeld","3.3.14","0","1","NA","space","NA","NA","NA","NA","NA","NA","NA","NA","NA","space","c","NA","space","NA","space","1","2063","NA","9282","NA","NA","NA","NA","NA","NA","NA","NA","NA","38715","90525","NA","10897","NA","110933","2063","NA","8789","NA","space","2","legacy","Je fork is safezu and je box too.","162","Session 6","NA","Experiment","2024-10-03 17:47","1024","2","48000","-16","Session6","Norway","9","odd","word4","44","NA","no","NA","109138","NA","26086","NA","16799","16795","5935","16795","NA","NA","NA","NA","NA","NA","NA","NA","NA","NA","NA","NA","NA","NA","NA","5934","4394263","4539001","4537881","4538433","NA","4303492","4541363","26086","NA","NA","4539896","NA","116646","NA","116649","NA","127550","238523","4535873","238513","NA","NA","4535895","4536565","4541616","4541616","4535873","16795","4533566","4533566","4543687","NA","NA","5935","NA","NA","NA","7993","NA","NA","NA","7994","4533552","4393755","4538387","5935","NA","5935","NA","NA","NA","16795","NA","5935","NA","NA","NA","8005","NA","4536836","4532752","4537341","4537881","4538387","4539139","4539644","4540244","4540973","4532029","Norway Session 6","359","598747","426","0","422","yes","","copula_be","1024","NA","Je","","","250","fork","285","is","250","safezu","315","and","250","je","250","box","250","too.","285","",""
"NA","NA","84.30913348946136","84.30913348946136","1402.7798594847775","1402.7798594847775","#242424","xpyriment","legacy","legacy","0","uniform","1","undefined","NA","NA","0","undefined","undefined","1","right_button","undefined","0","0","0","0","0","0","0","0","0","0","0","NA","NA","0","0","1","NA","NA","NA","NA","NA","NA","0","NA","0","422","422","422","422","NA","7","1127","8","0","0","2960","0","0","0","0","0","0","0","422","0","NA","NA","422","422","422","422","422","3","422","422","423","0","0","0","NA","1","NA","0","0","3","0","0","422","422","422","0","0","0","0","0","0","0","0","0","NA","NA","0","0","NA","422","140","422","422","422","422","422","422","422","140","undefined","283","334","Thu Oct  3 17:47:30 2024","760","The main experiment item","yes","active","Norway_Session_6.osexp","1","C:\Users\Tromso\Desktop\LESS\Session 6","no","no","mono","no","18","no","white","no","Click to confirm or to begin from default part if nothing selected","NA","yes","","active","differential object marking","2","article location violation","103","768","legacy","Mini-English","NA","List 1: grammatical, DOM violation, article location violation","422","422","C:/Users/Tromso/Desktop/LESS/Session 6/subject-9.csv","1.2.3","xpyriment","","NA","singular","Lentiform Loewenfeld","3.3.14","0","3","NA","space","NA","NA","NA","NA","NA","NA","NA","NA","NA","space","c","NA","space","NA","space","3","240","NA","9282","NA","NA","NA","NA","NA","NA","NA","NA","NA","38715","90525","NA","10897","NA","110933","240","NA","8789","NA","space","2","legacy","Jack spoiled fi zetable but not fi jestreet.","181","Session 6","NA","Experiment","2024-10-03 17:47","1024","2","48000","-16","Session6","Norway","9","odd","word4","45","NA","no","NA","109138","NA","26086","NA","16799","16795","5935","16795","NA","NA","NA","NA","NA","NA","NA","NA","NA","NA","NA","NA","NA","NA","NA","5934","4394263","4549356","4548200","4548752","NA","4303492","4551897","26086","NA","NA","4550217","NA","116646","NA","116649","NA","127550","238523","4546050","238513","NA","NA","4546072","4546744","4552150","4552150","4546050","16795","4543713","4543713","4552394","NA","NA","5935","NA","NA","NA","7993","NA","NA","NA","7994","4543696","4393755","4548705","5935","NA","5935","NA","NA","NA","16795","NA","5935","NA","NA","NA","8005","NA","4547014","4532752","4547554","4548200","4548705","4549460","4549965","4550576","4551309","4532029","Norway Session 6","360","598987","427","0","423","yes","169","","1024","NA","Jack","","","285","spoiled","390","fi","250","zetable","350","but","250","not","250","fi","250","jestreet.","460","",""
"NA","NA","84.34579439252336","84.34579439252336","1400.2219626168223","1400.2219626168223","#242424","xpyriment","legacy","legacy","0","uniform","1","undefined","NA","NA","0","undefined","undefined","1","left_button","undefined","0","0","0","0","0","0","0","0","0","0","0","NA","NA","0","0","1","NA","NA","NA","NA","NA","NA","0","NA","0","423","423","423","423","NA","7","1129","8","0","0","2967","0","0","0","0","0","0","0","423","0","NA","NA","423","423","423","423","423","3","423","423","424","0","0","0","NA","1","NA","0","0","3","0","0","423","423","423","0","0","0","0","0","0","0","0","0","NA","NA","0","0","NA","423","140","423","423","423","423","423","423","423","140","undefined","283","334","Thu Oct  3 17:47:30 2024","762","The main experiment item","yes","active","Norway_Session_6.osexp","1","C:\Users\Tromso\Desktop\LESS\Session 6","no","no","mono","no","18","no","white","no","Click to confirm or to begin from default part if nothing selected","NA","yes","common","active","gender agreement","1","grammatical","101","768","legacy","Mini-English","NA","List 1: grammatical, gender violation, number violation","423","423","C:/Users/Tromso/Desktop/LESS/Session 6/subject-9.csv","1.2.3","xpyriment","1710","NA","plural","Lentiform Loewenfeld","3.3.14","0","1","NA","space","NA","NA","NA","NA","NA","NA","NA","NA","NA","space","c","NA","space","NA","space","1","308","NA","9282","NA","NA","NA","NA","NA","NA","NA","NA","NA","38715","90525","NA","10897","NA","110933","308","NA","8789","NA","space","2","legacy","Jer fork look pinkejur but jer dress not.","150","Session 6","NA","Experiment","2024-10-03 17:47","1024","2","48000","-16","Session6","Norway","9","odd","word4","43","NA","no","NA","109138","NA","26086","NA","16799","16795","5935","16795","NA","NA","NA","NA","NA","NA","NA","NA","NA","NA","NA","NA","NA","NA","NA","5934","4394263","4557988","4556763","4557350","NA","4303492","4560374","26086","NA","NA","4558815","NA","116646","NA","116649","NA","127550","238523","4554754","238513","NA","NA","4554776","4555446","4560627","4560627","4554754","16795","4552415","4552415","4560937","NA","NA","5935","NA","NA","NA","7993","NA","NA","NA","7994","4552402","4393755","4557302","5935","NA","5935","NA","NA","NA","16795","NA","5935","NA","NA","NA","8005","NA","4555718","4532752","4556223","4556763","4557302","4558056","4558562","4559176","4559973","4532029","Norway Session 6","361","599295","428","0","424","yes","","copula_look","1024","NA","Jer","","","250","fork","285","look","285","pinkejur","385","but","250","jer","250","dress","320","not.","285","",""
"NA","NA","84.38228438228438","84.38228438228438","1397.5011655011656","1397.5011655011656","#242424","xpyriment","legacy","legacy","0","uniform","1","undefined","NA","NA","0","undefined","undefined","1","right_button","undefined","0","0","0","0","0","0","0","0","0","0","0","NA","NA","0","0","1","NA","NA","NA","NA","NA","NA","0","NA","0","424","424","424","424","NA","7","1133","8","0","0","2974","0","0","0","0","0","0","0","424","0","NA","NA","424","424","424","424","424","3","424","424","425","0","0","0","NA","1","NA","0","0","3","0","0","424","424","424","0","0","0","0","0","0","0","0","0","NA","NA","0","0","NA","424","141","424","424","424","424","424","424","424","141","undefined","275","338","Thu Oct  3 17:47:30 2024","760","The main experiment item","yes","active","Norway_Session_6.osexp","1","C:\Users\Tromso\Desktop\LESS\Session 6","no","no","mono","no","18","no","white","no","Click to confirm or to begin from default part if nothing selected","NA","yes","","active","verb-object agreement","3","VOA violation","102","768","legacy","Mini-English","NA","List 1: grammatical, VOA violation, article location violation","424","424","C:/Users/Tromso/Desktop/LESS/Session 6/subject-9.csv","1.2.3","xpyriment","","NA","singular","Lentiform Loewenfeld","3.3.14","0","3","NA","space","NA","NA","NA","NA","NA","NA","NA","NA","NA","space","c","NA","space","NA","space","3","233","NA","9282","NA","NA","NA","NA","NA","NA","NA","NA","NA","38715","90525","NA","10897","NA","110933","233","NA","8789","NA","space","2","legacy","Jack wettedevo fi je key but not fi ze mug.","131","Session 6","NA","Experiment","2024-10-03 17:47","1024","2","48000","-16","Session6","Norway","9","odd","word4","41","NA","no","NA","109138","NA","26086","NA","16799","16795","5935","16795","NA","NA","NA","NA","NA","NA","NA","NA","NA","NA","NA","NA","NA","NA","NA","5934","4394263","4566472","4565456","4566010","NA","4303492","4570383","26086","NA","NA","4567474","NA","116646","NA","116649","NA","127550","238523","4563233","238513","NA","NA","4563257","4563928","4570638","4570638","4563233","16795","4560960","4560960","4570876","NA","NA","5935","NA","NA","NA","7993","NA","NA","NA","7994","4560943","4393755","4565962","5935","NA","5935","NA","NA","NA","16795","NA","5935","NA","NA","NA","8005","NA","4564200","4569987","4564740","4565456","4565962","4566715","4567221","4567829","4568541","4569264","Norway Session 6","362","599528","429","0","425","yes","142","","1024","NA","Jack","mug.","285","285","wettedevo","460","fi","250","je","210","key","250","but","250","not","250","fi","250","ze","250"
"NA","NA","84.4186046511628","84.4186046511628","1398.6","1398.6","#242424","xpyriment","legacy","legacy","0","uniform","1","undefined","NA","NA","0","undefined","undefined","1","right_button","undefined","0","0","0","0","0","0","0","0","0","0","0","NA","NA","0","0","1","NA","NA","NA","NA","NA","NA","0","NA","0","425","425","425","425","NA","7","1135","8","0","0","2981","0","0","0","0","0","0","0","425","0","NA","NA","425","425","425","425","425","3","425","425","426","0","0","0","NA","1","NA","0","0","3","0","0","425","425","425","0","0","0","0","0","0","0","0","0","NA","NA","0","0","NA","425","141","425","425","425","425","425","425","425","141","undefined","274","338","Thu Oct  3 17:47:30 2024","765","The main experiment item","yes","active","Norway_Session_6.osexp","1","C:\Users\Tromso\Desktop\LESS\Session 6","no","no","mono","no","18","no","white","no","Click to confirm or to begin from default part if nothing selected","NA","yes","neuter","active","gender agreement","1","number violation","103","768","legacy","Mini-English","NA","List 1: grammatical, gender violation, number violation","425","425","C:/Users/Tromso/Desktop/LESS/Session 6/subject-9.csv","1.2.3","xpyriment","229","NA","singular","Lentiform Loewenfeld","3.3.14","0","3","NA","space","NA","NA","NA","NA","NA","NA","NA","NA","NA","space","c","NA","space","NA","space","3","1870","NA","9282","NA","NA","NA","NA","NA","NA","NA","NA","NA","38715","90525","NA","10897","NA","110933","1870","NA","8789","NA","space","2","legacy","Ze tie is blackezur and ze mirror too.","143","Session 6","NA","Experiment","2024-10-03 17:47","1024","2","48000","-16","Session6","Norway","9","odd","word4","42","NA","no","NA","109138","NA","26086","NA","16799","16795","5935","16795","NA","NA","NA","NA","NA","NA","NA","NA","NA","NA","NA","NA","NA","NA","NA","5934","4394263","4576422","4575196","4575748","NA","4303492","4578805","26086","NA","NA","4577214","NA","116646","NA","116649","NA","127550","238523","4573220","238513","NA","NA","4573244","4573915","4579057","4579057","4573221","16795","4570897","4570897","4580930","NA","NA","5935","NA","NA","NA","7993","NA","NA","NA","7994","4570883","4393755","4575702","5935","NA","5935","NA","NA","NA","16795","NA","5935","NA","NA","NA","8005","NA","4574185","4569987","4574690","4575195","4575701","4576454","4576960","4577594","4578416","4569264","Norway Session 6","363","601398","430","0","426","yes","","copula_be","1024","NA","Ze","","","250","tie","250","is","250","blackezur","420","and","250","ze","250","mirror","355","too.","285","",""
"NA","NA","84.45475638051045","84.45475638051045","1395.8747099767982","1395.8747099767982","#242424","xpyriment","legacy","legacy","0","uniform","1","undefined","NA","NA","0","undefined","undefined","1","left_button","undefined","0","0","0","0","0","0","0","0","0","0","0","NA","NA","0","0","1","NA","NA","NA","NA","NA","NA","0","NA","0","426","426","426","426","NA","7","1137","8","0","0","2988","0","0","0","0","0","0","0","426","0","NA","NA","426","426","426","426","426","3","426","426","427","0","0","0","NA","1","NA","0","0","3","0","0","426","426","426","0","0","0","0","0","0","0","0","0","NA","NA","0","0","NA","426","141","426","426","426","426","426","426","426","141","undefined","269","328","Thu Oct  3 17:47:30 2024","747","The main experiment item","yes","active","Norway_Session_6.osexp","1","C:\Users\Tromso\Desktop\LESS\Session 6","no","no","mono","no","18","no","white","no","Click to confirm or to begin from default part if nothing selected","NA","yes","common","active","gender agreement","1","grammatical","101","768","legacy","Mini-English","NA","List 1: grammatical, gender violation, number violation","426","426","C:/Users/Tromso/Desktop/LESS/Session 6/subject-9.csv","1.2.3","xpyriment","1616","NA","plural","Lentiform Loewenfeld","3.3.14","0","1","NA","space","NA","NA","NA","NA","NA","NA","NA","NA","NA","space","c","NA","space","NA","space","1","224","NA","9282","NA","NA","NA","NA","NA","NA","NA","NA","NA","38715","90525","NA","10897","NA","110933","224","NA","8789","NA","space","2","legacy","Jer suitcase look wetejur but jer saucepan not.","221","Session 6","NA","Experiment","2024-10-03 17:47","1024","2","48000","-16","Session6","Norway","9","odd","word4","49","NA","no","NA","109138","NA","26086","NA","16799","16795","5935","16795","NA","NA","NA","NA","NA","NA","NA","NA","NA","NA","NA","NA","NA","NA","NA","5934","4394263","4586545","4585358","4585942","NA","4303492","4589082","26086","NA","NA","4587406","NA","116646","NA","116649","NA","127550","238523","4583205","238513","NA","NA","4583228","4583899","4589335","4589335","4583205","16795","4580950","4580950","4589562","NA","NA","5935","NA","NA","NA","7993","NA","NA","NA","7994","4580936","4393755","4585897","5935","NA","5935","NA","NA","NA","16795","NA","5935","NA","NA","NA","8005","NA","4584170","4569987","4584677","4585358","4585897","4586648","4587154","4587776","4588683","4569264","Norway Session 6","364","601622","431","0","427","yes","","copula_look","1024","NA","Jer","","","250","suitcase","425","look","285","wetejur","350","but","250","jer","250","saucepan","425","not.","285","",""
"NA","NA","84.49074074074075","84.49074074074075","1393.037037037037","1393.037037037037","#242424","xpyriment","legacy","legacy","0","uniform","1","undefined","NA","NA","0","undefined","undefined","1","right_button","undefined","0","0","0","0","0","0","0","0","0","0","0","NA","NA","0","0","1","NA","NA","NA","NA","NA","NA","0","NA","0","427","427","427","427","NA","7","1139","8","0","0","2995","0","0","0","0","0","0","0","427","0","NA","NA","427","427","427","427","427","3","427","427","428","0","0","0","NA","1","NA","0","0","3","0","0","427","427","427","0","0","0","0","0","0","0","0","0","NA","NA","0","0","NA","427","141","427","427","427","427","427","427","427","141","undefined","243","334","Thu Oct  3 17:47:30 2024","739","The main experiment item","yes","active","Norway_Session_6.osexp","1","C:\Users\Tromso\Desktop\LESS\Session 6","no","no","mono","no","18","no","white","no","Click to confirm or to begin from default part if nothing selected","NA","yes","neuter","active","gender agreement","1","gender violation","102","768","legacy","Mini-English","NA","List 1: grammatical, gender violation, number violation","427","427","C:/Users/Tromso/Desktop/LESS/Session 6/subject-9.csv","1.2.3","xpyriment","2417","NA","singular","Lentiform Loewenfeld","3.3.14","0","3","NA","space","NA","NA","NA","NA","NA","NA","NA","NA","NA","space","c","NA","space","NA","space","3","170","NA","9282","NA","NA","NA","NA","NA","NA","NA","NA","NA","38715","90525","NA","10897","NA","110933","170","NA","8789","NA","space","2","legacy","Ze mirror is yelloweju and ze tray too.","241","Session 6","NA","Experiment","2024-10-03 17:47","1024","2","48000","-16","Session6","Norway","9","odd","word4","50","NA","no","NA","109138","NA","26086","NA","16799","16795","5935","16795","NA","NA","NA","NA","NA","NA","NA","NA","NA","NA","NA","NA","NA","NA","NA","5934","4394263","4595255","4594030","4594581","NA","4303492","4597555","26086","NA","NA","4596046","NA","116646","NA","116649","NA","127550","238523","4591950","238513","NA","NA","4591971","4592642","4597813","4597813","4591950","16795","4589585","4589585","4597986","NA","NA","5935","NA","NA","NA","7993","NA","NA","NA","7994","4589568","4393755","4594536","5935","NA","5935","NA","NA","NA","16795","NA","5935","NA","NA","NA","8005","NA","4592912","4569987","4593417","4594030","4594536","4595288","4595794","4596408","4597164","4569264","Norway Session 6","365","601792","432","0","428","yes","","copula_be","1024","NA","Ze","","","250","mirror","355","is","250","yelloweju","420","and","250","ze","250","tray","285","too.","285","",""
"NA","NA","84.52655889145497","84.52655889145497","1392.7759815242493","1392.7759815242493","#242424","xpyriment","legacy","legacy","0","uniform","1","undefined","NA","NA","0","undefined","undefined","1","right_button","undefined","0","0","0","0","0","0","0","0","0","0","0","NA","NA","0","0","1","NA","NA","NA","NA","NA","NA","0","NA","0","428","428","428","428","NA","7","1143","8","0","0","3002","0","0","0","0","0","0","0","428","0","NA","NA","428","428","428","428","428","3","428","428","429","0","0","0","NA","1","NA","0","0","3","0","0","428","428","428","0","0","0","0","0","0","0","0","0","NA","NA","0","0","NA","428","142","428","428","428","428","428","428","428","142","undefined","243","334","Thu Oct  3 17:47:30 2024","731","The main experiment item","yes","active","Norway_Session_6.osexp","1","C:\Users\Tromso\Desktop\LESS\Session 6","no","no","mono","no","18","no","white","no","Click to confirm or to begin from default part if nothing selected","NA","yes","","active","verb-object agreement","3","VOA violation","102","768","legacy","Mini-English","NA","List 1: grammatical, VOA violation, article location violation","428","428","C:/Users/Tromso/Desktop/LESS/Session 6/subject-9.csv","1.2.3","xpyriment","","NA","singular","Lentiform Loewenfeld","3.3.14","0","3","NA","space","NA","NA","NA","NA","NA","NA","NA","NA","NA","space","c","NA","space","NA","space","3","1280","NA","9282","NA","NA","NA","NA","NA","NA","NA","NA","NA","38715","90525","NA","10897","NA","110933","1280","NA","8789","NA","space","2","legacy","Emily orderedevo fi je truck and fi je backpack too.","163","Session 6","NA","Experiment","2024-10-03 17:47","1024","2","48000","-16","Session6","Norway","9","odd","word4","44","NA","no","NA","109138","NA","26086","NA","16799","16795","5935","16795","NA","NA","NA","NA","NA","NA","NA","NA","NA","NA","NA","NA","NA","NA","NA","5934","4394263","4603544","4602528","4603081","NA","4303492","4607658","26086","NA","NA","4604617","NA","116646","NA","116649","NA","127550","238523","4600242","238513","NA","NA","4600264","4600934","4607911","4607911","4600242","16795","4598005","4598005","4609193","NA","NA","5935","NA","NA","NA","7993","NA","NA","NA","7994","4597992","4393755","4603034","5935","NA","5935","NA","NA","NA","16795","NA","5935","NA","NA","NA","8005","NA","4601203","4607271","4601777","4602528","4603034","4603787","4604365","4604980","4605660","4606380","Norway Session 6","366","603072","433","0","429","yes","105","","1024","NA","Emily","too.","285","320","orderedevo","495","fi","250","je","210","truck","320","and","250","fi","250","je","250","backpack","425"
"NA","NA","84.56221198156682","84.56221198156682","1390.032258064516","1390.032258064516","#242424","xpyriment","legacy","legacy","0","uniform","1","undefined","NA","NA","0","undefined","undefined","1","right_button","undefined","0","0","0","0","0","0","0","0","0","0","0","NA","NA","0","0","1","NA","NA","NA","NA","NA","NA","0","NA","0","429","429","429","429","NA","7","1145","8","0","0","3009","0","0","0","0","0","0","0","429","0","NA","NA","429","429","429","429","429","3","429","429","430","0","0","0","NA","1","NA","0","0","3","0","0","429","429","429","0","0","0","0","0","0","0","0","0","NA","NA","0","0","NA","429","142","429","429","429","429","429","429","429","142","undefined","256","332","Thu Oct  3 17:47:30 2024","742","The main experiment item","yes","active","Norway_Session_6.osexp","1","C:\Users\Tromso\Desktop\LESS\Session 6","no","no","mono","no","18","no","white","no","Click to confirm or to begin from default part if nothing selected","NA","yes","neuter","active","gender agreement","1","number violation","103","768","legacy","Mini-English","NA","List 1: grammatical, gender violation, number violation","429","429","C:/Users/Tromso/Desktop/LESS/Session 6/subject-9.csv","1.2.3","xpyriment","2312","NA","plural","Lentiform Loewenfeld","3.3.14","0","3","NA","space","NA","NA","NA","NA","NA","NA","NA","NA","NA","space","c","NA","space","NA","space","3","202","NA","9282","NA","NA","NA","NA","NA","NA","NA","NA","NA","38715","90525","NA","10897","NA","110933","202","NA","8789","NA","space","2","legacy","Zer candle look dangerousezu but zer strawberry not.","180","Session 6","NA","Experiment","2024-10-03 17:47","1024","2","48000","-16","Session6","Norway","9","odd","word4","45","NA","no","NA","109138","NA","26086","NA","16799","16795","5935","16795","NA","NA","NA","NA","NA","NA","NA","NA","NA","NA","NA","NA","NA","NA","NA","5934","4394263","4603544","4613531","4614118","NA","4303492","4617408","26086","NA","NA","4615658","NA","116646","NA","116649","NA","127550","238523","4611448","238513","NA","NA","4611475","4612145","4617661","4617661","4611448","16795","4609211","4609211","4617866","NA","NA","5935","NA","NA","NA","7993","NA","NA","NA","7994","4609197","4393755","4614072","5935","NA","5935","NA","NA","NA","16795","NA","5935","NA","NA","NA","8005","NA","4612416","4607271","4612921","4613531","4614072","4614899","4615405","4616018","4616995","4606380","Norway Session 6","367","603274","434","0","430","yes","","copula_look","1024","NA","Zer","","","250","candle","355","look","285","dangerousezu","525","but","250","zer","250","strawberry","495","not.","285","",""
"NA","NA","84.59770114942529","84.59770114942529","1387.3218390804598","1387.3218390804598","#242424","xpyriment","legacy","legacy","0","uniform","1","undefined","NA","NA","0","undefined","undefined","1","left_button","undefined","0","0","0","0","0","0","0","0","0","0","0","NA","NA","0","0","1","NA","NA","NA","NA","NA","NA","0","NA","0","430","430","430","430","NA","7","1149","8","0","0","3016","0","0","0","0","0","0","0","430","0","NA","NA","430","430","430","430","430","3","430","430","431","0","0","0","NA","1","NA","0","0","3","0","0","430","430","430","0","0","0","0","0","0","0","0","0","NA","NA","0","0","NA","430","143","430","430","430","430","430","430","430","143","undefined","256","332","Thu Oct  3 17:47:30 2024","748","The main experiment item","yes","active","Norway_Session_6.osexp","1","C:\Users\Tromso\Desktop\LESS\Session 6","no","no","mono","no","18","no","white","no","Click to confirm or to begin from default part if nothing selected","NA","yes","","active","verb-object agreement","3","grammatical","101","768","legacy","Mini-English","NA","List 1: grammatical, VOA violation, article location violation","430","430","C:/Users/Tromso/Desktop/LESS/Session 6/subject-9.csv","1.2.3","xpyriment","","NA","singular","Lentiform Loewenfeld","3.3.14","0","1","NA","space","NA","NA","NA","NA","NA","NA","NA","NA","NA","space","c","NA","space","NA","space","1","211","NA","9282","NA","NA","NA","NA","NA","NA","NA","NA","NA","38715","90525","NA","10897","NA","110933","211","NA","8789","NA","space","2","legacy","Emily refused fi ze letter and fi ze pool too.","189","Session 6","NA","Experiment","2024-10-03 17:47","1024","2","48000","-16","Session6","Norway","9","odd","word4","46","NA","no","NA","109138","NA","26086","NA","16799","16795","5935","16795","NA","NA","NA","NA","NA","NA","NA","NA","NA","NA","NA","NA","NA","NA","NA","5934","4394263","4623313","4622300","4622851","NA","4303492","4627414","26086","NA","NA","4624418","NA","116646","NA","116649","NA","127550","238523","4620115","238513","NA","NA","4620138","4620808","4627668","4627667","4620115","16795","4617885","4617885","4627882","NA","NA","5935","NA","NA","NA","7993","NA","NA","NA","7994","4617871","4393755","4622805","5935","NA","5935","NA","NA","NA","16795","NA","5935","NA","NA","NA","8005","NA","4621079","4627017","4621654","4622300","4622805","4623556","4624166","4624778","4625493","4626241","Norway Session 6","368","603485","435","0","431","yes","127","","1024","NA","Emily","too.","285","320","refused","390","fi","250","ze","210","letter","355","and","250","fi","250","ze","250","pool","285"
"NA","NA","84.63302752293578","84.63302752293578","1384.7545871559632","1384.7545871559632","#242424","xpyriment","legacy","legacy","0","uniform","1","undefined","NA","NA","0","undefined","undefined","1","right_button","undefined","0","0","0","0","0","0","0","0","0","0","0","NA","NA","0","0","1","NA","NA","NA","NA","NA","NA","0","NA","0","431","431","431","431","NA","7","1151","8","0","0","3023","0","0","0","0","0","0","0","431","0","NA","NA","431","431","431","431","431","3","431","431","432","0","0","0","NA","1","NA","0","0","3","0","0","431","431","431","0","0","0","0","0","0","0","0","0","NA","NA","0","0","NA","431","143","431","431","431","431","431","431","431","143","undefined","256","332","Thu Oct  3 17:47:30 2024","760","The main experiment item","yes","active","Norway_Session_6.osexp","1","C:\Users\Tromso\Desktop\LESS\Session 6","no","no","mono","no","18","no","white","no","Click to confirm or to begin from default part if nothing selected","NA","yes","","active","differential object marking","2","article location violation","103","768","legacy","Mini-English","NA","List 1: grammatical, DOM violation, article location violation","431","431","C:/Users/Tromso/Desktop/LESS/Session 6/subject-9.csv","1.2.3","xpyriment","","NA","singular","Lentiform Loewenfeld","3.3.14","0","3","NA","space","NA","NA","NA","NA","NA","NA","NA","NA","NA","space","c","NA","space","NA","space","3","268","NA","9282","NA","NA","NA","NA","NA","NA","NA","NA","NA","38715","90525","NA","10897","NA","110933","268","NA","8789","NA","space","2","legacy","Harry wetted fi jewall and fi jestreet too.","143","Session 6","NA","Experiment","2024-10-03 17:47","1024","2","48000","-16","Session6","Norway","9","odd","word4","42","NA","no","NA","109138","NA","26086","NA","16799","16795","5935","16795","NA","NA","NA","NA","NA","NA","NA","NA","NA","NA","NA","NA","NA","NA","NA","5934","4394263","4633371","4632251","4632803","NA","4303492","4635933","26086","NA","NA","4634265","NA","116646","NA","116649","NA","127550","238523","4630103","238513","NA","NA","4630126","4630796","4636187","4636186","4630104","16795","4627900","4627900","4636458","NA","NA","5935","NA","NA","NA","7993","NA","NA","NA","7994","4627886","4393755","4632757","5935","NA","5935","NA","NA","NA","16795","NA","5935","NA","NA","NA","8005","NA","4631064","4627017","4631640","4632251","4632757","4633509","4634013","4634634","4635518","4626241","Norway Session 6","369","603753","436","0","432","yes","143","","1024","NA","Harry","","","320","wetted","355","fi","250","jewall","315","and","250","fi","250","jestreet","425","too.","285","",""
"1","NA","0","0","4099","4099","#242424","xpyriment","legacy","legacy","0","uniform","0","undefined","0","NA","0","undefined","undefined","1","j","undefined","0","0","0","0","0","0","0","0","0","0","0","NA","NA","0","0","1","NA","NA","0","0","NA","NA","0","0","0","431","431","431","431","NA","7","1151","8","0","0","3023","0","0","0","0","0","0","0","431","0","0","0","431","431","431","431","431","3","431","431","433","0","0","0","0","1","0","0","0","3","0","0","431","431","431","0","0","0","0","0","0","0","0","0","NA","NA","0","0","NA","431","143","431","431","431","431","431","431","431","143","undefined","256","332","Thu Oct  3 17:47:30 2024","760","The main experiment item","yes","active","Norway_Session_6.osexp","1","C:\Users\Tromso\Desktop\LESS\Session 6","no","no","mono","no","18","no","white","no","Click to confirm or to begin from default part if nothing selected","5836","yes","masculine","active","differential object marking","2","article location violation","103","768","legacy","Mini-English","6","List 1: grammatical, DOM violation, article location violation","0","431","C:/Users/Tromso/Desktop/LESS/Session 6/subject-9.csv","1.2.3","xpyriment","","filler: not part of the study","singular","Lentiform Loewenfeld","3.3.14","0","f","NA","space","NA","NA","NA","space","NA","NA","f","NA","NA","space","c","NA","space","NA","space","3","4099","NA","9282","NA","NA","NA","26179","NA","NA","4099","NA","NA","38715","4627161","NA","10897","NA","110933","268","NA","8789","NA","space","2","legacy","Harry wetted fi jewall and fi jestreet too.","143","Session 6","NA","Gender assignment task","2024-10-03 17:47","1024","2","48000","-16","Session6","Norway","9","odd","word4","42","practice","no","NA","109138","NA","26086","NA","16799","16795","5935","16795","NA","4679467","NA","NA","NA","4653283","4679467","NA","NA","4679867","4679859","NA","NA","4653281","4684674","5934","4394263","4633371","4632251","4632803","NA","4303492","4635933","26086","NA","NA","4634265","4637293","116646","NA","116649","NA","127550","238523","4630103","238513","NA","4683970","4630126","4630796","4636187","4636186","4630104","4679467","4636478","4636478","4684714","NA","NA","5935","4679867","NA","4684714","7993","NA","NA","NA","7994","4636464","4393755","4632757","5935","NA","5935","4653281","4653281","NA","16795","4637307","5935","NA","NA","NA","8005","NA","4631064","4627017","4631640","4632251","4632757","4633509","4634013","4634634","4635518","4626241","Norway Session 6","0","4099","1","1","0","yes","143","","1024","amatør","Harry","","","320","wetted","355","fi","250","jewall","315","and","250","fi","250","jestreet","425","too.","285","",""
"1","NA","0","0","2932.5","2932.5","#242424","xpyriment","legacy","legacy","0","uniform","0","undefined","0","NA","0","undefined","undefined","1","f","undefined","0","0","0","0","0","0","0","0","0","0","0","NA","NA","0","0","1","NA","NA","1","1","NA","NA","0","1","0","431","431","431","431","NA","7","1151","8","0","0","3023","0","0","0","0","0","0","0","431","0","1","1","431","431","431","431","431","3","431","431","434","0","0","0","1","1","1","0","0","3","0","0","431","431","431","0","0","0","0","0","0","0","0","0","NA","NA","0","0","NA","431","143","431","431","431","431","431","431","431","143","undefined","256","332","Thu Oct  3 17:47:30 2024","760","The main experiment item","yes","active","Norway_Session_6.osexp","1","C:\Users\Tromso\Desktop\LESS\Session 6","no","no","mono","no","18","no","white","no","Click to confirm or to begin from default part if nothing selected","10875","yes","neuter","active","differential object marking","2","article location violation","103","768","legacy","Mini-English","5","List 1: grammatical, DOM violation, article location violation","1","431","C:/Users/Tromso/Desktop/LESS/Session 6/subject-9.csv","1.2.3","xpyriment","","filler: not part of the study","singular","Lentiform Loewenfeld","3.3.14","0","j","NA","space","NA","NA","NA","space","NA","NA","j","NA","NA","space","c","NA","space","NA","space","3","1766","NA","9282","NA","NA","NA","26179","NA","NA","1766","NA","NA","38715","4627161","NA","10897","NA","110933","268","NA","8789","NA","space","2","legacy","Harry wetted fi jewall and fi jestreet too.","143","Session 6","NA","Gender assignment task","2024-10-03 17:47","1024","2","48000","-16","Session6","Norway","9","odd","word4","42","practice","no","NA","109138","NA","26086","NA","16799","16795","5935","16795","NA","4679467","NA","NA","NA","4653283","4679467","NA","NA","4685112","4685105","NA","NA","4653281","4687586","5934","4394263","4633371","4632251","4632803","NA","4303492","4635933","26086","NA","NA","4634265","4637293","116646","NA","116649","NA","127550","238523","4630103","238513","NA","4686883","4630126","4630796","4636187","4636186","4630104","4679467","4636478","4636478","4687626","NA","NA","5935","4685112","NA","4687626","7993","NA","NA","NA","7994","4636464","4393755","4632757","5935","NA","5935","4653281","4653281","NA","16795","4637307","5935","NA","NA","NA","8005","NA","4631064","4627017","4631640","4632251","4632757","4633509","4634013","4634634","4635518","4626241","Norway Session 6","0","5865","2","2","0","yes","143","","1024","vesen","Harry","","","320","wetted","355","fi","250","jewall","315","and","250","fi","250","jestreet","425","too.","285","",""
"1","NA","0","0","2559","2559","#242424","xpyriment","legacy","legacy","0","uniform","0","undefined","0","NA","0","undefined","undefined","1","j","undefined","0","0","0","0","0","0","0","0","0","0","0","NA","NA","0","0","1","NA","NA","2","2","NA","NA","0","2","0","431","431","431","431","NA","7","1151","8","0","0","3023","0","0","0","0","0","0","0","431","0","2","2","431","431","431","431","431","3","431","431","435","0","0","0","2","1","2","0","0","3","0","0","431","431","431","0","0","0","0","0","0","0","0","0","NA","NA","0","0","NA","431","143","431","431","431","431","431","431","431","143","undefined","256","332","Thu Oct  3 17:47:30 2024","760","The main experiment item","yes","active","Norway_Session_6.osexp","1","C:\Users\Tromso\Desktop\LESS\Session 6","no","no","mono","no","18","no","white","no","Click to confirm or to begin from default part if nothing selected","7607","yes","masculine","active","differential object marking","2","article location violation","103","768","legacy","Mini-English","6","List 1: grammatical, DOM violation, article location violation","2","431","C:/Users/Tromso/Desktop/LESS/Session 6/subject-9.csv","1.2.3","xpyriment","","filler: not part of the study","singular","Lentiform Loewenfeld","3.3.14","0","f","NA","space","NA","NA","NA","space","NA","NA","f","NA","NA","space","c","NA","space","NA","space","3","1812","NA","9282","NA","NA","NA","26179","NA","NA","1812","NA","NA","38715","4627161","NA","10897","NA","110933","268","NA","8789","NA","space","2","legacy","Harry wetted fi jewall and fi jestreet too.","143","Session 6","NA","Gender assignment task","2024-10-03 17:47","1024","2","48000","-16","Session6","Norway","9","odd","word4","42","practice","no","NA","109138","NA","26086","NA","16799","16795","5935","16795","NA","4679467","NA","NA","NA","4653283","4679467","NA","NA","4688010","4688003","NA","NA","4653281","4690530","5934","4394263","4633371","4632251","4632803","NA","4303492","4635933","26086","NA","NA","4634265","4637293","116646","NA","116649","NA","127550","238523","4630103","238513","NA","4689827","4630126","4630796","4636187","4636186","4630104","4679467","4636478","4636478","4690570","NA","NA","5935","4688010","NA","4690570","7993","NA","NA","NA","7994","4636464","4393755","4632757","5935","NA","5935","4653281","4653281","NA","16795","4637307","5935","NA","NA","NA","8005","NA","4631064","4627017","4631640","4632251","4632757","4633509","4634013","4634634","4635518","4626241","Norway Session 6","0","7677","3","3","0","yes","143","","1024","storby","Harry","","","320","wetted","355","fi","250","jewall","315","and","250","fi","250","jestreet","425","too.","285","",""
"1","NA","25","25","2570","2570","#242424","xpyriment","legacy","legacy","0","uniform","1","undefined","1","NA","0","undefined","undefined","1","f","undefined","0","0","0","0","0","0","0","0","0","0","0","NA","NA","0","0","1","NA","NA","3","3","NA","NA","0","3","0","431","431","431","431","NA","7","1151","8","0","0","3023","0","0","0","0","0","0","0","431","0","3","3","431","431","431","431","431","3","431","431","436","0","0","0","3","1","3","0","0","3","0","0","431","431","431","0","0","0","0","0","0","0","0","0","NA","NA","0","0","NA","431","143","431","431","431","431","431","431","431","143","undefined","256","332","Thu Oct  3 17:47:30 2024","760","The main experiment item","yes","active","Norway_Session_6.osexp","1","C:\Users\Tromso\Desktop\LESS\Session 6","no","no","mono","no","18","no","white","no","Click to confirm or to begin from default part if nothing selected","21568","yes","neuter","active","differential object marking","2","article location violation","103","768","legacy","Mini-English","6","List 1: grammatical, DOM violation, article location violation","3","431","C:/Users/Tromso/Desktop/LESS/Session 6/subject-9.csv","1.2.3","xpyriment","","filler: not part of the study","singular","Lentiform Loewenfeld","3.3.14","0","f","NA","space","NA","NA","NA","space","NA","NA","f","NA","NA","space","c","NA","space","NA","space","3","2603","NA","9282","NA","NA","NA","26179","NA","NA","2603","NA","NA","38715","4627161","NA","10897","NA","110933","268","NA","8789","NA","space","2","legacy","Harry wetted fi jewall and fi jestreet too.","143","Session 6","NA","Gender assignment task","2024-10-03 17:47","1024","2","48000","-16","Session6","Norway","9","odd","word4","42","practice","no","NA","109138","NA","26086","NA","16799","16795","5935","16795","NA","4679467","NA","NA","NA","4653283","4679467","NA","NA","4690964","4690957","NA","NA","4653281","4694272","5934","4394263","4633371","4632251","4632803","NA","4303492","4635933","26086","NA","NA","4634265","4637293","116646","NA","116649","NA","127550","238523","4630103","238513","4693570","4689827","4630126","4630796","4636187","4636186","4630104","4679467","4636478","4636478","4694312","NA","NA","5935","4690964","NA","4694312","7993","NA","NA","NA","7994","4636464","4393755","4632757","5935","NA","5935","4653281","4653281","NA","16795","4637307","5935","NA","NA","NA","8005","NA","4631064","4627017","4631640","4632251","4632757","4633509","4634013","4634634","4635518","4626241","Norway Session 6","2","10280","4","4","0","yes","143","","1024","omfang","Harry","","","320","wetted","355","fi","250","jewall","315","and","250","fi","250","jestreet","425","too.","285","",""
"1","NA","40","40","2589.4","2589.4","#242424","xpyriment","legacy","legacy","0","uniform","1","undefined","1","NA","0","undefined","undefined","1","f","undefined","0","0","0","0","0","0","0","0","0","0","0","NA","NA","0","0","1","NA","NA","4","4","NA","NA","0","4","0","431","431","431","431","NA","7","1151","8","0","0","3023","0","0","0","0","0","0","0","431","0","4","4","431","431","431","431","431","3","431","431","437","0","0","0","4","1","4","0","0","3","0","0","431","431","431","0","0","0","0","0","0","0","0","0","NA","NA","0","0","NA","431","143","431","431","431","431","431","431","431","143","undefined","256","332","Thu Oct  3 17:47:30 2024","760","The main experiment item","yes","active","Norway_Session_6.osexp","1","C:\Users\Tromso\Desktop\LESS\Session 6","no","no","mono","no","18","no","white","no","Click to confirm or to begin from default part if nothing selected","14745","yes","neuter","active","differential object marking","2","article location violation","103","768","legacy","Mini-English","7","List 1: grammatical, DOM violation, article location violation","4","431","C:/Users/Tromso/Desktop/LESS/Session 6/subject-9.csv","1.2.3","xpyriment","","filler: not part of the study","singular","Lentiform Loewenfeld","3.3.14","0","f","NA","space","NA","NA","NA","space","NA","NA","f","NA","NA","space","c","NA","space","NA","space","3","2667","NA","9282","NA","NA","NA","26179","NA","NA","2667","NA","NA","38715","4627161","NA","10897","NA","110933","268","NA","8789","NA","space","2","legacy","Harry wetted fi jewall and fi jestreet too.","143","Session 6","NA","Gender assignment task","2024-10-03 17:47","1024","2","48000","-16","Session6","Norway","9","odd","word4","42","practice","no","NA","109138","NA","26086","NA","16799","16795","5935","16795","NA","4679467","NA","NA","NA","4653283","4679467","NA","NA","4694603","4694595","NA","NA","4653281","4697976","5934","4394263","4633371","4632251","4632803","NA","4303492","4635933","26086","NA","NA","4634265","4637293","116646","NA","116649","NA","127550","238523","4630103","238513","4697274","4689827","4630126","4630796","4636187","4636186","4630104","4679467","4636478","4636478","4698016","NA","NA","5935","4694603","NA","4698016","7993","NA","NA","NA","7994","4636464","4393755","4632757","5935","NA","5935","4653281","4653281","NA","16795","4637307","5935","NA","NA","NA","8005","NA","4631064","4627017","4631640","4632251","4632757","4633509","4634013","4634634","4635518","4626241","Norway Session 6","3","12947","5","5","0","yes","143","","1024","utbytte","Harry","","","320","wetted","355","fi","250","jewall","315","and","250","fi","250","jestreet","425","too.","285","",""
"1","NA","33.333333333333336","33.333333333333336","2339.3333333333335","2339.3333333333335","#242424","xpyriment","legacy","legacy","0","uniform","0","undefined","0","NA","0","undefined","undefined","1","j","undefined","0","0","0","0","0","0","0","0","0","0","0","NA","NA","0","0","1","NA","NA","5","5","NA","NA","0","5","0","431","431","431","431","NA","7","1151","8","0","0","3023","0","0","0","0","0","0","0","431","0","5","5","431","431","431","431","431","3","431","431","438","0","0","0","5","1","5","0","0","3","0","0","431","431","431","0","0","0","0","0","0","0","0","0","NA","NA","0","0","NA","431","143","431","431","431","431","431","431","431","143","undefined","256","332","Thu Oct  3 17:47:30 2024","760","The main experiment item","yes","active","Norway_Session_6.osexp","1","C:\Users\Tromso\Desktop\LESS\Session 6","no","no","mono","no","18","no","white","no","Click to confirm or to begin from default part if nothing selected","14536","yes","feminine","active","differential object marking","2","article location violation","103","768","legacy","Mini-English","5","List 1: grammatical, DOM violation, article location violation","5","431","C:/Users/Tromso/Desktop/LESS/Session 6/subject-9.csv","1.2.3","xpyriment","","filler: not part of the study","singular","Lentiform Loewenfeld","3.3.14","0","f","NA","space","NA","NA","NA","space","NA","NA","f","NA","NA","space","c","NA","space","NA","space","3","1089","NA","9282","NA","NA","NA","26179","NA","NA","1089","NA","NA","38715","4627161","NA","10897","NA","110933","268","NA","8789","NA","space","2","legacy","Harry wetted fi jewall and fi jestreet too.","143","Session 6","NA","Gender assignment task","2024-10-03 17:47","1024","2","48000","-16","Session6","Norway","9","odd","word4","42","practice","no","NA","109138","NA","26086","NA","16799","16795","5935","16795","NA","4679467","NA","NA","NA","4653283","4679467","NA","NA","4698310","4698303","NA","NA","4653281","4700104","5934","4394263","4633371","4632251","4632803","NA","4303492","4635933","26086","NA","NA","4634265","4637293","116646","NA","116649","NA","127550","238523","4630103","238513","4697274","4699402","4630126","4630796","4636187","4636186","4630104","4679467","4636478","4636478","4700144","NA","NA","5935","4698310","NA","4700144","7993","NA","NA","NA","7994","4636464","4393755","4632757","5935","NA","5935","4653281","4653281","NA","16795","4637307","5935","NA","NA","NA","8005","NA","4631064","4627017","4631640","4632251","4632757","4633509","4634013","4634634","4635518","4626241","Norway Session 6","2","14036","6","6","0","yes","143","","1024","huske","Harry","","","320","wetted","355","fi","250","jewall","315","and","250","fi","250","jestreet","425","too.","285","",""
"2","no","100","100","1912","1912","#242424","xpyriment","legacy","legacy","0","uniform","1","undefined","1","NA","0","undefined","undefined","1","j","undefined","0","0","0","0","0","0","0","0","0","0","0","NA","0","0","0","1","NA","NA","6","6","NA","NA","0","6","0","431","431","431","431","NA","7","1151","8","0","0","3023","0","0","0","0","0","0","0","431","0","6","6","431","431","431","431","431","3","431","431","439","0","0","0","6","1","6","0","0","3","0","0","431","431","431","0","0","0","0","0","0","0","0","0","NA","NA","0","0","NA","431","143","431","431","431","431","431","431","431","143","undefined","256","332","Thu Oct  3 17:47:30 2024","760","The main experiment item","yes","active","Norway_Session_6.osexp","1","C:\Users\Tromso\Desktop\LESS\Session 6","no","no","mono","no","18","no","white","no","Click to confirm or to begin from default part if nothing selected","14536","yes","feminine","active","differential object marking","2","article location violation","103","768","legacy","Mini-English","5","List 1: grammatical, DOM violation, article location violation","0","431","C:/Users/Tromso/Desktop/LESS/Session 6/subject-9.csv","1.2.3","xpyriment","","filler: not part of the study","singular","Lentiform Loewenfeld","3.3.14","0","j","NA","space","NA","space","NA","space","NA","NA","j","NA","NA","space","c","NA","space","NA","space","3","1912","NA","9282","NA","38447","NA","26179","NA","NA","1912","NA","NA","38715","4627161","NA","10897","NA","110933","268","NA","8789","NA","space","2","legacy","Harry wetted fi jewall and fi jestreet too.","143","Session 6","NA","Gender assignment task","2024-10-03 17:47","1024","2","48000","-16","Session6","Norway","9","odd","word4","42","practice","no","NA","109138","NA","26086","NA","16799","16795","5935","16795","NA","4679467","NA","4700271","NA","4653283","4738720","NA","NA","4738999","4738992","NA","NA","4653281","4741616","5934","4394263","4633371","4632251","4632803","NA","4303492","4635933","26086","NA","NA","4634265","4637293","116646","NA","116649","NA","127550","238523","4630103","238513","4740914","4699402","4630126","4630796","4636187","4636186","4630104","4738720","4636478","4636478","4741656","NA","NA","5935","4738999","4700175","4741656","7993","4738720","NA","NA","7994","4636464","4393755","4632757","5935","NA","5935","4653281","4653281","4738720","16795","4637307","5935","NA","NA","NA","8005","NA","4631064","4627017","4631640","4632251","4632757","4633509","4634013","4634634","4635518","4626241","Norway Session 6","2","1912","1","1","0","yes","143","","1024","huske","Harry","","","320","wetted","355","fi","250","jewall","315","and","250","fi","250","jestreet","425","too.","285","",""
"2","no","100","100","1535.5","1535.5","#242424","xpyriment","legacy","legacy","0","uniform","1","undefined","1","NA","0","undefined","undefined","1","f","undefined","0","0","0","0","0","0","0","0","0","0","0","NA","0","0","0","1","NA","NA","7","7","NA","NA","0","7","0","431","431","431","431","NA","7","1151","8","0","0","3023","0","0","0","0","0","0","0","431","0","7","7","431","431","431","431","431","3","431","431","440","0","0","0","7","1","7","0","0","3","0","0","431","431","431","0","0","0","0","0","0","0","0","0","NA","NA","0","0","NA","431","143","431","431","431","431","431","431","431","143","undefined","256","332","Thu Oct  3 17:47:30 2024","760","The main experiment item","yes","active","Norway_Session_6.osexp","1","C:\Users\Tromso\Desktop\LESS\Session 6","no","no","mono","no","18","no","white","no","Click to confirm or to begin from default part if nothing selected","10875","yes","neuter","active","differential object marking","2","article location violation","103","768","legacy","Mini-English","5","List 1: grammatical, DOM violation, article location violation","1","431","C:/Users/Tromso/Desktop/LESS/Session 6/subject-9.csv","1.2.3","xpyriment","","filler: not part of the study","singular","Lentiform Loewenfeld","3.3.14","0","f","NA","space","NA","space","NA","space","NA","NA","f","NA","NA","space","c","NA","space","NA","space","3","1159","NA","9282","NA","38447","NA","26179","NA","NA","1159","NA","NA","38715","4627161","NA","10897","NA","110933","268","NA","8789","NA","space","2","legacy","Harry wetted fi jewall and fi jestreet too.","143","Session 6","NA","Gender assignment task","2024-10-03 17:47","1024","2","48000","-16","Session6","Norway","9","odd","word4","42","practice","no","NA","109138","NA","26086","NA","16799","16795","5935","16795","NA","4679467","NA","4700271","NA","4653283","4738720","NA","NA","4741952","4741944","NA","NA","4653281","4743817","5934","4394263","4633371","4632251","4632803","NA","4303492","4635933","26086","NA","NA","4634265","4637293","116646","NA","116649","NA","127550","238523","4630103","238513","4743115","4699402","4630126","4630796","4636187","4636186","4630104","4738720","4636478","4636478","4743857","NA","NA","5935","4741951","4700175","4743857","7993","4738720","NA","NA","7994","4636464","4393755","4632757","5935","NA","5935","4653281","4653281","4738720","16795","4637307","5935","NA","NA","NA","8005","NA","4631064","4627017","4631640","4632251","4632757","4633509","4634013","4634634","4635518","4626241","Norway Session 6","3","3071","2","2","0","yes","143","","1024","vesen","Harry","","","320","wetted","355","fi","250","jewall","315","and","250","fi","250","jestreet","425","too.","285","",""
"2","no","100","100","1598.3333333333333","1598.3333333333333","#242424","xpyriment","legacy","legacy","0","uniform","1","undefined","1","NA","0","undefined","undefined","1","f","undefined","0","0","0","0","0","0","0","0","0","0","0","NA","0","0","0","1","NA","NA","8","8","NA","NA","0","8","0","431","431","431","431","NA","7","1151","8","0","0","3023","0","0","0","0","0","0","0","431","0","8","8","431","431","431","431","431","3","431","431","441","0","0","0","8","1","8","0","0","3","0","0","431","431","431","0","0","0","0","0","0","0","0","0","NA","NA","0","0","NA","431","143","431","431","431","431","431","431","431","143","undefined","256","332","Thu Oct  3 17:47:30 2024","760","The main experiment item","yes","active","Norway_Session_6.osexp","1","C:\Users\Tromso\Desktop\LESS\Session 6","no","no","mono","no","18","no","white","no","Click to confirm or to begin from default part if nothing selected","21568","yes","neuter","active","differential object marking","2","article location violation","103","768","legacy","Mini-English","6","List 1: grammatical, DOM violation, article location violation","2","431","C:/Users/Tromso/Desktop/LESS/Session 6/subject-9.csv","1.2.3","xpyriment","","filler: not part of the study","singular","Lentiform Loewenfeld","3.3.14","0","f","NA","space","NA","space","NA","space","NA","NA","f","NA","NA","space","c","NA","space","NA","space","3","1724","NA","9282","NA","38447","NA","26179","NA","NA","1724","NA","NA","38715","4627161","NA","10897","NA","110933","268","NA","8789","NA","space","2","legacy","Harry wetted fi jewall and fi jestreet too.","143","Session 6","NA","Gender assignment task","2024-10-03 17:47","1024","2","48000","-16","Session6","Norway","9","odd","word4","42","practice","no","NA","109138","NA","26086","NA","16799","16795","5935","16795","NA","4679467","NA","4700271","NA","4653283","4738720","NA","NA","4744146","4744139","NA","NA","4653281","4746576","5934","4394263","4633371","4632251","4632803","NA","4303492","4635933","26086","NA","NA","4634265","4637293","116646","NA","116649","NA","127550","238523","4630103","238513","4745874","4699402","4630126","4630796","4636187","4636186","4630104","4738720","4636478","4636478","4746616","NA","NA","5935","4744146","4700175","4746616","7993","4738720","NA","NA","7994","4636464","4393755","4632757","5935","NA","5935","4653281","4653281","4738720","16795","4637307","5935","NA","NA","NA","8005","NA","4631064","4627017","4631640","4632251","4632757","4633509","4634013","4634634","4635518","4626241","Norway Session 6","4","4795","3","3","0","yes","143","","1024","omfang","Harry","","","320","wetted","355","fi","250","jewall","315","and","250","fi","250","jestreet","425","too.","285","",""
"2","no","100","100","1411.75","1411.75","#242424","xpyriment","legacy","legacy","0","uniform","1","undefined","1","NA","0","undefined","undefined","1","j","undefined","0","0","0","0","0","0","0","0","0","0","0","NA","0","0","0","1","NA","NA","9","9","NA","NA","0","9","0","431","431","431","431","NA","7","1151","8","0","0","3023","0","0","0","0","0","0","0","431","0","9","9","431","431","431","431","431","3","431","431","442","0","0","0","9","1","9","0","0","3","0","0","431","431","431","0","0","0","0","0","0","0","0","0","NA","NA","0","0","NA","431","143","431","431","431","431","431","431","431","143","undefined","256","332","Thu Oct  3 17:47:30 2024","760","The main experiment item","yes","active","Norway_Session_6.osexp","1","C:\Users\Tromso\Desktop\LESS\Session 6","no","no","mono","no","18","no","white","no","Click to confirm or to begin from default part if nothing selected","5836","yes","masculine","active","differential object marking","2","article location violation","103","768","legacy","Mini-English","6","List 1: grammatical, DOM violation, article location violation","3","431","C:/Users/Tromso/Desktop/LESS/Session 6/subject-9.csv","1.2.3","xpyriment","","filler: not part of the study","singular","Lentiform Loewenfeld","3.3.14","0","j","NA","space","NA","space","NA","space","NA","NA","j","NA","NA","space","c","NA","space","NA","space","3","852","NA","9282","NA","38447","NA","26179","NA","NA","852","NA","NA","38715","4627161","NA","10897","NA","110933","268","NA","8789","NA","space","2","legacy","Harry wetted fi jewall and fi jestreet too.","143","Session 6","NA","Gender assignment task","2024-10-03 17:47","1024","2","48000","-16","Session6","Norway","9","odd","word4","42","practice","no","NA","109138","NA","26086","NA","16799","16795","5935","16795","NA","4679467","NA","4700271","NA","4653283","4738720","NA","NA","4746907","4746900","NA","NA","4653281","4748464","5934","4394263","4633371","4632251","4632803","NA","4303492","4635933","26086","NA","NA","4634265","4637293","116646","NA","116649","NA","127550","238523","4630103","238513","4747762","4699402","4630126","4630796","4636187","4636186","4630104","4738720","4636478","4636478","4748504","NA","NA","5935","4746907","4700175","4748504","7993","4738720","NA","NA","7994","4636464","4393755","4632757","5935","NA","5935","4653281","4653281","4738720","16795","4637307","5935","NA","NA","NA","8005","NA","4631064","4627017","4631640","4632251","4632757","4633509","4634013","4634634","4635518","4626241","Norway Session 6","5","5647","4","4","0","yes","143","","1024","amatør","Harry","","","320","wetted","355","fi","250","jewall","315","and","250","fi","250","jestreet","425","too.","285","",""
"2","no","100","100","1296.4","1296.4","#242424","xpyriment","legacy","legacy","0","uniform","1","undefined","1","NA","0","undefined","undefined","1","f","undefined","0","0","0","0","0","0","0","0","0","0","0","NA","0","0","0","1","NA","NA","10","10","NA","NA","0","10","0","431","431","431","431","NA","7","1151","8","0","0","3023","0","0","0","0","0","0","0","431","0","10","10","431","431","431","431","431","3","431","431","443","0","0","0","10","1","10","0","0","3","0","0","431","431","431","0","0","0","0","0","0","0","0","0","NA","NA","0","0","NA","431","143","431","431","431","431","431","431","431","143","undefined","256","332","Thu Oct  3 17:47:30 2024","760","The main experiment item","yes","active","Norway_Session_6.osexp","1","C:\Users\Tromso\Desktop\LESS\Session 6","no","no","mono","no","18","no","white","no","Click to confirm or to begin from default part if nothing selected","14745","yes","neuter","active","differential object marking","2","article location violation","103","768","legacy","Mini-English","7","List 1: grammatical, DOM violation, article location violation","4","431","C:/Users/Tromso/Desktop/LESS/Session 6/subject-9.csv","1.2.3","xpyriment","","filler: not part of the study","singular","Lentiform Loewenfeld","3.3.14","0","f","NA","space","NA","space","NA","space","NA","NA","f","NA","NA","space","c","NA","space","NA","space","3","835","NA","9282","NA","38447","NA","26179","NA","NA","835","NA","NA","38715","4627161","NA","10897","NA","110933","268","NA","8789","NA","space","2","legacy","Harry wetted fi jewall and fi jestreet too.","143","Session 6","NA","Gender assignment task","2024-10-03 17:47","1024","2","48000","-16","Session6","Norway","9","odd","word4","42","practice","no","NA","109138","NA","26086","NA","16799","16795","5935","16795","NA","4679467","NA","4700271","NA","4653283","4738720","NA","NA","4748795","4748788","NA","NA","4653281","4750336","5934","4394263","4633371","4632251","4632803","NA","4303492","4635933","26086","NA","NA","4634265","4637293","116646","NA","116649","NA","127550","238523","4630103","238513","4749634","4699402","4630126","4630796","4636187","4636186","4630104","4738720","4636478","4636478","4750376","NA","NA","5935","4748795","4700175","4750376","7993","4738720","NA","NA","7994","4636464","4393755","4632757","5935","NA","5935","4653281","4653281","4738720","16795","4637307","5935","NA","NA","NA","8005","NA","4631064","4627017","4631640","4632251","4632757","4633509","4634013","4634634","4635518","4626241","Norway Session 6","6","6482","5","5","0","yes","143","","1024","utbytte","Harry","","","320","wetted","355","fi","250","jewall","315","and","250","fi","250","jestreet","425","too.","285","",""
"2","no","100","100","1222.5","1222.5","#242424","xpyriment","legacy","legacy","0","uniform","1","undefined","1","NA","0","undefined","undefined","1","j","undefined","0","0","0","0","0","0","0","0","0","0","0","NA","0","0","0","1","NA","NA","11","11","NA","NA","0","11","0","431","431","431","431","NA","7","1151","8","0","0","3023","0","0","0","0","0","0","0","431","0","11","11","431","431","431","431","431","3","431","431","444","0","0","0","11","1","11","0","0","3","0","0","431","431","431","0","0","0","0","0","0","0","0","0","NA","NA","0","0","NA","431","143","431","431","431","431","431","431","431","143","undefined","256","332","Thu Oct  3 17:47:30 2024","760","The main experiment item","yes","active","Norway_Session_6.osexp","1","C:\Users\Tromso\Desktop\LESS\Session 6","no","no","mono","no","18","no","white","no","Click to confirm or to begin from default part if nothing selected","7607","yes","masculine","active","differential object marking","2","article location violation","103","768","legacy","Mini-English","6","List 1: grammatical, DOM violation, article location violation","5","431","C:/Users/Tromso/Desktop/LESS/Session 6/subject-9.csv","1.2.3","xpyriment","","filler: not part of the study","singular","Lentiform Loewenfeld","3.3.14","0","j","NA","space","NA","space","NA","space","NA","NA","j","NA","NA","space","c","NA","space","NA","space","3","853","NA","9282","NA","38447","NA","26179","NA","NA","853","NA","NA","38715","4627161","NA","10897","NA","110933","268","NA","8789","NA","space","2","legacy","Harry wetted fi jewall and fi jestreet too.","143","Session 6","NA","Gender assignment task","2024-10-03 17:47","1024","2","48000","-16","Session6","Norway","9","odd","word4","42","practice","no","NA","109138","NA","26086","NA","16799","16795","5935","16795","NA","4679467","NA","4700271","NA","4653283","4738720","NA","NA","4750666","4750659","NA","NA","4653281","4752224","5934","4394263","4633371","4632251","4632803","NA","4303492","4635933","26086","NA","NA","4634265","4637293","116646","NA","116649","NA","127550","238523","4630103","238513","4751522","4699402","4630126","4630796","4636187","4636186","4630104","4738720","4636478","4636478","4752264","NA","NA","5935","4750666","4700175","4752264","7993","4738720","NA","NA","7994","4636464","4393755","4632757","5935","NA","5935","4653281","4653281","4738720","16795","4637307","5935","NA","NA","NA","8005","NA","4631064","4627017","4631640","4632251","4632757","4633509","4634013","4634634","4635518","4626241","Norway Session 6","7","7335","6","6","0","yes","143","","1024","storby","Harry","","","320","wetted","355","fi","250","jewall","315","and","250","fi","250","jestreet","425","too.","285","",""
"NA","NA","100","100","1147","1147","#242424","xpyriment","legacy","legacy","0","uniform","1","undefined","1","1","0","undefined","undefined","1","f","undefined","0","0","0","0","0","0","0","0","0","0","0","NA","0","0","0","1","NA","0","11","11","0","0","0","12","0","431","431","431","431","NA","7","1151","8","0","0","3023","0","0","0","0","0","0","0","431","0","11","11","431","431","431","431","431","3","431","431","445","0","0","0","11","1","11","0","0","3","0","0","431","431","431","0","0","0","0","0","0","0","0","0","NA","NA","0","0","0","431","143","431","431","431","431","431","431","431","143","undefined","256","332","Thu Oct  3 17:47:30 2024","760","The main experiment item","yes","active","Norway_Session_6.osexp","1","C:\Users\Tromso\Desktop\LESS\Session 6","no","no","mono","no","18","no","white","no","Click to confirm or to begin from default part if nothing selected","17227","yes","neuter","active","differential object marking","2","article location violation","103","768","legacy","Mini-English","7","List 1: grammatical, DOM violation, article location violation","0","431","C:/Users/Tromso/Desktop/LESS/Session 6/subject-9.csv","1.2.3","xpyriment","","filler: not part of the study","singular","Lentiform Loewenfeld","3.3.14","0","f","NA","space","NA","space","NA","space","NA","space","j","f","NA","space","c","NA","space","NA","space","3","1147","NA","9282","NA","38447","NA","26179","NA","6125","853","1147","NA","38715","4627161","NA","10897","NA","110933","268","NA","8789","NA","space","2","legacy","Harry wetted fi jewall and fi jestreet too.","143","Session 6","NA","Gender assignment task","2024-10-03 17:47","1024","2","48000","-16","Session6","Norway","9","odd","word4","42","main","no","NA","109138","NA","26086","NA","16799","16795","5935","16795","4758571","4679467","NA","4700271","NA","4653283","4738720","NA","4752393","4750666","4750659","4758708","4758704","4653281","4759858","5934","4394263","4633371","4632251","4632803","NA","4303492","4635933","26086","NA","NA","4634265","4637293","116646","NA","116649","NA","127550","238523","4630103","238513","4751522","4699402","4630126","4630796","4636187","4636186","4630104","4758571","4636478","4636478","4759899","NA","4758571","5935","4750666","4752297","4752264","7993","4738720","NA","NA","7994","4636464","4393755","4632757","5935","NA","5935","4653281","4653281","4738720","16795","4637307","5935","NA","NA","NA","8005","4758707","4631064","4627017","4631640","4632251","4632757","4633509","4634013","4634634","4635518","4626241","Norway Session 6","1","1147","1","0","0","yes","143","","1024","årsmøte","Harry","","","320","wetted","355","fi","250","jewall","315","and","250","fi","250","jestreet","425","too.","285","",""
"NA","NA","100","100","1065","1065","#242424","xpyriment","legacy","legacy","0","uniform","1","undefined","1","1","0","undefined","undefined","1","f","undefined","0","0","0","0","0","0","0","0","0","0","0","NA","0","0","0","1","NA","0","11","11","1","1","0","13","0","431","431","431","431","NA","7","1151","8","0","0","3023","0","0","0","0","0","0","0","431","0","11","11","431","431","431","431","431","3","431","431","446","0","0","0","11","1","11","0","0","3","0","0","431","431","431","0","0","0","0","0","0","0","0","0","NA","NA","0","0","1","431","143","431","431","431","431","431","431","431","143","undefined","256","332","Thu Oct  3 17:47:30 2024","760","The main experiment item","yes","active","Norway_Session_6.osexp","1","C:\Users\Tromso\Desktop\LESS\Session 6","no","no","mono","no","18","no","white","no","Click to confirm or to begin from default part if nothing selected","10490","yes","neuter","active","differential object marking","2","article location violation","103","768","legacy","Mini-English","8","List 1: grammatical, DOM violation, article location violation","1","431","C:/Users/Tromso/Desktop/LESS/Session 6/subject-9.csv","1.2.3","xpyriment","","filler: not part of the study","singular","Lentiform Loewenfeld","3.3.14","0","f","NA","space","NA","space","NA","space","NA","space","j","f","NA","space","c","NA","space","NA","space","3","983","NA","9282","NA","38447","NA","26179","NA","6125","853","983","NA","38715","4627161","NA","10897","NA","110933","268","NA","8789","NA","space","2","legacy","Harry wetted fi jewall and fi jestreet too.","143","Session 6","NA","Gender assignment task","2024-10-03 17:47","1024","2","48000","-16","Session6","Norway","9","odd","word4","42","main","no","NA","109138","NA","26086","NA","16799","16795","5935","16795","4758571","4679467","NA","4700271","NA","4653283","4738720","NA","4752393","4750666","4750659","4760064","4760059","4653281","4761051","5934","4394263","4633371","4632251","4632803","NA","4303492","4635933","26086","NA","NA","4634265","4637293","116646","NA","116649","NA","127550","238523","4630103","238513","4751522","4699402","4630126","4630796","4636187","4636186","4630104","4758571","4636478","4636478","4761091","NA","4758571","5935","4750666","4752297","4752264","7993","4738720","NA","NA","7994","4636464","4393755","4632757","5935","NA","5935","4653281","4653281","4738720","16795","4637307","5935","NA","NA","NA","8005","4760064","4631064","4627017","4631640","4632251","4632757","4633509","4634013","4634634","4635518","4626241","Norway Session 6","2","2130","2","0","0","yes","143","","1024","tastatur","Harry","","","320","wetted","355","fi","250","jewall","315","and","250","fi","250","jestreet","425","too.","285","",""
"NA","NA","100","100","1182","1182","#242424","xpyriment","legacy","legacy","0","uniform","1","undefined","1","1","0","undefined","undefined","1","f","undefined","0","0","0","0","0","0","0","0","0","0","0","NA","0","0","0","1","NA","0","11","11","2","2","0","14","0","431","431","431","431","NA","7","1151","8","0","0","3023","0","0","0","0","0","0","0","431","0","11","11","431","431","431","431","431","3","431","431","447","0","0","0","11","1","11","0","0","3","0","0","431","431","431","0","0","0","0","0","0","0","0","0","NA","NA","0","0","2","431","143","431","431","431","431","431","431","431","143","undefined","256","332","Thu Oct  3 17:47:30 2024","760","The main experiment item","yes","active","Norway_Session_6.osexp","1","C:\Users\Tromso\Desktop\LESS\Session 6","no","no","mono","no","18","no","white","no","Click to confirm or to begin from default part if nothing selected","3559","yes","neuter","active","differential object marking","2","article location violation","103","768","legacy","Mini-English","7","List 1: grammatical, DOM violation, article location violation","2","431","C:/Users/Tromso/Desktop/LESS/Session 6/subject-9.csv","1.2.3","xpyriment","","part of the study","singular","Lentiform Loewenfeld","3.3.14","0","f","NA","space","NA","space","NA","space","NA","space","j","f","NA","space","c","NA","space","NA","space","3","1416","NA","9282","NA","38447","NA","26179","NA","6125","853","1416","NA","38715","4627161","NA","10897","NA","110933","268","NA","8789","NA","space","2","legacy","Harry wetted fi jewall and fi jestreet too.","143","Session 6","NA","Gender assignment task","2024-10-03 17:47","1024","2","48000","-16","Session6","Norway","9","odd","word4","42","main","no","NA","109138","NA","26086","NA","16799","16795","5935","16795","4758571","4679467","NA","4700271","NA","4653283","4738720","NA","4752393","4750666","4750659","4761254","4761249","4653281","4762674","5934","4394263","4633371","4632251","4632803","NA","4303492","4635933","26086","NA","NA","4634265","4637293","116646","NA","116649","NA","127550","238523","4630103","238513","4751522","4699402","4630126","4630796","4636187","4636186","4630104","4758571","4636478","4636478","4762714","NA","4758571","5935","4750666","4752297","4752264","7993","4738720","NA","NA","7994","4636464","4393755","4632757","5935","NA","5935","4653281","4653281","4738720","16795","4637307","5935","NA","NA","NA","8005","4761254","4631064","4627017","4631640","4632251","4632757","4633509","4634013","4634634","4635518","4626241","Norway Session 6","3","3546","3","0","0","yes","143","","1024","jordbær","Harry","","","320","wetted","355","fi","250","jewall","315","and","250","fi","250","jestreet","425","too.","285","",""
"NA","NA","100","100","1096.5","1096.5","#242424","xpyriment","legacy","legacy","0","uniform","1","undefined","1","1","0","undefined","undefined","1","j","undefined","0","0","0","0","0","0","0","0","0","0","0","NA","0","0","0","1","NA","0","11","11","3","3","0","15","0","431","431","431","431","NA","7","1151","8","0","0","3023","0","0","0","0","0","0","0","431","0","11","11","431","431","431","431","431","3","431","431","448","0","0","0","11","1","11","0","0","3","0","0","431","431","431","0","0","0","0","0","0","0","0","0","NA","NA","0","0","3","431","143","431","431","431","431","431","431","431","143","undefined","256","332","Thu Oct  3 17:47:30 2024","760","The main experiment item","yes","active","Norway_Session_6.osexp","1","C:\Users\Tromso\Desktop\LESS\Session 6","no","no","mono","no","18","no","white","no","Click to confirm or to begin from default part if nothing selected","6699","yes","masculine","active","differential object marking","2","article location violation","103","768","legacy","Mini-English","5","List 1: grammatical, DOM violation, article location violation","3","431","C:/Users/Tromso/Desktop/LESS/Session 6/subject-9.csv","1.2.3","xpyriment","","filler: not part of the study","singular","Lentiform Loewenfeld","3.3.14","0","j","NA","space","NA","space","NA","space","NA","space","j","j","NA","space","c","NA","space","NA","space","3","840","NA","9282","NA","38447","NA","26179","NA","6125","853","840","NA","38715","4627161","NA","10897","NA","110933","268","NA","8789","NA","space","2","legacy","Harry wetted fi jewall and fi jestreet too.","143","Session 6","NA","Gender assignment task","2024-10-03 17:47","1024","2","48000","-16","Session6","Norway","9","odd","word4","42","main","no","NA","109138","NA","26086","NA","16799","16795","5935","16795","4758571","4679467","NA","4700271","NA","4653283","4738720","NA","4752393","4750666","4750659","4762879","4762874","4653281","4763722","5934","4394263","4633371","4632251","4632803","NA","4303492","4635933","26086","NA","NA","4634265","4637293","116646","NA","116649","NA","127550","238523","4630103","238513","4751522","4699402","4630126","4630796","4636187","4636186","4630104","4758571","4636478","4636478","4763762","NA","4758571","5935","4750666","4752297","4752264","7993","4738720","NA","NA","7994","4636464","4393755","4632757","5935","NA","5935","4653281","4653281","4738720","16795","4637307","5935","NA","NA","NA","8005","4762879","4631064","4627017","4631640","4632251","4632757","4633509","4634013","4634634","4635518","4626241","Norway Session 6","4","4386","4","0","0","yes","143","","1024","nerve","Harry","","","320","wetted","355","fi","250","jewall","315","and","250","fi","250","jestreet","425","too.","285","",""
"NA","NA","100","100","1102","1102","#242424","xpyriment","legacy","legacy","0","uniform","1","undefined","1","1","0","undefined","undefined","1","f","undefined","0","0","0","0","0","0","0","0","0","0","0","NA","0","0","0","1","NA","0","11","11","4","4","0","16","0","431","431","431","431","NA","7","1151","8","0","0","3023","0","0","0","0","0","0","0","431","0","11","11","431","431","431","431","431","3","431","431","449","0","0","0","11","1","11","0","0","3","0","0","431","431","431","0","0","0","0","0","0","0","0","0","NA","NA","0","0","4","431","143","431","431","431","431","431","431","431","143","undefined","256","332","Thu Oct  3 17:47:30 2024","760","The main experiment item","yes","active","Norway_Session_6.osexp","1","C:\Users\Tromso\Desktop\LESS\Session 6","no","no","mono","no","18","no","white","no","Click to confirm or to begin from default part if nothing selected","16849","yes","neuter","active","differential object marking","2","article location violation","103","768","legacy","Mini-English","7","List 1: grammatical, DOM violation, article location violation","4","431","C:/Users/Tromso/Desktop/LESS/Session 6/subject-9.csv","1.2.3","xpyriment","","filler: not part of the study","singular","Lentiform Loewenfeld","3.3.14","0","f","NA","space","NA","space","NA","space","NA","space","j","f","NA","space","c","NA","space","NA","space","3","1124","NA","9282","NA","38447","NA","26179","NA","6125","853","1124","NA","38715","4627161","NA","10897","NA","110933","268","NA","8789","NA","space","2","legacy","Harry wetted fi jewall and fi jestreet too.","143","Session 6","NA","Gender assignment task","2024-10-03 17:47","1024","2","48000","-16","Session6","Norway","9","odd","word4","42","main","no","NA","109138","NA","26086","NA","16799","16795","5935","16795","4758571","4679467","NA","4700271","NA","4653283","4738720","NA","4752393","4750666","4750659","4763923","4763919","4653281","4765050","5934","4394263","4633371","4632251","4632803","NA","4303492","4635933","26086","NA","NA","4634265","4637293","116646","NA","116649","NA","127550","238523","4630103","238513","4751522","4699402","4630126","4630796","4636187","4636186","4630104","4758571","4636478","4636478","4765090","NA","4758571","5935","4750666","4752297","4752264","7993","4738720","NA","NA","7994","4636464","4393755","4632757","5935","NA","5935","4653281","4653281","4738720","16795","4637307","5935","NA","NA","NA","8005","4763923","4631064","4627017","4631640","4632251","4632757","4633509","4634013","4634634","4635518","4626241","Norway Session 6","5","5510","5","0","0","yes","143","","1024","innslag","Harry","","","320","wetted","355","fi","250","jewall","315","and","250","fi","250","jestreet","425","too.","285","",""
"NA","NA","100","100","1042.1666666666667","1042.1666666666667","#242424","xpyriment","legacy","legacy","0","uniform","1","undefined","1","1","0","undefined","undefined","1","f","undefined","0","0","0","0","0","0","0","0","0","0","0","NA","0","0","0","1","NA","0","11","11","5","5","0","17","0","431","431","431","431","NA","7","1151","8","0","0","3023","0","0","0","0","0","0","0","431","0","11","11","431","431","431","431","431","3","431","431","450","0","0","0","11","1","11","0","0","3","0","0","431","431","431","0","0","0","0","0","0","0","0","0","NA","NA","0","0","5","431","143","431","431","431","431","431","431","431","143","undefined","256","332","Thu Oct  3 17:47:30 2024","760","The main experiment item","yes","active","Norway_Session_6.osexp","1","C:\Users\Tromso\Desktop\LESS\Session 6","no","no","mono","no","18","no","white","no","Click to confirm or to begin from default part if nothing selected","14001","yes","neuter","active","differential object marking","2","article location violation","103","768","legacy","Mini-English","6","List 1: grammatical, DOM violation, article location violation","5","431","C:/Users/Tromso/Desktop/LESS/Session 6/subject-9.csv","1.2.3","xpyriment","","filler: not part of the study","singular","Lentiform Loewenfeld","3.3.14","0","f","NA","space","NA","space","NA","space","NA","space","j","f","NA","space","c","NA","space","NA","space","3","743","NA","9282","NA","38447","NA","26179","NA","6125","853","743","NA","38715","4627161","NA","10897","NA","110933","268","NA","8789","NA","space","2","legacy","Harry wetted fi jewall and fi jestreet too.","143","Session 6","NA","Gender assignment task","2024-10-03 17:47","1024","2","48000","-16","Session6","Norway","9","odd","word4","42","main","no","NA","109138","NA","26086","NA","16799","16795","5935","16795","4758571","4679467","NA","4700271","NA","4653283","4738720","NA","4752393","4750666","4750659","4765264","4765259","4653281","4766011","5934","4394263","4633371","4632251","4632803","NA","4303492","4635933","26086","NA","NA","4634265","4637293","116646","NA","116649","NA","127550","238523","4630103","238513","4751522","4699402","4630126","4630796","4636187","4636186","4630104","4758571","4636478","4636478","4766051","NA","4758571","5935","4750666","4752297","4752264","7993","4738720","NA","NA","7994","4636464","4393755","4632757","5935","NA","5935","4653281","4653281","4738720","16795","4637307","5935","NA","NA","NA","8005","4765264","4631064","4627017","4631640","4632251","4632757","4633509","4634013","4634634","4635518","4626241","Norway Session 6","6","6253","6","0","0","yes","143","","1024","objekt","Harry","","","320","wetted","355","fi","250","jewall","315","and","250","fi","250","jestreet","425","too.","285","",""
"NA","NA","100","100","1024.7142857142858","1024.7142857142858","#242424","xpyriment","legacy","legacy","0","uniform","1","undefined","1","1","0","undefined","undefined","1","j","undefined","0","0","0","0","0","0","0","0","0","0","0","NA","0","0","0","1","NA","0","11","11","6","6","0","18","0","431","431","431","431","NA","7","1151","8","0","0","3023","0","0","0","0","0","0","0","431","0","11","11","431","431","431","431","431","3","431","431","451","0","0","0","11","1","11","0","0","3","0","0","431","431","431","0","0","0","0","0","0","0","0","0","NA","NA","0","0","6","431","143","431","431","431","431","431","431","431","143","undefined","256","332","Thu Oct  3 17:47:30 2024","760","The main experiment item","yes","active","Norway_Session_6.osexp","1","C:\Users\Tromso\Desktop\LESS\Session 6","no","no","mono","no","18","no","white","no","Click to confirm or to begin from default part if nothing selected","9295","yes","masculine","active","differential object marking","2","article location violation","103","768","legacy","Mini-English","8","List 1: grammatical, DOM violation, article location violation","6","431","C:/Users/Tromso/Desktop/LESS/Session 6/subject-9.csv","1.2.3","xpyriment","","filler: not part of the study","singular","Lentiform Loewenfeld","3.3.14","0","j","NA","space","NA","space","NA","space","NA","space","j","j","NA","space","c","NA","space","NA","space","3","920","NA","9282","NA","38447","NA","26179","NA","6125","853","920","NA","38715","4627161","NA","10897","NA","110933","268","NA","8789","NA","space","2","legacy","Harry wetted fi jewall and fi jestreet too.","143","Session 6","NA","Gender assignment task","2024-10-03 17:47","1024","2","48000","-16","Session6","Norway","9","odd","word4","42","main","no","NA","109138","NA","26086","NA","16799","16795","5935","16795","4758571","4679467","NA","4700271","NA","4653283","4738720","NA","4752393","4750666","4750659","4766215","4766210","4653281","4767138","5934","4394263","4633371","4632251","4632803","NA","4303492","4635933","26086","NA","NA","4634265","4637293","116646","NA","116649","NA","127550","238523","4630103","238513","4751522","4699402","4630126","4630796","4636187","4636186","4630104","4758571","4636478","4636478","4767178","NA","4758571","5935","4750666","4752297","4752264","7993","4738720","NA","NA","7994","4636464","4393755","4632757","5935","NA","5935","4653281","4653281","4738720","16795","4637307","5935","NA","NA","NA","8005","4766215","4631064","4627017","4631640","4632251","4632757","4633509","4634013","4634634","4635518","4626241","Norway Session 6","7","7173","7","0","0","yes","143","","1024","veileder","Harry","","","320","wetted","355","fi","250","jewall","315","and","250","fi","250","jestreet","425","too.","285","",""
"NA","NA","100","100","1000.875","1000.875","#242424","xpyriment","legacy","legacy","0","uniform","1","undefined","1","1","0","undefined","undefined","1","f","undefined","0","0","0","0","0","0","0","0","0","0","0","NA","0","0","0","1","NA","0","11","11","7","7","0","19","0","431","431","431","431","NA","7","1151","8","0","0","3023","0","0","0","0","0","0","0","431","0","11","11","431","431","431","431","431","3","431","431","452","0","0","0","11","1","11","0","0","3","0","0","431","431","431","0","0","0","0","0","0","0","0","0","NA","NA","0","0","7","431","143","431","431","431","431","431","431","431","143","undefined","256","332","Thu Oct  3 17:47:30 2024","760","The main experiment item","yes","active","Norway_Session_6.osexp","1","C:\Users\Tromso\Desktop\LESS\Session 6","no","no","mono","no","18","no","white","no","Click to confirm or to begin from default part if nothing selected","9165","yes","neuter","active","differential object marking","2","article location violation","103","768","legacy","Mini-English","8","List 1: grammatical, DOM violation, article location violation","7","431","C:/Users/Tromso/Desktop/LESS/Session 6/subject-9.csv","1.2.3","xpyriment","","filler: not part of the study","singular","Lentiform Loewenfeld","3.3.14","0","f","NA","space","NA","space","NA","space","NA","space","j","f","NA","space","c","NA","space","NA","space","3","834","NA","9282","NA","38447","NA","26179","NA","6125","853","834","NA","38715","4627161","NA","10897","NA","110933","268","NA","8789","NA","space","2","legacy","Harry wetted fi jewall and fi jestreet too.","143","Session 6","NA","Gender assignment task","2024-10-03 17:47","1024","2","48000","-16","Session6","Norway","9","odd","word4","42","main","no","NA","109138","NA","26086","NA","16799","16795","5935","16795","4758571","4679467","NA","4700271","NA","4653283","4738720","NA","4752393","4750666","4750659","4767341","4767337","4653281","4768178","5934","4394263","4633371","4632251","4632803","NA","4303492","4635933","26086","NA","NA","4634265","4637293","116646","NA","116649","NA","127550","238523","4630103","238513","4751522","4699402","4630126","4630796","4636187","4636186","4630104","4758571","4636478","4636478","4768218","NA","4758571","5935","4750666","4752297","4752264","7993","4738720","NA","NA","7994","4636464","4393755","4632757","5935","NA","5935","4653281","4653281","4738720","16795","4637307","5935","NA","NA","NA","8005","4767341","4631064","4627017","4631640","4632251","4632757","4633509","4634013","4634634","4635518","4626241","Norway Session 6","8","8007","8","0","0","yes","143","","1024","kjøretøy","Harry","","","320","wetted","355","fi","250","jewall","315","and","250","fi","250","jestreet","425","too.","285","",""
"NA","NA","100","100","996.2222222222222","996.2222222222222","#242424","xpyriment","legacy","legacy","0","uniform","1","undefined","1","1","0","undefined","undefined","1","j","undefined","0","0","0","0","0","0","0","0","0","0","0","NA","0","0","0","1","NA","0","11","11","8","8","0","20","0","431","431","431","431","NA","7","1151","8","0","0","3023","0","0","0","0","0","0","0","431","0","11","11","431","431","431","431","431","3","431","431","453","0","0","0","11","1","11","0","0","3","0","0","431","431","431","0","0","0","0","0","0","0","0","0","NA","NA","0","0","8","431","143","431","431","431","431","431","431","431","143","undefined","256","332","Thu Oct  3 17:47:30 2024","760","The main experiment item","yes","active","Norway_Session_6.osexp","1","C:\Users\Tromso\Desktop\LESS\Session 6","no","no","mono","no","18","no","white","no","Click to confirm or to begin from default part if nothing selected","12657","yes","masculine","active","differential object marking","2","article location violation","103","768","legacy","Mini-English","6","List 1: grammatical, DOM violation, article location violation","8","431","C:/Users/Tromso/Desktop/LESS/Session 6/subject-9.csv","1.2.3","xpyriment","","part of the study","singular","Lentiform Loewenfeld","3.3.14","0","j","NA","space","NA","space","NA","space","NA","space","j","j","NA","space","c","NA","space","NA","space","3","959","NA","9282","NA","38447","NA","26179","NA","6125","853","959","NA","38715","4627161","NA","10897","NA","110933","268","NA","8789","NA","space","2","legacy","Harry wetted fi jewall and fi jestreet too.","143","Session 6","NA","Gender assignment task","2024-10-03 17:47","1024","2","48000","-16","Session6","Norway","9","odd","word4","42","main","no","NA","109138","NA","26086","NA","16799","16795","5935","16795","4758571","4679467","NA","4700271","NA","4653283","4738720","NA","4752393","4750666","4750659","4768384","4768379","4653281","4769347","5934","4394263","4633371","4632251","4632803","NA","4303492","4635933","26086","NA","NA","4634265","4637293","116646","NA","116649","NA","127550","238523","4630103","238513","4751522","4699402","4630126","4630796","4636187","4636186","4630104","4758571","4636478","4636478","4769387","NA","4758571","5935","4750666","4752297","4752264","7993","4738720","NA","NA","7994","4636464","4393755","4632757","5935","NA","5935","4653281","4653281","4738720","16795","4637307","5935","NA","NA","NA","8005","4768384","4631064","4627017","4631640","4632251","4632757","4633509","4634013","4634634","4635518","4626241","Norway Session 6","9","8966","9","0","0","yes","143","","1024","nøkkel","Harry","","","320","wetted","355","fi","250","jewall","315","and","250","fi","250","jestreet","425","too.","285","",""
"NA","NA","100","100","1004.6","1004.6","#242424","xpyriment","legacy","legacy","0","uniform","1","undefined","1","1","0","undefined","undefined","1","f","undefined","0","0","0","0","0","0","0","0","0","0","0","NA","0","0","0","1","NA","0","11","11","9","9","0","21","0","431","431","431","431","NA","7","1151","8","0","0","3023","0","0","0","0","0","0","0","431","0","11","11","431","431","431","431","431","3","431","431","454","0","0","0","11","1","11","0","0","3","0","0","431","431","431","0","0","0","0","0","0","0","0","0","NA","NA","0","0","9","431","143","431","431","431","431","431","431","431","143","undefined","256","332","Thu Oct  3 17:47:30 2024","760","The main experiment item","yes","active","Norway_Session_6.osexp","1","C:\Users\Tromso\Desktop\LESS\Session 6","no","no","mono","no","18","no","white","no","Click to confirm or to begin from default part if nothing selected","22459","yes","neuter","active","differential object marking","2","article location violation","103","768","legacy","Mini-English","6","List 1: grammatical, DOM violation, article location violation","9","431","C:/Users/Tromso/Desktop/LESS/Session 6/subject-9.csv","1.2.3","xpyriment","","filler: not part of the study","singular","Lentiform Loewenfeld","3.3.14","0","f","NA","space","NA","space","NA","space","NA","space","j","f","NA","space","c","NA","space","NA","space","3","1080","NA","9282","NA","38447","NA","26179","NA","6125","853","1080","NA","38715","4627161","NA","10897","NA","110933","268","NA","8789","NA","space","2","legacy","Harry wetted fi jewall and fi jestreet too.","143","Session 6","NA","Gender assignment task","2024-10-03 17:47","1024","2","48000","-16","Session6","Norway","9","odd","word4","42","main","no","NA","109138","NA","26086","NA","16799","16795","5935","16795","4758571","4679467","NA","4700271","NA","4653283","4738720","NA","4752393","4750666","4750659","4769551","4769546","4653281","4770634","5934","4394263","4633371","4632251","4632803","NA","4303492","4635933","26086","NA","NA","4634265","4637293","116646","NA","116649","NA","127550","238523","4630103","238513","4751522","4699402","4630126","4630796","4636187","4636186","4630104","4758571","4636478","4636478","4770674","NA","4758571","5935","4750666","4752297","4752264","7993","4738720","NA","NA","7994","4636464","4393755","4632757","5935","NA","5935","4653281","4653281","4738720","16795","4637307","5935","NA","NA","NA","8005","4769551","4631064","4627017","4631640","4632251","4632757","4633509","4634013","4634634","4635518","4626241","Norway Session 6","10","10046","10","0","0","yes","143","","1024","vilkår","Harry","","","320","wetted","355","fi","250","jewall","315","and","250","fi","250","jestreet","425","too.","285","",""
"NA","NA","100","100","1005.7272727272727","1005.7272727272727","#242424","xpyriment","legacy","legacy","0","uniform","1","undefined","1","1","0","undefined","undefined","1","f","undefined","0","0","0","0","0","0","0","0","0","0","0","NA","0","0","0","1","NA","0","11","11","10","10","0","22","0","431","431","431","431","NA","7","1151","8","0","0","3023","0","0","0","0","0","0","0","431","0","11","11","431","431","431","431","431","3","431","431","455","0","0","0","11","1","11","0","0","3","0","0","431","431","431","0","0","0","0","0","0","0","0","0","NA","NA","0","0","10","431","143","431","431","431","431","431","431","431","143","undefined","256","332","Thu Oct  3 17:47:30 2024","760","The main experiment item","yes","active","Norway_Session_6.osexp","1","C:\Users\Tromso\Desktop\LESS\Session 6","no","no","mono","no","18","no","white","no","Click to confirm or to begin from default part if nothing selected","11749","yes","neuter","active","differential object marking","2","article location violation","103","768","legacy","Mini-English","8","List 1: grammatical, DOM violation, article location violation","10","431","C:/Users/Tromso/Desktop/LESS/Session 6/subject-9.csv","1.2.3","xpyriment","","filler: not part of the study","singular","Lentiform Loewenfeld","3.3.14","0","f","NA","space","NA","space","NA","space","NA","space","j","f","NA","space","c","NA","space","NA","space","3","1017","NA","9282","NA","38447","NA","26179","NA","6125","853","1017","NA","38715","4627161","NA","10897","NA","110933","268","NA","8789","NA","space","2","legacy","Harry wetted fi jewall and fi jestreet too.","143","Session 6","NA","Gender assignment task","2024-10-03 17:47","1024","2","48000","-16","Session6","Norway","9","odd","word4","42","main","no","NA","109138","NA","26086","NA","16799","16795","5935","16795","4758571","4679467","NA","4700271","NA","4653283","4738720","NA","4752393","4750666","4750659","4770838","4770833","4653281","4771858","5934","4394263","4633371","4632251","4632803","NA","4303492","4635933","26086","NA","NA","4634265","4637293","116646","NA","116649","NA","127550","238523","4630103","238513","4751522","4699402","4630126","4630796","4636187","4636186","4630104","4758571","4636478","4636478","4771898","NA","4758571","5935","4750666","4752297","4752264","7993","4738720","NA","NA","7994","4636464","4393755","4632757","5935","NA","5935","4653281","4653281","4738720","16795","4637307","5935","NA","NA","NA","8005","4770838","4631064","4627017","4631640","4632251","4632757","4633509","4634013","4634634","4635518","4626241","Norway Session 6","11","11063","11","0","0","yes","143","","1024","mannskap","Harry","","","320","wetted","355","fi","250","jewall","315","and","250","fi","250","jestreet","425","too.","285","",""
"NA","NA","100","100","1017.25","1017.25","#242424","xpyriment","legacy","legacy","0","uniform","1","undefined","1","1","0","undefined","undefined","1","f","undefined","0","0","0","0","0","0","0","0","0","0","0","NA","0","0","0","1","NA","0","11","11","11","11","0","23","0","431","431","431","431","NA","7","1151","8","0","0","3023","0","0","0","0","0","0","0","431","0","11","11","431","431","431","431","431","3","431","431","456","0","0","0","11","1","11","0","0","3","0","0","431","431","431","0","0","0","0","0","0","0","0","0","NA","NA","0","0","11","431","143","431","431","431","431","431","431","431","143","undefined","256","332","Thu Oct  3 17:47:30 2024","760","The main experiment item","yes","active","Norway_Session_6.osexp","1","C:\Users\Tromso\Desktop\LESS\Session 6","no","no","mono","no","18","no","white","no","Click to confirm or to begin from default part if nothing selected","16541","yes","neuter","active","differential object marking","2","article location violation","103","768","legacy","Mini-English","8","List 1: grammatical, DOM violation, article location violation","11","431","C:/Users/Tromso/Desktop/LESS/Session 6/subject-9.csv","1.2.3","xpyriment","","filler: not part of the study","singular","Lentiform Loewenfeld","3.3.14","0","f","NA","space","NA","space","NA","space","NA","space","j","f","NA","space","c","NA","space","NA","space","3","1144","NA","9282","NA","38447","NA","26179","NA","6125","853","1144","NA","38715","4627161","NA","10897","NA","110933","268","NA","8789","NA","space","2","legacy","Harry wetted fi jewall and fi jestreet too.","143","Session 6","NA","Gender assignment task","2024-10-03 17:47","1024","2","48000","-16","Session6","Norway","9","odd","word4","42","main","no","NA","109138","NA","26086","NA","16799","16795","5935","16795","4758571","4679467","NA","4700271","NA","4653283","4738720","NA","4752393","4750666","4750659","4772063","4772057","4653281","4773211","5934","4394263","4633371","4632251","4632803","NA","4303492","4635933","26086","NA","NA","4634265","4637293","116646","NA","116649","NA","127550","238523","4630103","238513","4751522","4699402","4630126","4630796","4636187","4636186","4630104","4758571","4636478","4636478","4773251","NA","4758571","5935","4750666","4752297","4752264","7993","4738720","NA","NA","7994","4636464","4393755","4632757","5935","NA","5935","4653281","4653281","4738720","16795","4637307","5935","NA","NA","NA","8005","4772063","4631064","4627017","4631640","4632251","4632757","4633509","4634013","4634634","4635518","4626241","Norway Session 6","12","12207","12","0","0","yes","143","","1024","kosthold","Harry","","","320","wetted","355","fi","250","jewall","315","and","250","fi","250","jestreet","425","too.","285","",""
"NA","NA","100","100","998.9230769230769","998.9230769230769","#242424","xpyriment","legacy","legacy","0","uniform","1","undefined","1","1","0","undefined","undefined","1","f","undefined","0","0","0","0","0","0","0","0","0","0","0","NA","0","0","0","1","NA","0","11","11","12","12","0","24","0","431","431","431","431","NA","7","1151","8","0","0","3023","0","0","0","0","0","0","0","431","0","11","11","431","431","431","431","431","3","431","431","457","0","0","0","11","1","11","0","0","3","0","0","431","431","431","0","0","0","0","0","0","0","0","0","NA","NA","0","0","12","431","143","431","431","431","431","431","431","431","143","undefined","256","332","Thu Oct  3 17:47:30 2024","760","The main experiment item","yes","active","Norway_Session_6.osexp","1","C:\Users\Tromso\Desktop\LESS\Session 6","no","no","mono","no","18","no","white","no","Click to confirm or to begin from default part if nothing selected","6570","yes","neuter","active","differential object marking","2","article location violation","103","768","legacy","Mini-English","5","List 1: grammatical, DOM violation, article location violation","12","431","C:/Users/Tromso/Desktop/LESS/Session 6/subject-9.csv","1.2.3","xpyriment","","filler: not part of the study","singular","Lentiform Loewenfeld","3.3.14","0","f","NA","space","NA","space","NA","space","NA","space","j","f","NA","space","c","NA","space","NA","space","3","779","NA","9282","NA","38447","NA","26179","NA","6125","853","779","NA","38715","4627161","NA","10897","NA","110933","268","NA","8789","NA","space","2","legacy","Harry wetted fi jewall and fi jestreet too.","143","Session 6","NA","Gender assignment task","2024-10-03 17:47","1024","2","48000","-16","Session6","Norway","9","odd","word4","42","main","no","NA","109138","NA","26086","NA","16799","16795","5935","16795","4758571","4679467","NA","4700271","NA","4653283","4738720","NA","4752393","4750666","4750659","4773420","4773414","4653281","4774202","5934","4394263","4633371","4632251","4632803","NA","4303492","4635933","26086","NA","NA","4634265","4637293","116646","NA","116649","NA","127550","238523","4630103","238513","4751522","4699402","4630126","4630796","4636187","4636186","4630104","4758571","4636478","4636478","4774242","NA","4758571","5935","4750666","4752297","4752264","7993","4738720","NA","NA","7994","4636464","4393755","4632757","5935","NA","5935","4653281","4653281","4738720","16795","4637307","5935","NA","NA","NA","8005","4773420","4631064","4627017","4631640","4632251","4632757","4633509","4634013","4634634","4635518","4626241","Norway Session 6","13","12986","13","0","0","yes","143","","1024","gebyr","Harry","","","320","wetted","355","fi","250","jewall","315","and","250","fi","250","jestreet","425","too.","285","",""
"NA","NA","92.85714285714286","92.85714285714286","1128","1128","#242424","xpyriment","legacy","legacy","0","uniform","0","undefined","1","0","0","undefined","undefined","1","j","undefined","0","0","0","0","0","0","0","0","0","0","0","NA","0","0","0","1","NA","0","11","11","13","13","0","25","0","431","431","431","431","NA","7","1151","8","0","0","3023","0","0","0","0","0","0","0","431","0","11","11","431","431","431","431","431","3","431","431","458","0","0","0","11","1","11","0","0","3","0","0","431","431","431","0","0","0","0","0","0","0","0","0","NA","NA","0","0","13","431","143","431","431","431","431","431","431","431","143","undefined","256","332","Thu Oct  3 17:47:30 2024","760","The main experiment item","yes","active","Norway_Session_6.osexp","1","C:\Users\Tromso\Desktop\LESS\Session 6","no","no","mono","no","18","no","white","no","Click to confirm or to begin from default part if nothing selected","8664","yes","feminine","active","differential object marking","2","article location violation","103","768","legacy","Mini-English","7","List 1: grammatical, DOM violation, article location violation","13","431","C:/Users/Tromso/Desktop/LESS/Session 6/subject-9.csv","1.2.3","xpyriment","","filler: not part of the study","singular","Lentiform Loewenfeld","3.3.14","0","f","NA","space","NA","space","NA","space","NA","space","j","f","NA","space","c","NA","space","NA","space","3","2806","NA","9282","NA","38447","NA","26179","NA","6125","853","2806","NA","38715","4627161","NA","10897","NA","110933","268","NA","8789","NA","space","2","legacy","Harry wetted fi jewall and fi jestreet too.","143","Session 6","NA","Gender assignment task","2024-10-03 17:47","1024","2","48000","-16","Session6","Norway","9","odd","word4","42","main","no","NA","109138","NA","26086","NA","16799","16795","5935","16795","4758571","4679467","NA","4700271","NA","4653283","4738720","NA","4752393","4750666","4750659","4774409","4774404","4653281","4777218","5934","4394263","4633371","4632251","4632803","NA","4303492","4635933","26086","NA","NA","4634265","4637293","116646","NA","116649","NA","127550","238523","4630103","238513","4751522","4699402","4630126","4630796","4636187","4636186","4630104","4758571","4636478","4636478","4777258","NA","4758571","5935","4750666","4752297","4752264","7993","4738720","NA","NA","7994","4636464","4393755","4632757","5935","NA","5935","4653281","4653281","4738720","16795","4637307","5935","NA","NA","NA","8005","4774409","4631064","4627017","4631640","4632251","4632757","4633509","4634013","4634634","4635518","4626241","Norway Session 6","13","15792","14","0","0","yes","143","","1024","fucking","Harry","","","320","wetted","355","fi","250","jewall","315","and","250","fi","250","jestreet","425","too.","285","",""
"NA","NA","93.33333333333333","93.33333333333333","1111.8666666666666","1111.8666666666666","#242424","xpyriment","legacy","legacy","0","uniform","1","undefined","1","1","0","undefined","undefined","1","f","undefined","0","0","0","0","0","0","0","0","0","0","0","NA","0","0","0","1","NA","0","11","11","14","14","0","26","0","431","431","431","431","NA","7","1151","8","0","0","3023","0","0","0","0","0","0","0","431","0","11","11","431","431","431","431","431","3","431","431","459","0","0","0","11","1","11","0","0","3","0","0","431","431","431","0","0","0","0","0","0","0","0","0","NA","NA","0","0","14","431","143","431","431","431","431","431","431","431","143","undefined","256","332","Thu Oct  3 17:47:30 2024","760","The main experiment item","yes","active","Norway_Session_6.osexp","1","C:\Users\Tromso\Desktop\LESS\Session 6","no","no","mono","no","18","no","white","no","Click to confirm or to begin from default part if nothing selected","10940","yes","neuter","active","differential object marking","2","article location violation","103","768","legacy","Mini-English","7","List 1: grammatical, DOM violation, article location violation","14","431","C:/Users/Tromso/Desktop/LESS/Session 6/subject-9.csv","1.2.3","xpyriment","","filler: not part of the study","singular","Lentiform Loewenfeld","3.3.14","0","f","NA","space","NA","space","NA","space","NA","space","j","f","NA","space","c","NA","space","NA","space","3","886","NA","9282","NA","38447","NA","26179","NA","6125","853","886","NA","38715","4627161","NA","10897","NA","110933","268","NA","8789","NA","space","2","legacy","Harry wetted fi jewall and fi jestreet too.","143","Session 6","NA","Gender assignment task","2024-10-03 17:47","1024","2","48000","-16","Session6","Norway","9","odd","word4","42","main","no","NA","109138","NA","26086","NA","16799","16795","5935","16795","4758571","4679467","NA","4700271","NA","4653283","4738720","NA","4752393","4750666","4750659","4777449","4777444","4653281","4778338","5934","4394263","4633371","4632251","4632803","NA","4303492","4635933","26086","NA","NA","4634265","4637293","116646","NA","116649","NA","127550","238523","4630103","238513","4751522","4699402","4630126","4630796","4636187","4636186","4630104","4758571","4636478","4636478","4778379","NA","4758571","5935","4750666","4752297","4752264","7993","4738720","NA","NA","7994","4636464","4393755","4632757","5935","NA","5935","4653281","4653281","4738720","16795","4637307","5935","NA","NA","NA","8005","4777449","4631064","4627017","4631640","4632251","4632757","4633509","4634013","4634634","4635518","4626241","Norway Session 6","14","16678","15","0","0","yes","143","","1024","passord","Harry","","","320","wetted","355","fi","250","jewall","315","and","250","fi","250","jestreet","425","too.","285","",""
"NA","NA","93.75","93.75","1097.375","1097.375","#242424","xpyriment","legacy","legacy","0","uniform","1","undefined","1","1","0","undefined","undefined","1","f","undefined","0","0","0","0","0","0","0","0","0","0","0","NA","0","0","0","1","NA","0","11","11","15","15","0","27","0","431","431","431","431","NA","7","1151","8","0","0","3023","0","0","0","0","0","0","0","431","0","11","11","431","431","431","431","431","3","431","431","460","0","0","0","11","1","11","0","0","3","0","0","431","431","431","0","0","0","0","0","0","0","0","0","NA","NA","0","0","15","431","143","431","431","431","431","431","431","431","143","undefined","256","332","Thu Oct  3 17:47:30 2024","760","The main experiment item","yes","active","Norway_Session_6.osexp","1","C:\Users\Tromso\Desktop\LESS\Session 6","no","no","mono","no","18","no","white","no","Click to confirm or to begin from default part if nothing selected","7268","yes","neuter","active","differential object marking","2","article location violation","103","768","legacy","Mini-English","4","List 1: grammatical, DOM violation, article location violation","15","431","C:/Users/Tromso/Desktop/LESS/Session 6/subject-9.csv","1.2.3","xpyriment","","filler: not part of the study","singular","Lentiform Loewenfeld","3.3.14","0","f","NA","space","NA","space","NA","space","NA","space","j","f","NA","space","c","NA","space","NA","space","3","880","NA","9282","NA","38447","NA","26179","NA","6125","853","880","NA","38715","4627161","NA","10897","NA","110933","268","NA","8789","NA","space","2","legacy","Harry wetted fi jewall and fi jestreet too.","143","Session 6","NA","Gender assignment task","2024-10-03 17:47","1024","2","48000","-16","Session6","Norway","9","odd","word4","42","main","no","NA","109138","NA","26086","NA","16799","16795","5935","16795","4758571","4679467","NA","4700271","NA","4653283","4738720","NA","4752393","4750666","4750659","4778543","4778538","4653281","4779427","5934","4394263","4633371","4632251","4632803","NA","4303492","4635933","26086","NA","NA","4634265","4637293","116646","NA","116649","NA","127550","238523","4630103","238513","4751522","4699402","4630126","4630796","4636187","4636186","4630104","4758571","4636478","4636478","4779467","NA","4758571","5935","4750666","4752297","4752264","7993","4738720","NA","NA","7994","4636464","4393755","4632757","5935","NA","5935","4653281","4653281","4738720","16795","4637307","5935","NA","NA","NA","8005","4778543","4631064","4627017","4631640","4632251","4632757","4633509","4634013","4634634","4635518","4626241","Norway Session 6","15","17558","16","0","0","yes","143","","1024","garn","Harry","","","320","wetted","355","fi","250","jewall","315","and","250","fi","250","jestreet","425","too.","285","",""
"NA","NA","94.11764705882354","94.11764705882354","1108.7058823529412","1108.7058823529412","#242424","xpyriment","legacy","legacy","0","uniform","1","undefined","1","1","0","undefined","undefined","1","j","undefined","0","0","0","0","0","0","0","0","0","0","0","NA","0","0","0","1","NA","0","11","11","16","16","0","28","0","431","431","431","431","NA","7","1151","8","0","0","3023","0","0","0","0","0","0","0","431","0","11","11","431","431","431","431","431","3","431","431","461","0","0","0","11","1","11","0","0","3","0","0","431","431","431","0","0","0","0","0","0","0","0","0","NA","NA","0","0","16","431","143","431","431","431","431","431","431","431","143","undefined","256","332","Thu Oct  3 17:47:30 2024","760","The main experiment item","yes","active","Norway_Session_6.osexp","1","C:\Users\Tromso\Desktop\LESS\Session 6","no","no","mono","no","18","no","white","no","Click to confirm or to begin from default part if nothing selected","8170","yes","masculine","active","differential object marking","2","article location violation","103","768","legacy","Mini-English","3","List 1: grammatical, DOM violation, article location violation","16","431","C:/Users/Tromso/Desktop/LESS/Session 6/subject-9.csv","1.2.3","xpyriment","","filler: not part of the study","singular","Lentiform Loewenfeld","3.3.14","0","j","NA","space","NA","space","NA","space","NA","space","j","j","NA","space","c","NA","space","NA","space","3","1290","NA","9282","NA","38447","NA","26179","NA","6125","853","1290","NA","38715","4627161","NA","10897","NA","110933","268","NA","8789","NA","space","2","legacy","Harry wetted fi jewall and fi jestreet too.","143","Session 6","NA","Gender assignment task","2024-10-03 17:47","1024","2","48000","-16","Session6","Norway","9","odd","word4","42","main","no","NA","109138","NA","26086","NA","16799","16795","5935","16795","4758571","4679467","NA","4700271","NA","4653283","4738720","NA","4752393","4750666","4750659","4779629","4779624","4653281","4780923","5934","4394263","4633371","4632251","4632803","NA","4303492","4635933","26086","NA","NA","4634265","4637293","116646","NA","116649","NA","127550","238523","4630103","238513","4751522","4699402","4630126","4630796","4636187","4636186","4630104","4758571","4636478","4636478","4780963","NA","4758571","5935","4750666","4752297","4752264","7993","4738720","NA","NA","7994","4636464","4393755","4632757","5935","NA","5935","4653281","4653281","4738720","16795","4637307","5935","NA","NA","NA","8005","4779629","4631064","4627017","4631640","4632251","4632757","4633509","4634013","4634634","4635518","4626241","Norway Session 6","16","18848","17","0","0","yes","143","","1024","arv","Harry","","","320","wetted","355","fi","250","jewall","315","and","250","fi","250","jestreet","425","too.","285","",""
"NA","NA","94.44444444444444","94.44444444444444","1189.9444444444443","1189.9444444444443","#242424","xpyriment","legacy","legacy","0","uniform","1","undefined","1","1","0","undefined","undefined","1","j","undefined","0","0","0","0","0","0","0","0","0","0","0","NA","0","0","0","1","NA","0","11","11","17","17","0","29","0","431","431","431","431","NA","7","1151","8","0","0","3023","0","0","0","0","0","0","0","431","0","11","11","431","431","431","431","431","3","431","431","462","0","0","0","11","1","11","0","0","3","0","0","431","431","431","0","0","0","0","0","0","0","0","0","NA","NA","0","0","17","431","143","431","431","431","431","431","431","431","143","undefined","256","332","Thu Oct  3 17:47:30 2024","760","The main experiment item","yes","active","Norway_Session_6.osexp","1","C:\Users\Tromso\Desktop\LESS\Session 6","no","no","mono","no","18","no","white","no","Click to confirm or to begin from default part if nothing selected","5055","yes","feminine","active","differential object marking","2","article location violation","103","768","legacy","Mini-English","7","List 1: grammatical, DOM violation, article location violation","17","431","C:/Users/Tromso/Desktop/LESS/Session 6/subject-9.csv","1.2.3","xpyriment","","filler: not part of the study","singular","Lentiform Loewenfeld","3.3.14","0","j","NA","space","NA","space","NA","space","NA","space","j","j","NA","space","c","NA","space","NA","space","3","2571","NA","9282","NA","38447","NA","26179","NA","6125","853","2571","NA","38715","4627161","NA","10897","NA","110933","268","NA","8789","NA","space","2","legacy","Harry wetted fi jewall and fi jestreet too.","143","Session 6","NA","Gender assignment task","2024-10-03 17:47","1024","2","48000","-16","Session6","Norway","9","odd","word4","42","main","no","NA","109138","NA","26086","NA","16799","16795","5935","16795","4758571","4679467","NA","4700271","NA","4653283","4738720","NA","4752393","4750666","4750659","4781132","4781127","4653281","4783708","5934","4394263","4633371","4632251","4632803","NA","4303492","4635933","26086","NA","NA","4634265","4637293","116646","NA","116649","NA","127550","238523","4630103","238513","4751522","4699402","4630126","4630796","4636187","4636186","4630104","4758571","4636478","4636478","4783748","NA","4758571","5935","4750666","4752297","4752264","7993","4738720","NA","NA","7994","4636464","4393755","4632757","5935","NA","5935","4653281","4653281","4738720","16795","4637307","5935","NA","NA","NA","8005","4781132","4631064","4627017","4631640","4632251","4632757","4633509","4634013","4634634","4635518","4626241","Norway Session 6","17","21419","18","0","0","yes","143","","1024","røyking","Harry","","","320","wetted","355","fi","250","jewall","315","and","250","fi","250","jestreet","425","too.","285","",""
"NA","NA","94.73684210526316","94.73684210526316","1175.578947368421","1175.578947368421","#242424","xpyriment","legacy","legacy","0","uniform","1","undefined","1","1","0","undefined","undefined","1","j","undefined","0","0","0","0","0","0","0","0","0","0","0","NA","0","0","0","1","NA","0","11","11","18","18","0","30","0","431","431","431","431","NA","7","1151","8","0","0","3023","0","0","0","0","0","0","0","431","0","11","11","431","431","431","431","431","3","431","431","463","0","0","0","11","1","11","0","0","3","0","0","431","431","431","0","0","0","0","0","0","0","0","0","NA","NA","0","0","18","431","143","431","431","431","431","431","431","431","143","undefined","256","332","Thu Oct  3 17:47:30 2024","760","The main experiment item","yes","active","Norway_Session_6.osexp","1","C:\Users\Tromso\Desktop\LESS\Session 6","no","no","mono","no","18","no","white","no","Click to confirm or to begin from default part if nothing selected","9510","yes","feminine","active","differential object marking","2","article location violation","103","768","legacy","Mini-English","7","List 1: grammatical, DOM violation, article location violation","18","431","C:/Users/Tromso/Desktop/LESS/Session 6/subject-9.csv","1.2.3","xpyriment","","filler: not part of the study","singular","Lentiform Loewenfeld","3.3.14","0","j","NA","space","NA","space","NA","space","NA","space","j","j","NA","space","c","NA","space","NA","space","3","917","NA","9282","NA","38447","NA","26179","NA","6125","853","917","NA","38715","4627161","NA","10897","NA","110933","268","NA","8789","NA","space","2","legacy","Harry wetted fi jewall and fi jestreet too.","143","Session 6","NA","Gender assignment task","2024-10-03 17:47","1024","2","48000","-16","Session6","Norway","9","odd","word4","42","main","no","NA","109138","NA","26086","NA","16799","16795","5935","16795","4758571","4679467","NA","4700271","NA","4653283","4738720","NA","4752393","4750666","4750659","4783913","4783908","4653281","4784835","5934","4394263","4633371","4632251","4632803","NA","4303492","4635933","26086","NA","NA","4634265","4637293","116646","NA","116649","NA","127550","238523","4630103","238513","4751522","4699402","4630126","4630796","4636187","4636186","4630104","4758571","4636478","4636478","4784875","NA","4758571","5935","4750666","4752297","4752264","7993","4738720","NA","NA","7994","4636464","4393755","4632757","5935","NA","5935","4653281","4653281","4738720","16795","4637307","5935","NA","NA","NA","8005","4783913","4631064","4627017","4631640","4632251","4632757","4633509","4634013","4634634","4635518","4626241","Norway Session 6","18","22336","19","0","0","yes","143","","1024","overtid","Harry","","","320","wetted","355","fi","250","jewall","315","and","250","fi","250","jestreet","425","too.","285","",""
"NA","NA","95","95","1167.2","1167.2","#242424","xpyriment","legacy","legacy","0","uniform","1","undefined","1","1","0","undefined","undefined","1","f","undefined","0","0","0","0","0","0","0","0","0","0","0","NA","0","0","0","1","NA","0","11","11","19","19","0","31","0","431","431","431","431","NA","7","1151","8","0","0","3023","0","0","0","0","0","0","0","431","0","11","11","431","431","431","431","431","3","431","431","464","0","0","0","11","1","11","0","0","3","0","0","431","431","431","0","0","0","0","0","0","0","0","0","NA","NA","0","0","19","431","143","431","431","431","431","431","431","431","143","undefined","256","332","Thu Oct  3 17:47:30 2024","760","The main experiment item","yes","active","Norway_Session_6.osexp","1","C:\Users\Tromso\Desktop\LESS\Session 6","no","no","mono","no","18","no","white","no","Click to confirm or to begin from default part if nothing selected","7956","yes","neuter","active","differential object marking","2","article location violation","103","768","legacy","Mini-English","8","List 1: grammatical, DOM violation, article location violation","19","431","C:/Users/Tromso/Desktop/LESS/Session 6/subject-9.csv","1.2.3","xpyriment","","filler: not part of the study","singular","Lentiform Loewenfeld","3.3.14","0","f","NA","space","NA","space","NA","space","NA","space","j","f","NA","space","c","NA","space","NA","space","3","1008","NA","9282","NA","38447","NA","26179","NA","6125","853","1008","NA","38715","4627161","NA","10897","NA","110933","268","NA","8789","NA","space","2","legacy","Harry wetted fi jewall and fi jestreet too.","143","Session 6","NA","Gender assignment task","2024-10-03 17:47","1024","2","48000","-16","Session6","Norway","9","odd","word4","42","main","no","NA","109138","NA","26086","NA","16799","16795","5935","16795","4758571","4679467","NA","4700271","NA","4653283","4738720","NA","4752393","4750666","4750659","4785038","4785033","4653281","4786050","5934","4394263","4633371","4632251","4632803","NA","4303492","4635933","26086","NA","NA","4634265","4637293","116646","NA","116649","NA","127550","238523","4630103","238513","4751522","4699402","4630126","4630796","4636187","4636186","4630104","4758571","4636478","4636478","4786090","NA","4758571","5935","4750666","4752297","4752264","7993","4738720","NA","NA","7994","4636464","4393755","4632757","5935","NA","5935","4653281","4653281","4738720","16795","4637307","5935","NA","NA","NA","8005","4785038","4631064","4627017","4631640","4632251","4632757","4633509","4634013","4634634","4635518","4626241","Norway Session 6","19","23344","20","0","0","yes","143","","1024","forbilde","Harry","","","320","wetted","355","fi","250","jewall","315","and","250","fi","250","jestreet","425","too.","285","",""
"NA","NA","95.23809523809524","95.23809523809524","1149.857142857143","1149.857142857143","#242424","xpyriment","legacy","legacy","0","uniform","1","undefined","1","1","0","undefined","undefined","1","f","undefined","0","0","0","0","0","0","0","0","0","0","0","NA","0","0","0","1","NA","0","11","11","20","20","0","32","0","431","431","431","431","NA","7","1151","8","0","0","3023","0","0","0","0","0","0","0","431","0","11","11","431","431","431","431","431","3","431","431","465","0","0","0","11","1","11","0","0","3","0","0","431","431","431","0","0","0","0","0","0","0","0","0","NA","NA","0","0","20","431","143","431","431","431","431","431","431","431","143","undefined","256","332","Thu Oct  3 17:47:30 2024","760","The main experiment item","yes","active","Norway_Session_6.osexp","1","C:\Users\Tromso\Desktop\LESS\Session 6","no","no","mono","no","18","no","white","no","Click to confirm or to begin from default part if nothing selected","34594","yes","neuter","active","differential object marking","2","article location violation","103","768","legacy","Mini-English","4","List 1: grammatical, DOM violation, article location violation","20","431","C:/Users/Tromso/Desktop/LESS/Session 6/subject-9.csv","1.2.3","xpyriment","","part of the study","singular","Lentiform Loewenfeld","3.3.14","0","f","NA","space","NA","space","NA","space","NA","space","j","f","NA","space","c","NA","space","NA","space","3","803","NA","9282","NA","38447","NA","26179","NA","6125","853","803","NA","38715","4627161","NA","10897","NA","110933","268","NA","8789","NA","space","2","legacy","Harry wetted fi jewall and fi jestreet too.","143","Session 6","NA","Gender assignment task","2024-10-03 17:47","1024","2","48000","-16","Session6","Norway","9","odd","word4","42","main","no","NA","109138","NA","26086","NA","16799","16795","5935","16795","4758571","4679467","NA","4700271","NA","4653283","4738720","NA","4752393","4750666","4750659","4786260","4786256","4653281","4787067","5934","4394263","4633371","4632251","4632803","NA","4303492","4635933","26086","NA","NA","4634265","4637293","116646","NA","116649","NA","127550","238523","4630103","238513","4751522","4699402","4630126","4630796","4636187","4636186","4630104","4758571","4636478","4636478","4787107","NA","4758571","5935","4750666","4752297","4752264","7993","4738720","NA","NA","7994","4636464","4393755","4632757","5935","NA","5935","4653281","4653281","4738720","16795","4637307","5935","NA","NA","NA","8005","4786260","4631064","4627017","4631640","4632251","4632757","4633509","4634013","4634634","4635518","4626241","Norway Session 6","20","24147","21","0","0","yes","143","","1024","bord","Harry","","","320","wetted","355","fi","250","jewall","315","and","250","fi","250","jestreet","425","too.","285","",""
"NA","NA","95.45454545454545","95.45454545454545","1155.590909090909","1155.590909090909","#242424","xpyriment","legacy","legacy","0","uniform","1","undefined","1","1","0","undefined","undefined","1","j","undefined","0","0","0","0","0","0","0","0","0","0","0","NA","0","0","0","1","NA","0","11","11","21","21","0","33","0","431","431","431","431","NA","7","1151","8","0","0","3023","0","0","0","0","0","0","0","431","0","11","11","431","431","431","431","431","3","431","431","466","0","0","0","11","1","11","0","0","3","0","0","431","431","431","0","0","0","0","0","0","0","0","0","NA","NA","0","0","21","431","143","431","431","431","431","431","431","431","143","undefined","256","332","Thu Oct  3 17:47:30 2024","760","The main experiment item","yes","active","Norway_Session_6.osexp","1","C:\Users\Tromso\Desktop\LESS\Session 6","no","no","mono","no","18","no","white","no","Click to confirm or to begin from default part if nothing selected","3774","yes","masculine","active","differential object marking","2","article location violation","103","768","legacy","Mini-English","4","List 1: grammatical, DOM violation, article location violation","21","431","C:/Users/Tromso/Desktop/LESS/Session 6/subject-9.csv","1.2.3","xpyriment","","part of the study","singular","Lentiform Loewenfeld","3.3.14","0","j","NA","space","NA","space","NA","space","NA","space","j","j","NA","space","c","NA","space","NA","space","3","1276","NA","9282","NA","38447","NA","26179","NA","6125","853","1276","NA","38715","4627161","NA","10897","NA","110933","268","NA","8789","NA","space","2","legacy","Harry wetted fi jewall and fi jestreet too.","143","Session 6","NA","Gender assignment task","2024-10-03 17:47","1024","2","48000","-16","Session6","Norway","9","odd","word4","42","main","no","NA","109138","NA","26086","NA","16799","16795","5935","16795","4758571","4679467","NA","4700271","NA","4653283","4738720","NA","4752393","4750666","4750659","4787275","4787269","4653281","4788555","5934","4394263","4633371","4632251","4632803","NA","4303492","4635933","26086","NA","NA","4634265","4637293","116646","NA","116649","NA","127550","238523","4630103","238513","4751522","4699402","4630126","4630796","4636187","4636186","4630104","4758571","4636478","4636478","4788595","NA","4758571","5935","4750666","4752297","4752264","7993","4738720","NA","NA","7994","4636464","4393755","4632757","5935","NA","5935","4653281","4653281","4738720","16795","4637307","5935","NA","NA","NA","8005","4787275","4631064","4627017","4631640","4632251","4632757","4633509","4634013","4634634","4635518","4626241","Norway Session 6","21","25423","22","0","0","yes","143","","1024","eske","Harry","","","320","wetted","355","fi","250","jewall","315","and","250","fi","250","jestreet","425","too.","285","",""
"NA","NA","95.65217391304348","95.65217391304348","1139.7391304347825","1139.7391304347825","#242424","xpyriment","legacy","legacy","0","uniform","1","undefined","1","1","0","undefined","undefined","1","f","undefined","0","0","0","0","0","0","0","0","0","0","0","NA","0","0","0","1","NA","0","11","11","22","22","0","34","0","431","431","431","431","NA","7","1151","8","0","0","3023","0","0","0","0","0","0","0","431","0","11","11","431","431","431","431","431","3","431","431","467","0","0","0","11","1","11","0","0","3","0","0","431","431","431","0","0","0","0","0","0","0","0","0","NA","NA","0","0","22","431","143","431","431","431","431","431","431","431","143","undefined","256","332","Thu Oct  3 17:47:30 2024","760","The main experiment item","yes","active","Norway_Session_6.osexp","1","C:\Users\Tromso\Desktop\LESS\Session 6","no","no","mono","no","18","no","white","no","Click to confirm or to begin from default part if nothing selected","22404","yes","neuter","active","differential object marking","2","article location violation","103","768","legacy","Mini-English","6","List 1: grammatical, DOM violation, article location violation","22","431","C:/Users/Tromso/Desktop/LESS/Session 6/subject-9.csv","1.2.3","xpyriment","","filler: not part of the study","singular","Lentiform Loewenfeld","3.3.14","0","f","NA","space","NA","space","NA","space","NA","space","j","f","NA","space","c","NA","space","NA","space","3","791","NA","9282","NA","38447","NA","26179","NA","6125","853","791","NA","38715","4627161","NA","10897","NA","110933","268","NA","8789","NA","space","2","legacy","Harry wetted fi jewall and fi jestreet too.","143","Session 6","NA","Gender assignment task","2024-10-03 17:47","1024","2","48000","-16","Session6","Norway","9","odd","word4","42","main","no","NA","109138","NA","26086","NA","16799","16795","5935","16795","4758571","4679467","NA","4700271","NA","4653283","4738720","NA","4752393","4750666","4750659","4788759","4788754","4653281","4789554","5934","4394263","4633371","4632251","4632803","NA","4303492","4635933","26086","NA","NA","4634265","4637293","116646","NA","116649","NA","127550","238523","4630103","238513","4751522","4699402","4630126","4630796","4636187","4636186","4630104","4758571","4636478","4636478","4789594","NA","4758571","5935","4750666","4752297","4752264","7993","4738720","NA","NA","7994","4636464","4393755","4632757","5935","NA","5935","4653281","4653281","4738720","16795","4637307","5935","NA","NA","NA","8005","4788759","4631064","4627017","4631640","4632251","4632757","4633509","4634013","4634634","4635518","4626241","Norway Session 6","22","26214","23","0","0","yes","143","","1024","hjørne","Harry","","","320","wetted","355","fi","250","jewall","315","and","250","fi","250","jestreet","425","too.","285","",""
"NA","NA","95.83333333333333","95.83333333333333","1157.5416666666667","1157.5416666666667","#242424","xpyriment","legacy","legacy","0","uniform","1","undefined","1","1","0","undefined","undefined","1","j","undefined","0","0","0","0","0","0","0","0","0","0","0","NA","0","0","0","1","NA","0","11","11","23","23","0","35","0","431","431","431","431","NA","7","1151","8","0","0","3023","0","0","0","0","0","0","0","431","0","11","11","431","431","431","431","431","3","431","431","468","0","0","0","11","1","11","0","0","3","0","0","431","431","431","0","0","0","0","0","0","0","0","0","NA","NA","0","0","23","431","143","431","431","431","431","431","431","431","143","undefined","256","332","Thu Oct  3 17:47:30 2024","760","The main experiment item","yes","active","Norway_Session_6.osexp","1","C:\Users\Tromso\Desktop\LESS\Session 6","no","no","mono","no","18","no","white","no","Click to confirm or to begin from default part if nothing selected","6047","yes","feminine","active","differential object marking","2","article location violation","103","768","legacy","Mini-English","7","List 1: grammatical, DOM violation, article location violation","23","431","C:/Users/Tromso/Desktop/LESS/Session 6/subject-9.csv","1.2.3","xpyriment","","filler: not part of the study","singular","Lentiform Loewenfeld","3.3.14","0","j","NA","space","NA","space","NA","space","NA","space","j","j","NA","space","c","NA","space","NA","space","3","1567","NA","9282","NA","38447","NA","26179","NA","6125","853","1567","NA","38715","4627161","NA","10897","NA","110933","268","NA","8789","NA","space","2","legacy","Harry wetted fi jewall and fi jestreet too.","143","Session 6","NA","Gender assignment task","2024-10-03 17:47","1024","2","48000","-16","Session6","Norway","9","odd","word4","42","main","no","NA","109138","NA","26086","NA","16799","16795","5935","16795","4758571","4679467","NA","4700271","NA","4653283","4738720","NA","4752393","4750666","4750659","4789760","4789755","4653281","4791330","5934","4394263","4633371","4632251","4632803","NA","4303492","4635933","26086","NA","NA","4634265","4637293","116646","NA","116649","NA","127550","238523","4630103","238513","4751522","4699402","4630126","4630796","4636187","4636186","4630104","4758571","4636478","4636478","4791371","NA","4758571","5935","4750666","4752297","4752264","7993","4738720","NA","NA","7994","4636464","4393755","4632757","5935","NA","5935","4653281","4653281","4738720","16795","4637307","5935","NA","NA","NA","8005","4789760","4631064","4627017","4631640","4632251","4632757","4633509","4634013","4634634","4635518","4626241","Norway Session 6","23","27781","24","0","0","yes","143","","1024","dumping","Harry","","","320","wetted","355","fi","250","jewall","315","and","250","fi","250","jestreet","425","too.","285","",""
"NA","NA","96","96","1168.28","1168.28","#242424","xpyriment","legacy","legacy","0","uniform","1","undefined","1","1","0","undefined","undefined","1","j","undefined","0","0","0","0","0","0","0","0","0","0","0","NA","0","0","0","1","NA","0","11","11","24","24","0","36","0","431","431","431","431","NA","7","1151","8","0","0","3023","0","0","0","0","0","0","0","431","0","11","11","431","431","431","431","431","3","431","431","469","0","0","0","11","1","11","0","0","3","0","0","431","431","431","0","0","0","0","0","0","0","0","0","NA","NA","0","0","24","431","143","431","431","431","431","431","431","431","143","undefined","256","332","Thu Oct  3 17:47:30 2024","760","The main experiment item","yes","active","Norway_Session_6.osexp","1","C:\Users\Tromso\Desktop\LESS\Session 6","no","no","mono","no","18","no","white","no","Click to confirm or to begin from default part if nothing selected","38563","yes","feminine","active","differential object marking","2","article location violation","103","768","legacy","Mini-English","4","List 1: grammatical, DOM violation, article location violation","24","431","C:/Users/Tromso/Desktop/LESS/Session 6/subject-9.csv","1.2.3","xpyriment","","part of the study","singular","Lentiform Loewenfeld","3.3.14","0","j","NA","space","NA","space","NA","space","NA","space","j","j","NA","space","c","NA","space","NA","space","3","1426","NA","9282","NA","38447","NA","26179","NA","6125","853","1426","NA","38715","4627161","NA","10897","NA","110933","268","NA","8789","NA","space","2","legacy","Harry wetted fi jewall and fi jestreet too.","143","Session 6","NA","Gender assignment task","2024-10-03 17:47","1024","2","48000","-16","Session6","Norway","9","odd","word4","42","main","no","NA","109138","NA","26086","NA","16799","16795","5935","16795","4758571","4679467","NA","4700271","NA","4653283","4738720","NA","4752393","4750666","4750659","4791533","4791528","4653281","4792963","5934","4394263","4633371","4632251","4632803","NA","4303492","4635933","26086","NA","NA","4634265","4637293","116646","NA","116649","NA","127550","238523","4630103","238513","4751522","4699402","4630126","4630796","4636187","4636186","4630104","4758571","4636478","4636478","4793003","NA","4758571","5935","4750666","4752297","4752264","7993","4738720","NA","NA","7994","4636464","4393755","4632757","5935","NA","5935","4653281","4653281","4738720","16795","4637307","5935","NA","NA","NA","8005","4791533","4631064","4627017","4631640","4632251","4632757","4633509","4634013","4634634","4635518","4626241","Norway Session 6","24","29207","25","0","0","yes","143","","1024","gate","Harry","","","320","wetted","355","fi","250","jewall","315","and","250","fi","250","jestreet","425","too.","285","",""
"NA","NA","96.15384615384616","96.15384615384616","1182.4615384615386","1182.4615384615386","#242424","xpyriment","legacy","legacy","0","uniform","1","undefined","1","1","0","undefined","undefined","1","j","undefined","0","0","0","0","0","0","0","0","0","0","0","NA","0","0","0","1","NA","0","11","11","25","25","0","37","0","431","431","431","431","NA","7","1151","8","0","0","3023","0","0","0","0","0","0","0","431","0","11","11","431","431","431","431","431","3","431","431","470","0","0","0","11","1","11","0","0","3","0","0","431","431","431","0","0","0","0","0","0","0","0","0","NA","NA","0","0","25","431","143","431","431","431","431","431","431","431","143","undefined","256","332","Thu Oct  3 17:47:30 2024","760","The main experiment item","yes","active","Norway_Session_6.osexp","1","C:\Users\Tromso\Desktop\LESS\Session 6","no","no","mono","no","18","no","white","no","Click to confirm or to begin from default part if nothing selected","8880","yes","masculine","active","differential object marking","2","article location violation","103","768","legacy","Mini-English","8","List 1: grammatical, DOM violation, article location violation","25","431","C:/Users/Tromso/Desktop/LESS/Session 6/subject-9.csv","1.2.3","xpyriment","","filler: not part of the study","singular","Lentiform Loewenfeld","3.3.14","0","j","NA","space","NA","space","NA","space","NA","space","j","j","NA","space","c","NA","space","NA","space","3","1537","NA","9282","NA","38447","NA","26179","NA","6125","853","1537","NA","38715","4627161","NA","10897","NA","110933","268","NA","8789","NA","space","2","legacy","Harry wetted fi jewall and fi jestreet too.","143","Session 6","NA","Gender assignment task","2024-10-03 17:47","1024","2","48000","-16","Session6","Norway","9","odd","word4","42","main","no","NA","109138","NA","26086","NA","16799","16795","5935","16795","4758571","4679467","NA","4700271","NA","4653283","4738720","NA","4752393","4750666","4750659","4793166","4793161","4653281","4794707","5934","4394263","4633371","4632251","4632803","NA","4303492","4635933","26086","NA","NA","4634265","4637293","116646","NA","116649","NA","127550","238523","4630103","238513","4751522","4699402","4630126","4630796","4636187","4636186","4630104","4758571","4636478","4636478","4794747","NA","4758571","5935","4750666","4752297","4752264","7993","4738720","NA","NA","7994","4636464","4393755","4632757","5935","NA","5935","4653281","4653281","4738720","16795","4637307","5935","NA","NA","NA","8005","4793166","4631064","4627017","4631640","4632251","4632757","4633509","4634013","4634634","4635518","4626241","Norway Session 6","25","30744","26","0","0","yes","143","","1024","overkant","Harry","","","320","wetted","355","fi","250","jewall","315","and","250","fi","250","jestreet","425","too.","285","",""
"NA","NA","96.29629629629629","96.29629629629629","1164.7777777777778","1164.7777777777778","#242424","xpyriment","legacy","legacy","0","uniform","1","undefined","1","1","0","undefined","undefined","1","f","undefined","0","0","0","0","0","0","0","0","0","0","0","NA","0","0","0","1","NA","0","11","11","26","26","0","38","0","431","431","431","431","NA","7","1151","8","0","0","3023","0","0","0","0","0","0","0","431","0","11","11","431","431","431","431","431","3","431","431","471","0","0","0","11","1","11","0","0","3","0","0","431","431","431","0","0","0","0","0","0","0","0","0","NA","NA","0","0","26","431","143","431","431","431","431","431","431","431","143","undefined","256","332","Thu Oct  3 17:47:30 2024","760","The main experiment item","yes","active","Norway_Session_6.osexp","1","C:\Users\Tromso\Desktop\LESS\Session 6","no","no","mono","no","18","no","white","no","Click to confirm or to begin from default part if nothing selected","15618","yes","neuter","active","differential object marking","2","article location violation","103","768","legacy","Mini-English","7","List 1: grammatical, DOM violation, article location violation","26","431","C:/Users/Tromso/Desktop/LESS/Session 6/subject-9.csv","1.2.3","xpyriment","","filler: not part of the study","singular","Lentiform Loewenfeld","3.3.14","0","f","NA","space","NA","space","NA","space","NA","space","j","f","NA","space","c","NA","space","NA","space","3","705","NA","9282","NA","38447","NA","26179","NA","6125","853","705","NA","38715","4627161","NA","10897","NA","110933","268","NA","8789","NA","space","2","legacy","Harry wetted fi jewall and fi jestreet too.","143","Session 6","NA","Gender assignment task","2024-10-03 17:47","1024","2","48000","-16","Session6","Norway","9","odd","word4","42","main","no","NA","109138","NA","26086","NA","16799","16795","5935","16795","4758571","4679467","NA","4700271","NA","4653283","4738720","NA","4752393","4750666","4750659","4794910","4794905","4653281","4795618","5934","4394263","4633371","4632251","4632803","NA","4303492","4635933","26086","NA","NA","4634265","4637293","116646","NA","116649","NA","127550","238523","4630103","238513","4751522","4699402","4630126","4630796","4636187","4636186","4630104","4758571","4636478","4636478","4795658","NA","4758571","5935","4750666","4752297","4752264","7993","4738720","NA","NA","7994","4636464","4393755","4632757","5935","NA","5935","4653281","4653281","4738720","16795","4637307","5935","NA","NA","NA","8005","4794910","4631064","4627017","4631640","4632251","4632757","4633509","4634013","4634634","4635518","4626241","Norway Session 6","26","31449","27","0","0","yes","143","","1024","avsnitt","Harry","","","320","wetted","355","fi","250","jewall","315","and","250","fi","250","jestreet","425","too.","285","",""
"NA","NA","96.42857142857143","96.42857142857143","1157.1785714285713","1157.1785714285713","#242424","xpyriment","legacy","legacy","0","uniform","1","undefined","1","1","0","undefined","undefined","1","j","undefined","0","0","0","0","0","0","0","0","0","0","0","NA","0","0","0","1","NA","0","11","11","27","27","0","39","0","431","431","431","431","NA","7","1151","8","0","0","3023","0","0","0","0","0","0","0","431","0","11","11","431","431","431","431","431","3","431","431","472","0","0","0","11","1","11","0","0","3","0","0","431","431","431","0","0","0","0","0","0","0","0","0","NA","NA","0","0","27","431","143","431","431","431","431","431","431","431","143","undefined","256","332","Thu Oct  3 17:47:30 2024","760","The main experiment item","yes","active","Norway_Session_6.osexp","1","C:\Users\Tromso\Desktop\LESS\Session 6","no","no","mono","no","18","no","white","no","Click to confirm or to begin from default part if nothing selected","1492","yes","masculine","active","differential object marking","2","article location violation","103","768","legacy","Mini-English","5","List 1: grammatical, DOM violation, article location violation","27","431","C:/Users/Tromso/Desktop/LESS/Session 6/subject-9.csv","1.2.3","xpyriment","","part of the study","singular","Lentiform Loewenfeld","3.3.14","0","j","NA","space","NA","space","NA","space","NA","space","j","j","NA","space","c","NA","space","NA","space","3","952","NA","9282","NA","38447","NA","26179","NA","6125","853","952","NA","38715","4627161","NA","10897","NA","110933","268","NA","8789","NA","space","2","legacy","Harry wetted fi jewall and fi jestreet too.","143","Session 6","NA","Gender assignment task","2024-10-03 17:47","1024","2","48000","-16","Session6","Norway","9","odd","word4","42","main","no","NA","109138","NA","26086","NA","16799","16795","5935","16795","4758571","4679467","NA","4700271","NA","4653283","4738720","NA","4752393","4750666","4750659","4795823","4795819","4653281","4796778","5934","4394263","4633371","4632251","4632803","NA","4303492","4635933","26086","NA","NA","4634265","4637293","116646","NA","116649","NA","127550","238523","4630103","238513","4751522","4699402","4630126","4630796","4636187","4636186","4630104","4758571","4636478","4636478","4796818","NA","4758571","5935","4750666","4752297","4752264","7993","4738720","NA","NA","7994","4636464","4393755","4632757","5935","NA","5935","4653281","4653281","4738720","16795","4637307","5935","NA","NA","NA","8005","4795823","4631064","4627017","4631640","4632251","4632757","4633509","4634013","4634634","4635518","4626241","Norway Session 6","27","32401","28","0","0","yes","143","","1024","kjele","Harry","","","320","wetted","355","fi","250","jewall","315","and","250","fi","250","jestreet","425","too.","285","",""
"NA","NA","96.55172413793103","96.55172413793103","1161.6896551724137","1161.6896551724137","#242424","xpyriment","legacy","legacy","0","uniform","1","undefined","1","1","0","undefined","undefined","1","j","undefined","0","0","0","0","0","0","0","0","0","0","0","NA","0","0","0","1","NA","0","11","11","28","28","0","40","0","431","431","431","431","NA","7","1151","8","0","0","3023","0","0","0","0","0","0","0","431","0","11","11","431","431","431","431","431","3","431","431","473","0","0","0","11","1","11","0","0","3","0","0","431","431","431","0","0","0","0","0","0","0","0","0","NA","NA","0","0","28","431","143","431","431","431","431","431","431","431","143","undefined","256","332","Thu Oct  3 17:47:30 2024","760","The main experiment item","yes","active","Norway_Session_6.osexp","1","C:\Users\Tromso\Desktop\LESS\Session 6","no","no","mono","no","18","no","white","no","Click to confirm or to begin from default part if nothing selected","8036","yes","masculine","active","differential object marking","2","article location violation","103","768","legacy","Mini-English","7","List 1: grammatical, DOM violation, article location violation","28","431","C:/Users/Tromso/Desktop/LESS/Session 6/subject-9.csv","1.2.3","xpyriment","","filler: not part of the study","singular","Lentiform Loewenfeld","3.3.14","0","j","NA","space","NA","space","NA","space","NA","space","j","j","NA","space","c","NA","space","NA","space","3","1288","NA","9282","NA","38447","NA","26179","NA","6125","853","1288","NA","38715","4627161","NA","10897","NA","110933","268","NA","8789","NA","space","2","legacy","Harry wetted fi jewall and fi jestreet too.","143","Session 6","NA","Gender assignment task","2024-10-03 17:47","1024","2","48000","-16","Session6","Norway","9","odd","word4","42","main","no","NA","109138","NA","26086","NA","16799","16795","5935","16795","4758571","4679467","NA","4700271","NA","4653283","4738720","NA","4752393","4750666","4750659","4796983","4796977","4653281","4798275","5934","4394263","4633371","4632251","4632803","NA","4303492","4635933","26086","NA","NA","4634265","4637293","116646","NA","116649","NA","127550","238523","4630103","238513","4751522","4699402","4630126","4630796","4636187","4636186","4630104","4758571","4636478","4636478","4798315","NA","4758571","5935","4750666","4752297","4752264","7993","4738720","NA","NA","7994","4636464","4393755","4632757","5935","NA","5935","4653281","4653281","4738720","16795","4637307","5935","NA","NA","NA","8005","4796983","4631064","4627017","4631640","4632251","4632757","4633509","4634013","4634634","4635518","4626241","Norway Session 6","28","33689","29","0","0","yes","143","","1024","instans","Harry","","","320","wetted","355","fi","250","jewall","315","and","250","fi","250","jestreet","425","too.","285","",""
"NA","NA","96.66666666666667","96.66666666666667","1171.5","1171.5","#242424","xpyriment","legacy","legacy","0","uniform","1","undefined","1","1","0","undefined","undefined","1","f","undefined","0","0","0","0","0","0","0","0","0","0","0","NA","0","0","0","1","NA","0","11","11","29","29","0","41","0","431","431","431","431","NA","7","1151","8","0","0","3023","0","0","0","0","0","0","0","431","0","11","11","431","431","431","431","431","3","431","431","474","0","0","0","11","1","11","0","0","3","0","0","431","431","431","0","0","0","0","0","0","0","0","0","NA","NA","0","0","29","431","143","431","431","431","431","431","431","431","143","undefined","256","332","Thu Oct  3 17:47:30 2024","760","The main experiment item","yes","active","Norway_Session_6.osexp","1","C:\Users\Tromso\Desktop\LESS\Session 6","no","no","mono","no","18","no","white","no","Click to confirm or to begin from default part if nothing selected","22357","yes","neuter","active","differential object marking","2","article location violation","103","768","legacy","Mini-English","5","List 1: grammatical, DOM violation, article location violation","29","431","C:/Users/Tromso/Desktop/LESS/Session 6/subject-9.csv","1.2.3","xpyriment","","filler: not part of the study","singular","Lentiform Loewenfeld","3.3.14","0","f","NA","space","NA","space","NA","space","NA","space","j","f","NA","space","c","NA","space","NA","space","3","1456","NA","9282","NA","38447","NA","26179","NA","6125","853","1456","NA","38715","4627161","NA","10897","NA","110933","268","NA","8789","NA","space","2","legacy","Harry wetted fi jewall and fi jestreet too.","143","Session 6","NA","Gender assignment task","2024-10-03 17:47","1024","2","48000","-16","Session6","Norway","9","odd","word4","42","main","no","NA","109138","NA","26086","NA","16799","16795","5935","16795","4758571","4679467","NA","4700271","NA","4653283","4738720","NA","4752393","4750666","4750659","4798478","4798474","4653281","4799939","5934","4394263","4633371","4632251","4632803","NA","4303492","4635933","26086","NA","NA","4634265","4637293","116646","NA","116649","NA","127550","238523","4630103","238513","4751522","4699402","4630126","4630796","4636187","4636186","4630104","4758571","4636478","4636478","4799979","NA","4758571","5935","4750666","4752297","4752264","7993","4738720","NA","NA","7994","4636464","4393755","4632757","5935","NA","5935","4653281","4653281","4738720","16795","4637307","5935","NA","NA","NA","8005","4798478","4631064","4627017","4631640","4632251","4632757","4633509","4634013","4634634","4635518","4626241","Norway Session 6","29","35145","30","0","0","yes","143","","1024","fiske","Harry","","","320","wetted","355","fi","250","jewall","315","and","250","fi","250","jestreet","425","too.","285","",""
"NA","NA","96.7741935483871","96.7741935483871","1165.741935483871","1165.741935483871","#242424","xpyriment","legacy","legacy","0","uniform","1","undefined","1","1","0","undefined","undefined","1","j","undefined","0","0","0","0","0","0","0","0","0","0","0","NA","0","0","0","1","NA","0","11","11","30","30","0","42","0","431","431","431","431","NA","7","1151","8","0","0","3023","0","0","0","0","0","0","0","431","0","11","11","431","431","431","431","431","3","431","431","475","0","0","0","11","1","11","0","0","3","0","0","431","431","431","0","0","0","0","0","0","0","0","0","NA","NA","0","0","30","431","143","431","431","431","431","431","431","431","143","undefined","256","332","Thu Oct  3 17:47:30 2024","760","The main experiment item","yes","active","Norway_Session_6.osexp","1","C:\Users\Tromso\Desktop\LESS\Session 6","no","no","mono","no","18","no","white","no","Click to confirm or to begin from default part if nothing selected","1821","yes","masculine","active","differential object marking","2","article location violation","103","768","legacy","Mini-English","6","List 1: grammatical, DOM violation, article location violation","30","431","C:/Users/Tromso/Desktop/LESS/Session 6/subject-9.csv","1.2.3","xpyriment","","part of the study","singular","Lentiform Loewenfeld","3.3.14","0","j","NA","space","NA","space","NA","space","NA","space","j","j","NA","space","c","NA","space","NA","space","3","993","NA","9282","NA","38447","NA","26179","NA","6125","853","993","NA","38715","4627161","NA","10897","NA","110933","268","NA","8789","NA","space","2","legacy","Harry wetted fi jewall and fi jestreet too.","143","Session 6","NA","Gender assignment task","2024-10-03 17:47","1024","2","48000","-16","Session6","Norway","9","odd","word4","42","main","no","NA","109138","NA","26086","NA","16799","16795","5935","16795","4758571","4679467","NA","4700271","NA","4653283","4738720","NA","4752393","4750666","4750659","4800142","4800137","4653281","4801139","5934","4394263","4633371","4632251","4632803","NA","4303492","4635933","26086","NA","NA","4634265","4637293","116646","NA","116649","NA","127550","238523","4630103","238513","4751522","4699402","4630126","4630796","4636187","4636186","4630104","4758571","4636478","4636478","4801179","NA","4758571","5935","4750666","4752297","4752264","7993","4738720","NA","NA","7994","4636464","4393755","4632757","5935","NA","5935","4653281","4653281","4738720","16795","4637307","5935","NA","NA","NA","8005","4800142","4631064","4627017","4631640","4632251","4632757","4633509","4634013","4634634","4635518","4626241","Norway Session 6","30","36138","31","0","0","yes","143","","1024","blyant","Harry","","","320","wetted","355","fi","250","jewall","315","and","250","fi","250","jestreet","425","too.","285","",""
"NA","NA","96.875","96.875","1200.96875","1200.96875","#242424","xpyriment","legacy","legacy","0","uniform","1","undefined","1","1","0","undefined","undefined","1","j","undefined","0","0","0","0","0","0","0","0","0","0","0","NA","0","0","0","1","NA","0","11","11","31","31","0","43","0","431","431","431","431","NA","7","1151","8","0","0","3023","0","0","0","0","0","0","0","431","0","11","11","431","431","431","431","431","3","431","431","476","0","0","0","11","1","11","0","0","3","0","0","431","431","431","0","0","0","0","0","0","0","0","0","NA","NA","0","0","31","431","143","431","431","431","431","431","431","431","143","undefined","256","332","Thu Oct  3 17:47:30 2024","760","The main experiment item","yes","active","Norway_Session_6.osexp","1","C:\Users\Tromso\Desktop\LESS\Session 6","no","no","mono","no","18","no","white","no","Click to confirm or to begin from default part if nothing selected","15519","yes","feminine","active","differential object marking","2","article location violation","103","768","legacy","Mini-English","5","List 1: grammatical, DOM violation, article location violation","31","431","C:/Users/Tromso/Desktop/LESS/Session 6/subject-9.csv","1.2.3","xpyriment","","filler: not part of the study","singular","Lentiform Loewenfeld","3.3.14","0","j","NA","space","NA","space","NA","space","NA","space","j","j","NA","space","c","NA","space","NA","space","3","2293","NA","9282","NA","38447","NA","26179","NA","6125","853","2293","NA","38715","4627161","NA","10897","NA","110933","268","NA","8789","NA","space","2","legacy","Harry wetted fi jewall and fi jestreet too.","143","Session 6","NA","Gender assignment task","2024-10-03 17:47","1024","2","48000","-16","Session6","Norway","9","odd","word4","42","main","no","NA","109138","NA","26086","NA","16799","16795","5935","16795","4758571","4679467","NA","4700271","NA","4653283","4738720","NA","4752393","4750666","4750659","4801345","4801341","4653281","4803642","5934","4394263","4633371","4632251","4632803","NA","4303492","4635933","26086","NA","NA","4634265","4637293","116646","NA","116649","NA","127550","238523","4630103","238513","4751522","4699402","4630126","4630796","4636187","4636186","4630104","4758571","4636478","4636478","4803682","NA","4758571","5935","4750666","4752297","4752264","7993","4738720","NA","NA","7994","4636464","4393755","4632757","5935","NA","5935","4653281","4653281","4738720","16795","4637307","5935","NA","NA","NA","8005","4801345","4631064","4627017","4631640","4632251","4632757","4633509","4634013","4634634","4635518","4626241","Norway Session 6","31","38431","32","0","0","yes","143","","1024","klare","Harry","","","320","wetted","355","fi","250","jewall","315","and","250","fi","250","jestreet","425","too.","285","",""
"NA","NA","96.96969696969697","96.96969696969697","1187.6666666666667","1187.6666666666667","#242424","xpyriment","legacy","legacy","0","uniform","1","undefined","1","1","0","undefined","undefined","1","f","undefined","0","0","0","0","0","0","0","0","0","0","0","NA","0","0","0","1","NA","0","11","11","32","32","0","44","0","431","431","431","431","NA","7","1151","8","0","0","3023","0","0","0","0","0","0","0","431","0","11","11","431","431","431","431","431","3","431","431","477","0","0","0","11","1","11","0","0","3","0","0","431","431","431","0","0","0","0","0","0","0","0","0","NA","NA","0","0","32","431","143","431","431","431","431","431","431","431","143","undefined","256","332","Thu Oct  3 17:47:30 2024","760","The main experiment item","yes","active","Norway_Session_6.osexp","1","C:\Users\Tromso\Desktop\LESS\Session 6","no","no","mono","no","18","no","white","no","Click to confirm or to begin from default part if nothing selected","6077","yes","neuter","active","differential object marking","2","article location violation","103","768","legacy","Mini-English","7","List 1: grammatical, DOM violation, article location violation","32","431","C:/Users/Tromso/Desktop/LESS/Session 6/subject-9.csv","1.2.3","xpyriment","","filler: not part of the study","singular","Lentiform Loewenfeld","3.3.14","0","f","NA","space","NA","space","NA","space","NA","space","j","f","NA","space","c","NA","space","NA","space","3","762","NA","9282","NA","38447","NA","26179","NA","6125","853","762","NA","38715","4627161","NA","10897","NA","110933","268","NA","8789","NA","space","2","legacy","Harry wetted fi jewall and fi jestreet too.","143","Session 6","NA","Gender assignment task","2024-10-03 17:47","1024","2","48000","-16","Session6","Norway","9","odd","word4","42","main","no","NA","109138","NA","26086","NA","16799","16795","5935","16795","4758571","4679467","NA","4700271","NA","4653283","4738720","NA","4752393","4750666","4750659","4803845","4803841","4653281","4804610","5934","4394263","4633371","4632251","4632803","NA","4303492","4635933","26086","NA","NA","4634265","4637293","116646","NA","116649","NA","127550","238523","4630103","238513","4751522","4699402","4630126","4630796","4636187","4636186","4630104","4758571","4636478","4636478","4804650","NA","4758571","5935","4750666","4752297","4752264","7993","4738720","NA","NA","7994","4636464","4393755","4632757","5935","NA","5935","4653281","4653281","4738720","16795","4637307","5935","NA","NA","NA","8005","4803845","4631064","4627017","4631640","4632251","4632757","4633509","4634013","4634634","4635518","4626241","Norway Session 6","32","39193","33","0","0","yes","143","","1024","forfall","Harry","","","320","wetted","355","fi","250","jewall","315","and","250","fi","250","jestreet","425","too.","285","",""
"NA","NA","97.05882352941177","97.05882352941177","1192.1764705882354","1192.1764705882354","#242424","xpyriment","legacy","legacy","0","uniform","1","undefined","1","1","0","undefined","undefined","1","j","undefined","0","0","0","0","0","0","0","0","0","0","0","NA","0","0","0","1","NA","0","11","11","33","33","0","45","0","431","431","431","431","NA","7","1151","8","0","0","3023","0","0","0","0","0","0","0","431","0","11","11","431","431","431","431","431","3","431","431","478","0","0","0","11","1","11","0","0","3","0","0","431","431","431","0","0","0","0","0","0","0","0","0","NA","NA","0","0","33","431","143","431","431","431","431","431","431","431","143","undefined","256","332","Thu Oct  3 17:47:30 2024","760","The main experiment item","yes","active","Norway_Session_6.osexp","1","C:\Users\Tromso\Desktop\LESS\Session 6","no","no","mono","no","18","no","white","no","Click to confirm or to begin from default part if nothing selected","9498","yes","masculine","active","differential object marking","2","article location violation","103","768","legacy","Mini-English","5","List 1: grammatical, DOM violation, article location violation","33","431","C:/Users/Tromso/Desktop/LESS/Session 6/subject-9.csv","1.2.3","xpyriment","","filler: not part of the study","singular","Lentiform Loewenfeld","3.3.14","0","j","NA","space","NA","space","NA","space","NA","space","j","j","NA","space","c","NA","space","NA","space","3","1341","NA","9282","NA","38447","NA","26179","NA","6125","853","1341","NA","38715","4627161","NA","10897","NA","110933","268","NA","8789","NA","space","2","legacy","Harry wetted fi jewall and fi jestreet too.","143","Session 6","NA","Gender assignment task","2024-10-03 17:47","1024","2","48000","-16","Session6","Norway","9","odd","word4","42","main","no","NA","109138","NA","26086","NA","16799","16795","5935","16795","4758571","4679467","NA","4700271","NA","4653283","4738720","NA","4752393","4750666","4750659","4804818","4804812","4653281","4806163","5934","4394263","4633371","4632251","4632803","NA","4303492","4635933","26086","NA","NA","4634265","4637293","116646","NA","116649","NA","127550","238523","4630103","238513","4751522","4699402","4630126","4630796","4636187","4636186","4630104","4758571","4636478","4636478","4806203","NA","4758571","5935","4750666","4752297","4752264","7993","4738720","NA","NA","7994","4636464","4393755","4632757","5935","NA","5935","4653281","4653281","4738720","16795","4637307","5935","NA","NA","NA","8005","4804818","4631064","4627017","4631640","4632251","4632757","4633509","4634013","4634634","4635518","4626241","Norway Session 6","33","40534","34","0","0","yes","143","","1024","hobby","Harry","","","320","wetted","355","fi","250","jewall","315","and","250","fi","250","jestreet","425","too.","285","",""
"NA","NA","97.14285714285714","97.14285714285714","1182.8","1182.8","#242424","xpyriment","legacy","legacy","0","uniform","1","undefined","1","1","0","undefined","undefined","1","j","undefined","0","0","0","0","0","0","0","0","0","0","0","NA","0","0","0","1","NA","0","11","11","34","34","0","46","0","431","431","431","431","NA","7","1151","8","0","0","3023","0","0","0","0","0","0","0","431","0","11","11","431","431","431","431","431","3","431","431","479","0","0","0","11","1","11","0","0","3","0","0","431","431","431","0","0","0","0","0","0","0","0","0","NA","NA","0","0","34","431","143","431","431","431","431","431","431","431","143","undefined","256","332","Thu Oct  3 17:47:30 2024","760","The main experiment item","yes","active","Norway_Session_6.osexp","1","C:\Users\Tromso\Desktop\LESS\Session 6","no","no","mono","no","18","no","white","no","Click to confirm or to begin from default part if nothing selected","38390","yes","masculine","active","differential object marking","2","article location violation","103","768","legacy","Mini-English","4","List 1: grammatical, DOM violation, article location violation","34","431","C:/Users/Tromso/Desktop/LESS/Session 6/subject-9.csv","1.2.3","xpyriment","","part of the study","singular","Lentiform Loewenfeld","3.3.14","0","j","NA","space","NA","space","NA","space","NA","space","j","j","NA","space","c","NA","space","NA","space","3","864","NA","9282","NA","38447","NA","26179","NA","6125","853","864","NA","38715","4627161","NA","10897","NA","110933","268","NA","8789","NA","space","2","legacy","Harry wetted fi jewall and fi jestreet too.","143","Session 6","NA","Gender assignment task","2024-10-03 17:47","1024","2","48000","-16","Session6","Norway","9","odd","word4","42","main","no","NA","109138","NA","26086","NA","16799","16795","5935","16795","4758571","4679467","NA","4700271","NA","4653283","4738720","NA","4752393","4750666","4750659","4806367","4806361","4653281","4807235","5934","4394263","4633371","4632251","4632803","NA","4303492","4635933","26086","NA","NA","4634265","4637293","116646","NA","116649","NA","127550","238523","4630103","238513","4751522","4699402","4630126","4630796","4636187","4636186","4630104","4758571","4636478","4636478","4807276","NA","4758571","5935","4750666","4752297","4752264","7993","4738720","NA","NA","7994","4636464","4393755","4632757","5935","NA","5935","4653281","4653281","4738720","16795","4637307","5935","NA","NA","NA","8005","4806367","4631064","4627017","4631640","4632251","4632757","4633509","4634013","4634634","4635518","4626241","Norway Session 6","34","41398","35","0","0","yes","143","","1024","vegg","Harry","","","320","wetted","355","fi","250","jewall","315","and","250","fi","250","jestreet","425","too.","285","",""
"NA","NA","97.22222222222223","97.22222222222223","1173.2222222222222","1173.2222222222222","#242424","xpyriment","legacy","legacy","0","uniform","1","undefined","1","1","0","undefined","undefined","1","f","undefined","0","0","0","0","0","0","0","0","0","0","0","NA","0","0","0","1","NA","0","11","11","35","35","0","47","0","431","431","431","431","NA","7","1151","8","0","0","3023","0","0","0","0","0","0","0","431","0","11","11","431","431","431","431","431","3","431","431","480","0","0","0","11","1","11","0","0","3","0","0","431","431","431","0","0","0","0","0","0","0","0","0","NA","NA","0","0","35","431","143","431","431","431","431","431","431","431","143","undefined","256","332","Thu Oct  3 17:47:30 2024","760","The main experiment item","yes","active","Norway_Session_6.osexp","1","C:\Users\Tromso\Desktop\LESS\Session 6","no","no","mono","no","18","no","white","no","Click to confirm or to begin from default part if nothing selected","15474","yes","neuter","active","differential object marking","2","article location violation","103","768","legacy","Mini-English","6","List 1: grammatical, DOM violation, article location violation","35","431","C:/Users/Tromso/Desktop/LESS/Session 6/subject-9.csv","1.2.3","xpyriment","","filler: not part of the study","singular","Lentiform Loewenfeld","3.3.14","0","f","NA","space","NA","space","NA","space","NA","space","j","f","NA","space","c","NA","space","NA","space","3","838","NA","9282","NA","38447","NA","26179","NA","6125","853","838","NA","38715","4627161","NA","10897","NA","110933","268","NA","8789","NA","space","2","legacy","Harry wetted fi jewall and fi jestreet too.","143","Session 6","NA","Gender assignment task","2024-10-03 17:47","1024","2","48000","-16","Session6","Norway","9","odd","word4","42","main","no","NA","109138","NA","26086","NA","16799","16795","5935","16795","4758571","4679467","NA","4700271","NA","4653283","4738720","NA","4752393","4750666","4750659","4807441","4807436","4653281","4808283","5934","4394263","4633371","4632251","4632803","NA","4303492","4635933","26086","NA","NA","4634265","4637293","116646","NA","116649","NA","127550","238523","4630103","238513","4751522","4699402","4630126","4630796","4636187","4636186","4630104","4758571","4636478","4636478","4808323","NA","4758571","5935","4750666","4752297","4752264","7993","4738720","NA","NA","7994","4636464","4393755","4632757","5935","NA","5935","4653281","4653281","4738720","16795","4637307","5935","NA","NA","NA","8005","4807441","4631064","4627017","4631640","4632251","4632757","4633509","4634013","4634634","4635518","4626241","Norway Session 6","35","42236","36","0","0","yes","143","","1024","tilsyn","Harry","","","320","wetted","355","fi","250","jewall","315","and","250","fi","250","jestreet","425","too.","285","",""
"NA","NA","97.29729729729729","97.29729729729729","1183.4324324324325","1183.4324324324325","#242424","xpyriment","legacy","legacy","0","uniform","1","undefined","1","1","0","undefined","undefined","1","j","undefined","0","0","0","0","0","0","0","0","0","0","0","NA","0","0","0","1","NA","0","11","11","36","36","0","48","0","431","431","431","431","NA","7","1151","8","0","0","3023","0","0","0","0","0","0","0","431","0","11","11","431","431","431","431","431","3","431","431","481","0","0","0","11","1","11","0","0","3","0","0","431","431","431","0","0","0","0","0","0","0","0","0","NA","NA","0","0","36","431","143","431","431","431","431","431","431","431","143","undefined","256","332","Thu Oct  3 17:47:30 2024","760","The main experiment item","yes","active","Norway_Session_6.osexp","1","C:\Users\Tromso\Desktop\LESS\Session 6","no","no","mono","no","18","no","white","no","Click to confirm or to begin from default part if nothing selected","7765","yes","feminine","active","differential object marking","2","article location violation","103","768","legacy","Mini-English","5","List 1: grammatical, DOM violation, article location violation","36","431","C:/Users/Tromso/Desktop/LESS/Session 6/subject-9.csv","1.2.3","xpyriment","","filler: not part of the study","singular","Lentiform Loewenfeld","3.3.14","0","j","NA","space","NA","space","NA","space","NA","space","j","j","NA","space","c","NA","space","NA","space","3","1551","NA","9282","NA","38447","NA","26179","NA","6125","853","1551","NA","38715","4627161","NA","10897","NA","110933","268","NA","8789","NA","space","2","legacy","Harry wetted fi jewall and fi jestreet too.","143","Session 6","NA","Gender assignment task","2024-10-03 17:47","1024","2","48000","-16","Session6","Norway","9","odd","word4","42","main","no","NA","109138","NA","26086","NA","16799","16795","5935","16795","4758571","4679467","NA","4700271","NA","4653283","4738720","NA","4752393","4750666","4750659","4808488","4808483","4653281","4810043","5934","4394263","4633371","4632251","4632803","NA","4303492","4635933","26086","NA","NA","4634265","4637293","116646","NA","116649","NA","127550","238523","4630103","238513","4751522","4699402","4630126","4630796","4636187","4636186","4630104","4758571","4636478","4636478","4810083","NA","4758571","5935","4750666","4752297","4752264","7993","4738720","NA","NA","7994","4636464","4393755","4632757","5935","NA","5935","4653281","4653281","4738720","16795","4637307","5935","NA","NA","NA","8005","4808488","4631064","4627017","4631640","4632251","4632757","4633509","4634013","4634634","4635518","4626241","Norway Session 6","36","43787","37","0","0","yes","143","","1024","being","Harry","","","320","wetted","355","fi","250","jewall","315","and","250","fi","250","jestreet","425","too.","285","",""
"NA","NA","97.36842105263158","97.36842105263158","1175.2631578947369","1175.2631578947369","#242424","xpyriment","legacy","legacy","0","uniform","1","undefined","1","1","0","undefined","undefined","1","f","undefined","0","0","0","0","0","0","0","0","0","0","0","NA","0","0","0","1","NA","0","11","11","37","37","0","49","0","431","431","431","431","NA","7","1151","8","0","0","3023","0","0","0","0","0","0","0","431","0","11","11","431","431","431","431","431","3","431","431","482","0","0","0","11","1","11","0","0","3","0","0","431","431","431","0","0","0","0","0","0","0","0","0","NA","NA","0","0","37","431","143","431","431","431","431","431","431","431","143","undefined","256","332","Thu Oct  3 17:47:30 2024","760","The main experiment item","yes","active","Norway_Session_6.osexp","1","C:\Users\Tromso\Desktop\LESS\Session 6","no","no","mono","no","18","no","white","no","Click to confirm or to begin from default part if nothing selected","6164","yes","neuter","active","differential object marking","2","article location violation","103","768","legacy","Mini-English","7","List 1: grammatical, DOM violation, article location violation","37","431","C:/Users/Tromso/Desktop/LESS/Session 6/subject-9.csv","1.2.3","xpyriment","","filler: not part of the study","singular","Lentiform Loewenfeld","3.3.14","0","f","NA","space","NA","space","NA","space","NA","space","j","f","NA","space","c","NA","space","NA","space","3","873","NA","9282","NA","38447","NA","26179","NA","6125","853","873","NA","38715","4627161","NA","10897","NA","110933","268","NA","8789","NA","space","2","legacy","Harry wetted fi jewall and fi jestreet too.","143","Session 6","NA","Gender assignment task","2024-10-03 17:47","1024","2","48000","-16","Session6","Norway","9","odd","word4","42","main","no","NA","109138","NA","26086","NA","16799","16795","5935","16795","4758571","4679467","NA","4700271","NA","4653283","4738720","NA","4752393","4750666","4750659","4810262","4810257","4653281","4811138","5934","4394263","4633371","4632251","4632803","NA","4303492","4635933","26086","NA","NA","4634265","4637293","116646","NA","116649","NA","127550","238523","4630103","238513","4751522","4699402","4630126","4630796","4636187","4636186","4630104","4758571","4636478","4636478","4811178","NA","4758571","5935","4750666","4752297","4752264","7993","4738720","NA","NA","7994","4636464","4393755","4632757","5935","NA","5935","4653281","4653281","4738720","16795","4637307","5935","NA","NA","NA","8005","4810262","4631064","4627017","4631640","4632251","4632757","4633509","4634013","4634634","4635518","4626241","Norway Session 6","37","44660","38","0","0","yes","143","","1024","utested","Harry","","","320","wetted","355","fi","250","jewall","315","and","250","fi","250","jestreet","425","too.","285","",""
"NA","NA","97.43589743589743","97.43589743589743","1196.4358974358975","1196.4358974358975","#242424","xpyriment","legacy","legacy","0","uniform","1","undefined","1","1","0","undefined","undefined","1","j","undefined","0","0","0","0","0","0","0","0","0","0","0","NA","0","0","0","1","NA","0","11","11","38","38","0","50","0","431","431","431","431","NA","7","1151","8","0","0","3023","0","0","0","0","0","0","0","431","0","11","11","431","431","431","431","431","3","431","431","483","0","0","0","11","1","11","0","0","3","0","0","431","431","431","0","0","0","0","0","0","0","0","0","NA","NA","0","0","38","431","143","431","431","431","431","431","431","431","143","undefined","256","332","Thu Oct  3 17:47:30 2024","760","The main experiment item","yes","active","Norway_Session_6.osexp","1","C:\Users\Tromso\Desktop\LESS\Session 6","no","no","mono","no","18","no","white","no","Click to confirm or to begin from default part if nothing selected","4702","yes","feminine","active","differential object marking","2","article location violation","103","768","legacy","Mini-English","6","List 1: grammatical, DOM violation, article location violation","38","431","C:/Users/Tromso/Desktop/LESS/Session 6/subject-9.csv","1.2.3","xpyriment","","part of the study","singular","Lentiform Loewenfeld","3.3.14","0","j","NA","space","NA","space","NA","space","NA","space","j","j","NA","space","c","NA","space","NA","space","3","2001","NA","9282","NA","38447","NA","26179","NA","6125","853","2001","NA","38715","4627161","NA","10897","NA","110933","268","NA","8789","NA","space","2","legacy","Harry wetted fi jewall and fi jestreet too.","143","Session 6","NA","Gender assignment task","2024-10-03 17:47","1024","2","48000","-16","Session6","Norway","9","odd","word4","42","main","no","NA","109138","NA","26086","NA","16799","16795","5935","16795","4758571","4679467","NA","4700271","NA","4653283","4738720","NA","4752393","4750666","4750659","4811358","4811353","4653281","4813362","5934","4394263","4633371","4632251","4632803","NA","4303492","4635933","26086","NA","NA","4634265","4637293","116646","NA","116649","NA","127550","238523","4630103","238513","4751522","4699402","4630126","4630796","4636187","4636186","4630104","4758571","4636478","4636478","4813402","NA","4758571","5935","4750666","4752297","4752264","7993","4738720","NA","NA","7994","4636464","4393755","4632757","5935","NA","5935","4653281","4653281","4738720","16795","4637307","5935","NA","NA","NA","8005","4811357","4631064","4627017","4631640","4632251","4632757","4633509","4634013","4634634","4635518","4626241","Norway Session 6","38","46661","39","0","0","yes","143","","1024","tromme","Harry","","","320","wetted","355","fi","250","jewall","315","and","250","fi","250","jestreet","425","too.","285","",""
"NA","NA","97.5","97.5","1190.4","1190.4","#242424","xpyriment","legacy","legacy","0","uniform","1","undefined","1","1","0","undefined","undefined","1","j","undefined","0","0","0","0","0","0","0","0","0","0","0","NA","0","0","0","1","NA","0","11","11","39","39","0","51","0","431","431","431","431","NA","7","1151","8","0","0","3023","0","0","0","0","0","0","0","431","0","11","11","431","431","431","431","431","3","431","431","484","0","0","0","11","1","11","0","0","3","0","0","431","431","431","0","0","0","0","0","0","0","0","0","NA","NA","0","0","39","431","143","431","431","431","431","431","431","431","143","undefined","256","332","Thu Oct  3 17:47:30 2024","760","The main experiment item","yes","active","Norway_Session_6.osexp","1","C:\Users\Tromso\Desktop\LESS\Session 6","no","no","mono","no","18","no","white","no","Click to confirm or to begin from default part if nothing selected","7221","yes","masculine","active","differential object marking","2","article location violation","103","768","legacy","Mini-English","5","List 1: grammatical, DOM violation, article location violation","39","431","C:/Users/Tromso/Desktop/LESS/Session 6/subject-9.csv","1.2.3","xpyriment","","filler: not part of the study","singular","Lentiform Loewenfeld","3.3.14","0","j","NA","space","NA","space","NA","space","NA","space","j","j","NA","space","c","NA","space","NA","space","3","955","NA","9282","NA","38447","NA","26179","NA","6125","853","955","NA","38715","4627161","NA","10897","NA","110933","268","NA","8789","NA","space","2","legacy","Harry wetted fi jewall and fi jestreet too.","143","Session 6","NA","Gender assignment task","2024-10-03 17:47","1024","2","48000","-16","Session6","Norway","9","odd","word4","42","main","no","NA","109138","NA","26086","NA","16799","16795","5935","16795","4758571","4679467","NA","4700271","NA","4653283","4738720","NA","4752393","4750666","4750659","4813564","4813560","4653281","4814523","5934","4394263","4633371","4632251","4632803","NA","4303492","4635933","26086","NA","NA","4634265","4637293","116646","NA","116649","NA","127550","238523","4630103","238513","4751522","4699402","4630126","4630796","4636187","4636186","4630104","4758571","4636478","4636478","4814563","NA","4758571","5935","4750666","4752297","4752264","7993","4738720","NA","NA","7994","4636464","4393755","4632757","5935","NA","5935","4653281","4653281","4738720","16795","4637307","5935","NA","NA","NA","8005","4813564","4631064","4627017","4631640","4632251","4632757","4633509","4634013","4634634","4635518","4626241","Norway Session 6","39","47616","40","0","0","yes","143","","1024","diett","Harry","","","320","wetted","355","fi","250","jewall","315","and","250","fi","250","jestreet","425","too.","285","",""
"NA","NA","97.5609756097561","97.5609756097561","1215.5853658536585","1215.5853658536585","#242424","xpyriment","legacy","legacy","0","uniform","1","undefined","1","1","0","undefined","undefined","1","j","undefined","0","0","0","0","0","0","0","0","0","0","0","NA","0","0","0","1","NA","0","11","11","40","40","0","52","0","431","431","431","431","NA","7","1151","8","0","0","3023","0","0","0","0","0","0","0","431","0","11","11","431","431","431","431","431","3","431","431","485","0","0","0","11","1","11","0","0","3","0","0","431","431","431","0","0","0","0","0","0","0","0","0","NA","NA","0","0","40","431","143","431","431","431","431","431","431","431","143","undefined","256","332","Thu Oct  3 17:47:30 2024","760","The main experiment item","yes","active","Norway_Session_6.osexp","1","C:\Users\Tromso\Desktop\LESS\Session 6","no","no","mono","no","18","no","white","no","Click to confirm or to begin from default part if nothing selected","9691","yes","feminine","active","differential object marking","2","article location violation","103","768","legacy","Mini-English","7","List 1: grammatical, DOM violation, article location violation","40","431","C:/Users/Tromso/Desktop/LESS/Session 6/subject-9.csv","1.2.3","xpyriment","","filler: not part of the study","singular","Lentiform Loewenfeld","3.3.14","0","j","NA","space","NA","space","NA","space","NA","space","j","j","NA","space","c","NA","space","NA","space","3","2223","NA","9282","NA","38447","NA","26179","NA","6125","853","2223","NA","38715","4627161","NA","10897","NA","110933","268","NA","8789","NA","space","2","legacy","Harry wetted fi jewall and fi jestreet too.","143","Session 6","NA","Gender assignment task","2024-10-03 17:47","1024","2","48000","-16","Session6","Norway","9","odd","word4","42","main","no","NA","109138","NA","26086","NA","16799","16795","5935","16795","4758571","4679467","NA","4700271","NA","4653283","4738720","NA","4752393","4750666","4750659","4814728","4814723","4653281","4816955","5934","4394263","4633371","4632251","4632803","NA","4303492","4635933","26086","NA","NA","4634265","4637293","116646","NA","116649","NA","127550","238523","4630103","238513","4751522","4699402","4630126","4630796","4636187","4636186","4630104","4758571","4636478","4636478","4816995","NA","4758571","5935","4750666","4752297","4752264","7993","4738720","NA","NA","7994","4636464","4393755","4632757","5935","NA","5935","4653281","4653281","4738720","16795","4637307","5935","NA","NA","NA","8005","4814728","4631064","4627017","4631640","4632251","4632757","4633509","4634013","4634634","4635518","4626241","Norway Session 6","40","49839","41","0","0","yes","143","","1024","peiling","Harry","","","320","wetted","355","fi","250","jewall","315","and","250","fi","250","jestreet","425","too.","285","",""
"NA","NA","97.61904761904762","97.61904761904762","1202.0238095238096","1202.0238095238096","#242424","xpyriment","legacy","legacy","0","uniform","1","undefined","1","1","0","undefined","undefined","1","f","undefined","0","0","0","0","0","0","0","0","0","0","0","NA","0","0","0","1","NA","0","11","11","41","41","0","53","0","431","431","431","431","NA","7","1151","8","0","0","3023","0","0","0","0","0","0","0","431","0","11","11","431","431","431","431","431","3","431","431","486","0","0","0","11","1","11","0","0","3","0","0","431","431","431","0","0","0","0","0","0","0","0","0","NA","NA","0","0","41","431","143","431","431","431","431","431","431","431","143","undefined","256","332","Thu Oct  3 17:47:30 2024","760","The main experiment item","yes","active","Norway_Session_6.osexp","1","C:\Users\Tromso\Desktop\LESS\Session 6","no","no","mono","no","18","no","white","no","Click to confirm or to begin from default part if nothing selected","8597","yes","neuter","active","differential object marking","2","article location violation","103","768","legacy","Mini-English","7","List 1: grammatical, DOM violation, article location violation","41","431","C:/Users/Tromso/Desktop/LESS/Session 6/subject-9.csv","1.2.3","xpyriment","","filler: not part of the study","singular","Lentiform Loewenfeld","3.3.14","0","f","NA","space","NA","space","NA","space","NA","space","j","f","NA","space","c","NA","space","NA","space","3","646","NA","9282","NA","38447","NA","26179","NA","6125","853","646","NA","38715","4627161","NA","10897","NA","110933","268","NA","8789","NA","space","2","legacy","Harry wetted fi jewall and fi jestreet too.","143","Session 6","NA","Gender assignment task","2024-10-03 17:47","1024","2","48000","-16","Session6","Norway","9","odd","word4","42","main","no","NA","109138","NA","26086","NA","16799","16795","5935","16795","4758571","4679467","NA","4700271","NA","4653283","4738720","NA","4752393","4750666","4750659","4817160","4817155","4653281","4817810","5934","4394263","4633371","4632251","4632803","NA","4303492","4635933","26086","NA","NA","4634265","4637293","116646","NA","116649","NA","127550","238523","4630103","238513","4751522","4699402","4630126","4630796","4636187","4636186","4630104","4758571","4636478","4636478","4817850","NA","4758571","5935","4750666","4752297","4752264","7993","4738720","NA","NA","7994","4636464","4393755","4632757","5935","NA","5935","4653281","4653281","4738720","16795","4637307","5935","NA","NA","NA","8005","4817160","4631064","4627017","4631640","4632251","4632757","4633509","4634013","4634634","4635518","4626241","Norway Session 6","41","50485","42","0","0","yes","143","","1024","apparat","Harry","","","320","wetted","355","fi","250","jewall","315","and","250","fi","250","jestreet","425","too.","285","",""
"NA","NA","97.67441860465117","97.67441860465117","1190.5116279069769","1190.5116279069769","#242424","xpyriment","legacy","legacy","0","uniform","1","undefined","1","1","0","undefined","undefined","1","f","undefined","0","0","0","0","0","0","0","0","0","0","0","NA","0","0","0","1","NA","0","11","11","42","42","0","54","0","431","431","431","431","NA","7","1151","8","0","0","3023","0","0","0","0","0","0","0","431","0","11","11","431","431","431","431","431","3","431","431","487","0","0","0","11","1","11","0","0","3","0","0","431","431","431","0","0","0","0","0","0","0","0","0","NA","NA","0","0","42","431","143","431","431","431","431","431","431","431","143","undefined","256","332","Thu Oct  3 17:47:30 2024","760","The main experiment item","yes","active","Norway_Session_6.osexp","1","C:\Users\Tromso\Desktop\LESS\Session 6","no","no","mono","no","18","no","white","no","Click to confirm or to begin from default part if nothing selected","5814","yes","neuter","active","differential object marking","2","article location violation","103","768","legacy","Mini-English","6","List 1: grammatical, DOM violation, article location violation","42","431","C:/Users/Tromso/Desktop/LESS/Session 6/subject-9.csv","1.2.3","xpyriment","","filler: not part of the study","singular","Lentiform Loewenfeld","3.3.14","0","f","NA","space","NA","space","NA","space","NA","space","j","f","NA","space","c","NA","space","NA","space","3","707","NA","9282","NA","38447","NA","26179","NA","6125","853","707","NA","38715","4627161","NA","10897","NA","110933","268","NA","8789","NA","space","2","legacy","Harry wetted fi jewall and fi jestreet too.","143","Session 6","NA","Gender assignment task","2024-10-03 17:47","1024","2","48000","-16","Session6","Norway","9","odd","word4","42","main","no","NA","109138","NA","26086","NA","16799","16795","5935","16795","4758571","4679467","NA","4700271","NA","4653283","4738720","NA","4752393","4750666","4750659","4818012","4818008","4653281","4818723","5934","4394263","4633371","4632251","4632803","NA","4303492","4635933","26086","NA","NA","4634265","4637293","116646","NA","116649","NA","127550","238523","4630103","238513","4751522","4699402","4630126","4630796","4636187","4636186","4630104","4758571","4636478","4636478","4818763","NA","4758571","5935","4750666","4752297","4752264","7993","4738720","NA","NA","7994","4636464","4393755","4632757","5935","NA","5935","4653281","4653281","4738720","16795","4637307","5935","NA","NA","NA","8005","4818012","4631064","4627017","4631640","4632251","4632757","4633509","4634013","4634634","4635518","4626241","Norway Session 6","42","51192","43","0","0","yes","143","","1024","foster","Harry","","","320","wetted","355","fi","250","jewall","315","and","250","fi","250","jestreet","425","too.","285","",""
"NA","NA","95.45454545454545","95.45454545454545","1190.4318181818182","1190.4318181818182","#242424","xpyriment","legacy","legacy","0","uniform","0","undefined","1","0","0","undefined","undefined","1","f","undefined","0","0","0","0","0","0","0","0","0","0","0","NA","0","0","0","1","NA","0","11","11","43","43","0","55","0","431","431","431","431","NA","7","1151","8","0","0","3023","0","0","0","0","0","0","0","431","0","11","11","431","431","431","431","431","3","431","431","488","0","0","0","11","1","11","0","0","3","0","0","431","431","431","0","0","0","0","0","0","0","0","0","NA","NA","0","0","43","431","143","431","431","431","431","431","431","431","143","undefined","256","332","Thu Oct  3 17:47:30 2024","760","The main experiment item","yes","active","Norway_Session_6.osexp","1","C:\Users\Tromso\Desktop\LESS\Session 6","no","no","mono","no","18","no","white","no","Click to confirm or to begin from default part if nothing selected","15365","yes","neuter","active","differential object marking","2","article location violation","103","768","legacy","Mini-English","6","List 1: grammatical, DOM violation, article location violation","43","431","C:/Users/Tromso/Desktop/LESS/Session 6/subject-9.csv","1.2.3","xpyriment","","filler: not part of the study","singular","Lentiform Loewenfeld","3.3.14","0","j","NA","space","NA","space","NA","space","NA","space","j","j","NA","space","c","NA","space","NA","space","3","1187","NA","9282","NA","38447","NA","26179","NA","6125","853","1187","NA","38715","4627161","NA","10897","NA","110933","268","NA","8789","NA","space","2","legacy","Harry wetted fi jewall and fi jestreet too.","143","Session 6","NA","Gender assignment task","2024-10-03 17:47","1024","2","48000","-16","Session6","Norway","9","odd","word4","42","main","no","NA","109138","NA","26086","NA","16799","16795","5935","16795","4758571","4679467","NA","4700271","NA","4653283","4738720","NA","4752393","4750666","4750659","4818948","4818944","4653281","4820139","5934","4394263","4633371","4632251","4632803","NA","4303492","4635933","26086","NA","NA","4634265","4637293","116646","NA","116649","NA","127550","238523","4630103","238513","4751522","4699402","4630126","4630796","4636187","4636186","4630104","4758571","4636478","4636478","4820179","NA","4758571","5935","4750666","4752297","4752264","7993","4738720","NA","NA","7994","4636464","4393755","4632757","5935","NA","5935","4653281","4653281","4738720","16795","4637307","5935","NA","NA","NA","8005","4818948","4631064","4627017","4631640","4632251","4632757","4633509","4634013","4634634","4635518","4626241","Norway Session 6","42","52379","44","0","0","yes","143","","1024","sukker","Harry","","","320","wetted","355","fi","250","jewall","315","and","250","fi","250","jestreet","425","too.","285","",""
"NA","NA","95.55555555555556","95.55555555555556","1214.4666666666667","1214.4666666666667","#242424","xpyriment","legacy","legacy","0","uniform","1","undefined","1","1","0","undefined","undefined","1","j","undefined","0","0","0","0","0","0","0","0","0","0","0","NA","0","0","0","1","NA","0","11","11","44","44","0","56","0","431","431","431","431","NA","7","1151","8","0","0","3023","0","0","0","0","0","0","0","431","0","11","11","431","431","431","431","431","3","431","431","489","0","0","0","11","1","11","0","0","3","0","0","431","431","431","0","0","0","0","0","0","0","0","0","NA","NA","0","0","44","431","143","431","431","431","431","431","431","431","143","undefined","256","332","Thu Oct  3 17:47:30 2024","760","The main experiment item","yes","active","Norway_Session_6.osexp","1","C:\Users\Tromso\Desktop\LESS\Session 6","no","no","mono","no","18","no","white","no","Click to confirm or to begin from default part if nothing selected","8189","yes","masculine","active","differential object marking","2","article location violation","103","768","legacy","Mini-English","6","List 1: grammatical, DOM violation, article location violation","44","431","C:/Users/Tromso/Desktop/LESS/Session 6/subject-9.csv","1.2.3","xpyriment","","filler: not part of the study","singular","Lentiform Loewenfeld","3.3.14","0","j","NA","space","NA","space","NA","space","NA","space","j","j","NA","space","c","NA","space","NA","space","3","2272","NA","9282","NA","38447","NA","26179","NA","6125","853","2272","NA","38715","4627161","NA","10897","NA","110933","268","NA","8789","NA","space","2","legacy","Harry wetted fi jewall and fi jestreet too.","143","Session 6","NA","Gender assignment task","2024-10-03 17:47","1024","2","48000","-16","Session6","Norway","9","odd","word4","42","main","no","NA","109138","NA","26086","NA","16799","16795","5935","16795","4758571","4679467","NA","4700271","NA","4653283","4738720","NA","4752393","4750666","4750659","4820343","4820338","4653281","4822618","5934","4394263","4633371","4632251","4632803","NA","4303492","4635933","26086","NA","NA","4634265","4637293","116646","NA","116649","NA","127550","238523","4630103","238513","4751522","4699402","4630126","4630796","4636187","4636186","4630104","4758571","4636478","4636478","4822658","NA","4758571","5935","4750666","4752297","4752264","7993","4738720","NA","NA","7994","4636464","4393755","4632757","5935","NA","5935","4653281","4653281","4738720","16795","4637307","5935","NA","NA","NA","8005","4820343","4631064","4627017","4631640","4632251","4632757","4633509","4634013","4634634","4635518","4626241","Norway Session 6","43","54651","45","0","0","yes","143","","1024","logikk","Harry","","","320","wetted","355","fi","250","jewall","315","and","250","fi","250","jestreet","425","too.","285","",""
"NA","NA","95.65217391304348","95.65217391304348","1205.8260869565217","1205.8260869565217","#242424","xpyriment","legacy","legacy","0","uniform","1","undefined","1","1","0","undefined","undefined","1","f","undefined","0","0","0","0","0","0","0","0","0","0","0","NA","0","0","0","1","NA","0","11","11","45","45","0","57","0","431","431","431","431","NA","7","1151","8","0","0","3023","0","0","0","0","0","0","0","431","0","11","11","431","431","431","431","431","3","431","431","490","0","0","0","11","1","11","0","0","3","0","0","431","431","431","0","0","0","0","0","0","0","0","0","NA","NA","0","0","45","431","143","431","431","431","431","431","431","431","143","undefined","256","332","Thu Oct  3 17:47:30 2024","760","The main experiment item","yes","active","Norway_Session_6.osexp","1","C:\Users\Tromso\Desktop\LESS\Session 6","no","no","mono","no","18","no","white","no","Click to confirm or to begin from default part if nothing selected","5054","yes","neuter","active","differential object marking","2","article location violation","103","768","legacy","Mini-English","5","List 1: grammatical, DOM violation, article location violation","45","431","C:/Users/Tromso/Desktop/LESS/Session 6/subject-9.csv","1.2.3","xpyriment","","filler: not part of the study","singular","Lentiform Loewenfeld","3.3.14","0","f","NA","space","NA","space","NA","space","NA","space","j","f","NA","space","c","NA","space","NA","space","3","817","NA","9282","NA","38447","NA","26179","NA","6125","853","817","NA","38715","4627161","NA","10897","NA","110933","268","NA","8789","NA","space","2","legacy","Harry wetted fi jewall and fi jestreet too.","143","Session 6","NA","Gender assignment task","2024-10-03 17:47","1024","2","48000","-16","Session6","Norway","9","odd","word4","42","main","no","NA","109138","NA","26086","NA","16799","16795","5935","16795","4758571","4679467","NA","4700271","NA","4653283","4738720","NA","4752393","4750666","4750659","4822821","4822816","4653281","4823643","5934","4394263","4633371","4632251","4632803","NA","4303492","4635933","26086","NA","NA","4634265","4637293","116646","NA","116649","NA","127550","238523","4630103","238513","4751522","4699402","4630126","4630796","4636187","4636186","4630104","4758571","4636478","4636478","4823683","NA","4758571","5935","4750666","4752297","4752264","7993","4738720","NA","NA","7994","4636464","4393755","4632757","5935","NA","5935","4653281","4653281","4738720","16795","4637307","5935","NA","NA","NA","8005","4822820","4631064","4627017","4631640","4632251","4632757","4633509","4634013","4634634","4635518","4626241","Norway Session 6","44","55468","46","0","0","yes","143","","1024","skall","Harry","","","320","wetted","355","fi","250","jewall","315","and","250","fi","250","jestreet","425","too.","285","",""
"NA","NA","95.74468085106383","95.74468085106383","1215.340425531915","1215.340425531915","#242424","xpyriment","legacy","legacy","0","uniform","1","undefined","1","1","0","undefined","undefined","1","j","undefined","0","0","0","0","0","0","0","0","0","0","0","NA","0","0","0","1","NA","0","11","11","46","46","0","58","0","431","431","431","431","NA","7","1151","8","0","0","3023","0","0","0","0","0","0","0","431","0","11","11","431","431","431","431","431","3","431","431","491","0","0","0","11","1","11","0","0","3","0","0","431","431","431","0","0","0","0","0","0","0","0","0","NA","NA","0","0","46","431","143","431","431","431","431","431","431","431","143","undefined","256","332","Thu Oct  3 17:47:30 2024","760","The main experiment item","yes","active","Norway_Session_6.osexp","1","C:\Users\Tromso\Desktop\LESS\Session 6","no","no","mono","no","18","no","white","no","Click to confirm or to begin from default part if nothing selected","13037","yes","masculine","active","differential object marking","2","article location violation","103","768","legacy","Mini-English","5","List 1: grammatical, DOM violation, article location violation","46","431","C:/Users/Tromso/Desktop/LESS/Session 6/subject-9.csv","1.2.3","xpyriment","","part of the study","singular","Lentiform Loewenfeld","3.3.14","0","j","NA","space","NA","space","NA","space","NA","space","j","j","NA","space","c","NA","space","NA","space","3","1653","NA","9282","NA","38447","NA","26179","NA","6125","853","1653","NA","38715","4627161","NA","10897","NA","110933","268","NA","8789","NA","space","2","legacy","Harry wetted fi jewall and fi jestreet too.","143","Session 6","NA","Gender assignment task","2024-10-03 17:47","1024","2","48000","-16","Session6","Norway","9","odd","word4","42","main","no","NA","109138","NA","26086","NA","16799","16795","5935","16795","4758571","4679467","NA","4700271","NA","4653283","4738720","NA","4752393","4750666","4750659","4823866","4823862","4653281","4825523","5934","4394263","4633371","4632251","4632803","NA","4303492","4635933","26086","NA","NA","4634265","4637293","116646","NA","116649","NA","127550","238523","4630103","238513","4751522","4699402","4630126","4630796","4636187","4636186","4630104","4758571","4636478","4636478","4825563","NA","4758571","5935","4750666","4752297","4752264","7993","4738720","NA","NA","7994","4636464","4393755","4632757","5935","NA","5935","4653281","4653281","4738720","16795","4637307","5935","NA","NA","NA","8005","4823866","4631064","4627017","4631640","4632251","4632757","4633509","4634013","4634634","4635518","4626241","Norway Session 6","45","57121","47","0","0","yes","143","","1024","kjole","Harry","","","320","wetted","355","fi","250","jewall","315","and","250","fi","250","jestreet","425","too.","285","",""
"NA","NA","95.83333333333333","95.83333333333333","1215.8958333333333","1215.8958333333333","#242424","xpyriment","legacy","legacy","0","uniform","1","undefined","1","1","0","undefined","undefined","1","j","undefined","0","0","0","0","0","0","0","0","0","0","0","NA","0","0","0","1","NA","0","11","11","47","47","0","59","0","431","431","431","431","NA","7","1151","8","0","0","3023","0","0","0","0","0","0","0","431","0","11","11","431","431","431","431","431","3","431","431","492","0","0","0","11","1","11","0","0","3","0","0","431","431","431","0","0","0","0","0","0","0","0","0","NA","NA","0","0","47","431","143","431","431","431","431","431","431","431","143","undefined","256","332","Thu Oct  3 17:47:30 2024","760","The main experiment item","yes","active","Norway_Session_6.osexp","1","C:\Users\Tromso\Desktop\LESS\Session 6","no","no","mono","no","18","no","white","no","Click to confirm or to begin from default part if nothing selected","6860","yes","masculine","active","differential object marking","2","article location violation","103","768","legacy","Mini-English","6","List 1: grammatical, DOM violation, article location violation","47","431","C:/Users/Tromso/Desktop/LESS/Session 6/subject-9.csv","1.2.3","xpyriment","","filler: not part of the study","singular","Lentiform Loewenfeld","3.3.14","0","j","NA","space","NA","space","NA","space","NA","space","j","j","NA","space","c","NA","space","NA","space","3","1242","NA","9282","NA","38447","NA","26179","NA","6125","853","1242","NA","38715","4627161","NA","10897","NA","110933","268","NA","8789","NA","space","2","legacy","Harry wetted fi jewall and fi jestreet too.","143","Session 6","NA","Gender assignment task","2024-10-03 17:47","1024","2","48000","-16","Session6","Norway","9","odd","word4","42","main","no","NA","109138","NA","26086","NA","16799","16795","5935","16795","4758571","4679467","NA","4700271","NA","4653283","4738720","NA","4752393","4750666","4750659","4825733","4825729","4653281","4826978","5934","4394263","4633371","4632251","4632803","NA","4303492","4635933","26086","NA","NA","4634265","4637293","116646","NA","116649","NA","127550","238523","4630103","238513","4751522","4699402","4630126","4630796","4636187","4636186","4630104","4758571","4636478","4636478","4827018","NA","4758571","5935","4750666","4752297","4752264","7993","4738720","NA","NA","7994","4636464","4393755","4632757","5935","NA","5935","4653281","4653281","4738720","16795","4637307","5935","NA","NA","NA","8005","4825733","4631064","4627017","4631640","4632251","4632757","4633509","4634013","4634634","4635518","4626241","Norway Session 6","46","58363","48","0","0","yes","143","","1024","rakett","Harry","","","320","wetted","355","fi","250","jewall","315","and","250","fi","250","jestreet","425","too.","285","",""
"NA","NA","95.91836734693878","95.91836734693878","1208.469387755102","1208.469387755102","#242424","xpyriment","legacy","legacy","0","uniform","1","undefined","1","1","0","undefined","undefined","1","f","undefined","0","0","0","0","0","0","0","0","0","0","0","NA","0","0","0","1","NA","0","11","11","48","48","0","60","0","431","431","431","431","NA","7","1151","8","0","0","3023","0","0","0","0","0","0","0","431","0","11","11","431","431","431","431","431","3","431","431","493","0","0","0","11","1","11","0","0","3","0","0","431","431","431","0","0","0","0","0","0","0","0","0","NA","NA","0","0","48","431","143","431","431","431","431","431","431","431","143","undefined","256","332","Thu Oct  3 17:47:30 2024","760","The main experiment item","yes","active","Norway_Session_6.osexp","1","C:\Users\Tromso\Desktop\LESS\Session 6","no","no","mono","no","18","no","white","no","Click to confirm or to begin from default part if nothing selected","5246","yes","neuter","active","differential object marking","2","article location violation","103","768","legacy","Mini-English","7","List 1: grammatical, DOM violation, article location violation","48","431","C:/Users/Tromso/Desktop/LESS/Session 6/subject-9.csv","1.2.3","xpyriment","","part of the study","singular","Lentiform Loewenfeld","3.3.14","0","f","NA","space","NA","space","NA","space","NA","space","j","f","NA","space","c","NA","space","NA","space","3","852","NA","9282","NA","38447","NA","26179","NA","6125","853","852","NA","38715","4627161","NA","10897","NA","110933","268","NA","8789","NA","space","2","legacy","Harry wetted fi jewall and fi jestreet too.","143","Session 6","NA","Gender assignment task","2024-10-03 17:47","1024","2","48000","-16","Session6","Norway","9","odd","word4","42","main","no","NA","109138","NA","26086","NA","16799","16795","5935","16795","4758571","4679467","NA","4700271","NA","4653283","4738720","NA","4752393","4750666","4750659","4827186","4827180","4653281","4828042","5934","4394263","4633371","4632251","4632803","NA","4303492","4635933","26086","NA","NA","4634265","4637293","116646","NA","116649","NA","127550","238523","4630103","238513","4751522","4699402","4630126","4630796","4636187","4636186","4630104","4758571","4636478","4636478","4828082","NA","4758571","5935","4750666","4752297","4752264","7993","4738720","NA","NA","7994","4636464","4393755","4632757","5935","NA","5935","4653281","4653281","4738720","16795","4637307","5935","NA","NA","NA","8005","4827186","4631064","4627017","4631640","4632251","4632757","4633509","4634013","4634634","4635518","4626241","Norway Session 6","47","59215","49","0","0","yes","143","","1024","basseng","Harry","","","320","wetted","355","fi","250","jewall","315","and","250","fi","250","jestreet","425","too.","285","",""
"NA","NA","96","96","1202.24","1202.24","#242424","xpyriment","legacy","legacy","0","uniform","1","undefined","1","1","0","undefined","undefined","1","j","undefined","0","0","0","0","0","0","0","0","0","0","0","NA","0","0","0","1","NA","0","11","11","49","49","0","61","0","431","431","431","431","NA","7","1151","8","0","0","3023","0","0","0","0","0","0","0","431","0","11","11","431","431","431","431","431","3","431","431","494","0","0","0","11","1","11","0","0","3","0","0","431","431","431","0","0","0","0","0","0","0","0","0","NA","NA","0","0","49","431","143","431","431","431","431","431","431","431","143","undefined","256","332","Thu Oct  3 17:47:30 2024","760","The main experiment item","yes","active","Norway_Session_6.osexp","1","C:\Users\Tromso\Desktop\LESS\Session 6","no","no","mono","no","18","no","white","no","Click to confirm or to begin from default part if nothing selected","10441","yes","feminine","active","differential object marking","2","article location violation","103","768","legacy","Mini-English","5","List 1: grammatical, DOM violation, article location violation","49","431","C:/Users/Tromso/Desktop/LESS/Session 6/subject-9.csv","1.2.3","xpyriment","","filler: not part of the study","singular","Lentiform Loewenfeld","3.3.14","0","j","NA","space","NA","space","NA","space","NA","space","j","j","NA","space","c","NA","space","NA","space","3","897","NA","9282","NA","38447","NA","26179","NA","6125","853","897","NA","38715","4627161","NA","10897","NA","110933","268","NA","8789","NA","space","2","legacy","Harry wetted fi jewall and fi jestreet too.","143","Session 6","NA","Gender assignment task","2024-10-03 17:47","1024","2","48000","-16","Session6","Norway","9","odd","word4","42","main","no","NA","109138","NA","26086","NA","16799","16795","5935","16795","4758571","4679467","NA","4700271","NA","4653283","4738720","NA","4752393","4750666","4750659","4828246","4828241","4653281","4829146","5934","4394263","4633371","4632251","4632803","NA","4303492","4635933","26086","NA","NA","4634265","4637293","116646","NA","116649","NA","127550","238523","4630103","238513","4751522","4699402","4630126","4630796","4636187","4636186","4630104","4758571","4636478","4636478","4829186","NA","4758571","5935","4750666","4752297","4752264","7993","4738720","NA","NA","7994","4636464","4393755","4632757","5935","NA","5935","4653281","4653281","4738720","16795","4637307","5935","NA","NA","NA","8005","4828246","4631064","4627017","4631640","4632251","4632757","4633509","4634013","4634634","4635518","4626241","Norway Session 6","48","60112","50","0","0","yes","143","","1024","leppe","Harry","","","320","wetted","355","fi","250","jewall","315","and","250","fi","250","jestreet","425","too.","285","",""
"NA","NA","96.07843137254902","96.07843137254902","1194.549019607843","1194.549019607843","#242424","xpyriment","legacy","legacy","0","uniform","1","undefined","1","1","0","undefined","undefined","1","f","undefined","0","0","0","0","0","0","0","0","0","0","0","NA","0","0","0","1","NA","0","11","11","50","50","0","62","0","431","431","431","431","NA","7","1151","8","0","0","3023","0","0","0","0","0","0","0","431","0","11","11","431","431","431","431","431","3","431","431","495","0","0","0","11","1","11","0","0","3","0","0","431","431","431","0","0","0","0","0","0","0","0","0","NA","NA","0","0","50","431","143","431","431","431","431","431","431","431","143","undefined","256","332","Thu Oct  3 17:47:30 2024","760","The main experiment item","yes","active","Norway_Session_6.osexp","1","C:\Users\Tromso\Desktop\LESS\Session 6","no","no","mono","no","18","no","white","no","Click to confirm or to begin from default part if nothing selected","6073","yes","neuter","active","differential object marking","2","article location violation","103","768","legacy","Mini-English","7","List 1: grammatical, DOM violation, article location violation","50","431","C:/Users/Tromso/Desktop/LESS/Session 6/subject-9.csv","1.2.3","xpyriment","","filler: not part of the study","singular","Lentiform Loewenfeld","3.3.14","0","f","NA","space","NA","space","NA","space","NA","space","j","f","NA","space","c","NA","space","NA","space","3","810","NA","9282","NA","38447","NA","26179","NA","6125","853","810","NA","38715","4627161","NA","10897","NA","110933","268","NA","8789","NA","space","2","legacy","Harry wetted fi jewall and fi jestreet too.","143","Session 6","NA","Gender assignment task","2024-10-03 17:47","1024","2","48000","-16","Session6","Norway","9","odd","word4","42","main","no","NA","109138","NA","26086","NA","16799","16795","5935","16795","4758571","4679467","NA","4700271","NA","4653283","4738720","NA","4752393","4750666","4750659","4829349","4829345","4653281","4830163","5934","4394263","4633371","4632251","4632803","NA","4303492","4635933","26086","NA","NA","4634265","4637293","116646","NA","116649","NA","127550","238523","4630103","238513","4751522","4699402","4630126","4630796","4636187","4636186","4630104","4758571","4636478","4636478","4830203","NA","4758571","5935","4750666","4752297","4752264","7993","4738720","NA","NA","7994","4636464","4393755","4632757","5935","NA","5935","4653281","4653281","4738720","16795","4637307","5935","NA","NA","NA","8005","4829349","4631064","4627017","4631640","4632251","4632757","4633509","4634013","4634634","4635518","4626241","Norway Session 6","49","60922","51","0","0","yes","143","","1024","punktum","Harry","","","320","wetted","355","fi","250","jewall","315","and","250","fi","250","jestreet","425","too.","285","",""
"NA","NA","96.15384615384616","96.15384615384616","1191.423076923077","1191.423076923077","#242424","xpyriment","legacy","legacy","0","uniform","1","undefined","1","1","0","undefined","undefined","1","f","undefined","0","0","0","0","0","0","0","0","0","0","0","NA","0","0","0","1","NA","0","11","11","51","51","0","63","0","431","431","431","431","NA","7","1151","8","0","0","3023","0","0","0","0","0","0","0","431","0","11","11","431","431","431","431","431","3","431","431","496","0","0","0","11","1","11","0","0","3","0","0","431","431","431","0","0","0","0","0","0","0","0","0","NA","NA","0","0","51","431","143","431","431","431","431","431","431","431","143","undefined","256","332","Thu Oct  3 17:47:30 2024","760","The main experiment item","yes","active","Norway_Session_6.osexp","1","C:\Users\Tromso\Desktop\LESS\Session 6","no","no","mono","no","18","no","white","no","Click to confirm or to begin from default part if nothing selected","7552","yes","neuter","active","differential object marking","2","article location violation","103","768","legacy","Mini-English","6","List 1: grammatical, DOM violation, article location violation","51","431","C:/Users/Tromso/Desktop/LESS/Session 6/subject-9.csv","1.2.3","xpyriment","","filler: not part of the study","singular","Lentiform Loewenfeld","3.3.14","0","f","NA","space","NA","space","NA","space","NA","space","j","f","NA","space","c","NA","space","NA","space","3","1032","NA","9282","NA","38447","NA","26179","NA","6125","853","1032","NA","38715","4627161","NA","10897","NA","110933","268","NA","8789","NA","space","2","legacy","Harry wetted fi jewall and fi jestreet too.","143","Session 6","NA","Gender assignment task","2024-10-03 17:47","1024","2","48000","-16","Session6","Norway","9","odd","word4","42","main","no","NA","109138","NA","26086","NA","16799","16795","5935","16795","4758571","4679467","NA","4700271","NA","4653283","4738720","NA","4752393","4750666","4750659","4830367","4830361","4653281","4831403","5934","4394263","4633371","4632251","4632803","NA","4303492","4635933","26086","NA","NA","4634265","4637293","116646","NA","116649","NA","127550","238523","4630103","238513","4751522","4699402","4630126","4630796","4636187","4636186","4630104","4758571","4636478","4636478","4831443","NA","4758571","5935","4750666","4752297","4752264","7993","4738720","NA","NA","7994","4636464","4393755","4632757","5935","NA","5935","4653281","4653281","4738720","16795","4637307","5935","NA","NA","NA","8005","4830367","4631064","4627017","4631640","4632251","4632757","4633509","4634013","4634634","4635518","4626241","Norway Session 6","50","61954","52","0","0","yes","143","","1024","fartøy","Harry","","","320","wetted","355","fi","250","jewall","315","and","250","fi","250","jestreet","425","too.","285","",""
"NA","NA","96.22641509433963","96.22641509433963","1188.9056603773586","1188.9056603773586","#242424","xpyriment","legacy","legacy","0","uniform","1","undefined","1","1","0","undefined","undefined","1","j","undefined","0","0","0","0","0","0","0","0","0","0","0","NA","0","0","0","1","NA","0","11","11","52","52","0","64","0","431","431","431","431","NA","7","1151","8","0","0","3023","0","0","0","0","0","0","0","431","0","11","11","431","431","431","431","431","3","431","431","497","0","0","0","11","1","11","0","0","3","0","0","431","431","431","0","0","0","0","0","0","0","0","0","NA","NA","0","0","52","431","143","431","431","431","431","431","431","431","143","undefined","256","332","Thu Oct  3 17:47:30 2024","760","The main experiment item","yes","active","Norway_Session_6.osexp","1","C:\Users\Tromso\Desktop\LESS\Session 6","no","no","mono","no","18","no","white","no","Click to confirm or to begin from default part if nothing selected","5730","yes","feminine","active","differential object marking","2","article location violation","103","768","legacy","Mini-English","8","List 1: grammatical, DOM violation, article location violation","52","431","C:/Users/Tromso/Desktop/LESS/Session 6/subject-9.csv","1.2.3","xpyriment","","filler: not part of the study","singular","Lentiform Loewenfeld","3.3.14","0","j","NA","space","NA","space","NA","space","NA","space","j","j","NA","space","c","NA","space","NA","space","3","1058","NA","9282","NA","38447","NA","26179","NA","6125","853","1058","NA","38715","4627161","NA","10897","NA","110933","268","NA","8789","NA","space","2","legacy","Harry wetted fi jewall and fi jestreet too.","143","Session 6","NA","Gender assignment task","2024-10-03 17:47","1024","2","48000","-16","Session6","Norway","9","odd","word4","42","main","no","NA","109138","NA","26086","NA","16799","16795","5935","16795","4758571","4679467","NA","4700271","NA","4653283","4738720","NA","4752393","4750666","4750659","4831620","4831615","4653281","4832685","5934","4394263","4633371","4632251","4632803","NA","4303492","4635933","26086","NA","NA","4634265","4637293","116646","NA","116649","NA","127550","238523","4630103","238513","4751522","4699402","4630126","4630796","4636187","4636186","4630104","4758571","4636478","4636478","4832725","NA","4758571","5935","4750666","4752297","4752264","7993","4738720","NA","NA","7994","4636464","4393755","4632757","5935","NA","5935","4653281","4653281","4738720","16795","4637307","5935","NA","NA","NA","8005","4831620","4631064","4627017","4631640","4632251","4632757","4633509","4634013","4634634","4635518","4626241","Norway Session 6","51","63012","53","0","0","yes","143","","1024","gjerning","Harry","","","320","wetted","355","fi","250","jewall","315","and","250","fi","250","jestreet","425","too.","285","",""
"NA","NA","96.29629629629629","96.29629629629629","1181.2037037037037","1181.2037037037037","#242424","xpyriment","legacy","legacy","0","uniform","1","undefined","1","1","0","undefined","undefined","1","f","undefined","0","0","0","0","0","0","0","0","0","0","0","NA","0","0","0","1","NA","0","11","11","53","53","0","65","0","431","431","431","431","NA","7","1151","8","0","0","3023","0","0","0","0","0","0","0","431","0","11","11","431","431","431","431","431","3","431","431","498","0","0","0","11","1","11","0","0","3","0","0","431","431","431","0","0","0","0","0","0","0","0","0","NA","NA","0","0","53","431","143","431","431","431","431","431","431","431","143","undefined","256","332","Thu Oct  3 17:47:30 2024","760","The main experiment item","yes","active","Norway_Session_6.osexp","1","C:\Users\Tromso\Desktop\LESS\Session 6","no","no","mono","no","18","no","white","no","Click to confirm or to begin from default part if nothing selected","15413","yes","neuter","active","differential object marking","2","article location violation","103","768","legacy","Mini-English","4","List 1: grammatical, DOM violation, article location violation","53","431","C:/Users/Tromso/Desktop/LESS/Session 6/subject-9.csv","1.2.3","xpyriment","","filler: not part of the study","singular","Lentiform Loewenfeld","3.3.14","0","f","NA","space","NA","space","NA","space","NA","space","j","f","NA","space","c","NA","space","NA","space","3","773","NA","9282","NA","38447","NA","26179","NA","6125","853","773","NA","38715","4627161","NA","10897","NA","110933","268","NA","8789","NA","space","2","legacy","Harry wetted fi jewall and fi jestreet too.","143","Session 6","NA","Gender assignment task","2024-10-03 17:47","1024","2","48000","-16","Session6","Norway","9","odd","word4","42","main","no","NA","109138","NA","26086","NA","16799","16795","5935","16795","4758571","4679467","NA","4700271","NA","4653283","4738720","NA","4752393","4750666","4750659","4832890","4832886","4653281","4833667","5934","4394263","4633371","4632251","4632803","NA","4303492","4635933","26086","NA","NA","4634265","4637293","116646","NA","116649","NA","127550","238523","4630103","238513","4751522","4699402","4630126","4630796","4636187","4636186","4630104","4758571","4636478","4636478","4833707","NA","4758571","5935","4750666","4752297","4752264","7993","4738720","NA","NA","7994","4636464","4393755","4632757","5935","NA","5935","4653281","4653281","4738720","16795","4637307","5935","NA","NA","NA","8005","4832890","4631064","4627017","4631640","4632251","4632757","4633509","4634013","4634634","4635518","4626241","Norway Session 6","52","63785","54","0","0","yes","143","","1024","steg","Harry","","","320","wetted","355","fi","250","jewall","315","and","250","fi","250","jestreet","425","too.","285","",""
"NA","NA","96.36363636363636","96.36363636363636","1194.8909090909092","1194.8909090909092","#242424","xpyriment","legacy","legacy","0","uniform","1","undefined","1","1","0","undefined","undefined","1","j","undefined","0","0","0","0","0","0","0","0","0","0","0","NA","0","0","0","1","NA","0","11","11","54","54","0","66","0","431","431","431","431","NA","7","1151","8","0","0","3023","0","0","0","0","0","0","0","431","0","11","11","431","431","431","431","431","3","431","431","499","0","0","0","11","1","11","0","0","3","0","0","431","431","431","0","0","0","0","0","0","0","0","0","NA","NA","0","0","54","431","143","431","431","431","431","431","431","431","143","undefined","256","332","Thu Oct  3 17:47:30 2024","760","The main experiment item","yes","active","Norway_Session_6.osexp","1","C:\Users\Tromso\Desktop\LESS\Session 6","no","no","mono","no","18","no","white","no","Click to confirm or to begin from default part if nothing selected","11043","yes","feminine","active","differential object marking","2","article location violation","103","768","legacy","Mini-English","5","List 1: grammatical, DOM violation, article location violation","54","431","C:/Users/Tromso/Desktop/LESS/Session 6/subject-9.csv","1.2.3","xpyriment","","filler: not part of the study","singular","Lentiform Loewenfeld","3.3.14","0","j","NA","space","NA","space","NA","space","NA","space","j","j","NA","space","c","NA","space","NA","space","3","1934","NA","9282","NA","38447","NA","26179","NA","6125","853","1934","NA","38715","4627161","NA","10897","NA","110933","268","NA","8789","NA","space","2","legacy","Harry wetted fi jewall and fi jestreet too.","143","Session 6","NA","Gender assignment task","2024-10-03 17:47","1024","2","48000","-16","Session6","Norway","9","odd","word4","42","main","no","NA","109138","NA","26086","NA","16799","16795","5935","16795","4758571","4679467","NA","4700271","NA","4653283","4738720","NA","4752393","4750666","4750659","4833873","4833868","4653281","4835810","5934","4394263","4633371","4632251","4632803","NA","4303492","4635933","26086","NA","NA","4634265","4637293","116646","NA","116649","NA","127550","238523","4630103","238513","4751522","4699402","4630126","4630796","4636187","4636186","4630104","4758571","4636478","4636478","4835850","NA","4758571","5935","4750666","4752297","4752264","7993","4738720","NA","NA","7994","4636464","4393755","4632757","5935","NA","5935","4653281","4653281","4738720","16795","4637307","5935","NA","NA","NA","8005","4833872","4631064","4627017","4631640","4632251","4632757","4633509","4634013","4634634","4635518","4626241","Norway Session 6","53","65719","55","0","0","yes","143","","1024","plage","Harry","","","320","wetted","355","fi","250","jewall","315","and","250","fi","250","jestreet","425","too.","285","",""
"NA","NA","96.42857142857143","96.42857142857143","1197.0535714285713","1197.0535714285713","#242424","xpyriment","legacy","legacy","0","uniform","1","undefined","1","1","0","undefined","undefined","1","j","undefined","0","0","0","0","0","0","0","0","0","0","0","NA","0","0","0","1","NA","0","11","11","55","55","0","67","0","431","431","431","431","NA","7","1151","8","0","0","3023","0","0","0","0","0","0","0","431","0","11","11","431","431","431","431","431","3","431","431","500","0","0","0","11","1","11","0","0","3","0","0","431","431","431","0","0","0","0","0","0","0","0","0","NA","NA","0","0","55","431","143","431","431","431","431","431","431","431","143","undefined","256","332","Thu Oct  3 17:47:30 2024","760","The main experiment item","yes","active","Norway_Session_6.osexp","1","C:\Users\Tromso\Desktop\LESS\Session 6","no","no","mono","no","18","no","white","no","Click to confirm or to begin from default part if nothing selected","5588","yes","masculine","active","differential object marking","2","article location violation","103","768","legacy","Mini-English","6","List 1: grammatical, DOM violation, article location violation","55","431","C:/Users/Tromso/Desktop/LESS/Session 6/subject-9.csv","1.2.3","xpyriment","","filler: not part of the study","singular","Lentiform Loewenfeld","3.3.14","0","j","NA","space","NA","space","NA","space","NA","space","j","j","NA","space","c","NA","space","NA","space","3","1316","NA","9282","NA","38447","NA","26179","NA","6125","853","1316","NA","38715","4627161","NA","10897","NA","110933","268","NA","8789","NA","space","2","legacy","Harry wetted fi jewall and fi jestreet too.","143","Session 6","NA","Gender assignment task","2024-10-03 17:47","1024","2","48000","-16","Session6","Norway","9","odd","word4","42","main","no","NA","109138","NA","26086","NA","16799","16795","5935","16795","4758571","4679467","NA","4700271","NA","4653283","4738720","NA","4752393","4750666","4750659","4836011","4836006","4653281","4837330","5934","4394263","4633371","4632251","4632803","NA","4303492","4635933","26086","NA","NA","4634265","4637293","116646","NA","116649","NA","127550","238523","4630103","238513","4751522","4699402","4630126","4630796","4636187","4636186","4630104","4758571","4636478","4636478","4837371","NA","4758571","5935","4750666","4752297","4752264","7993","4738720","NA","NA","7994","4636464","4393755","4632757","5935","NA","5935","4653281","4653281","4738720","16795","4637307","5935","NA","NA","NA","8005","4836011","4631064","4627017","4631640","4632251","4632757","4633509","4634013","4634634","4635518","4626241","Norway Session 6","54","67035","56","0","0","yes","143","","1024","streng","Harry","","","320","wetted","355","fi","250","jewall","315","and","250","fi","250","jestreet","425","too.","285","",""
"NA","NA","96.49122807017544","96.49122807017544","1192.122807017544","1192.122807017544","#242424","xpyriment","legacy","legacy","0","uniform","1","undefined","1","1","0","undefined","undefined","1","j","undefined","0","0","0","0","0","0","0","0","0","0","0","NA","0","0","0","1","NA","0","11","11","56","56","0","68","0","431","431","431","431","NA","7","1151","8","0","0","3023","0","0","0","0","0","0","0","431","0","11","11","431","431","431","431","431","3","431","431","501","0","0","0","11","1","11","0","0","3","0","0","431","431","431","0","0","0","0","0","0","0","0","0","NA","NA","0","0","56","431","143","431","431","431","431","431","431","431","143","undefined","256","332","Thu Oct  3 17:47:30 2024","760","The main experiment item","yes","active","Norway_Session_6.osexp","1","C:\Users\Tromso\Desktop\LESS\Session 6","no","no","mono","no","18","no","white","no","Click to confirm or to begin from default part if nothing selected","7651","yes","feminine","active","differential object marking","2","article location violation","103","768","legacy","Mini-English","8","List 1: grammatical, DOM violation, article location violation","56","431","C:/Users/Tromso/Desktop/LESS/Session 6/subject-9.csv","1.2.3","xpyriment","","filler: not part of the study","singular","Lentiform Loewenfeld","3.3.14","0","j","NA","space","NA","space","NA","space","NA","space","j","j","NA","space","c","NA","space","NA","space","3","916","NA","9282","NA","38447","NA","26179","NA","6125","853","916","NA","38715","4627161","NA","10897","NA","110933","268","NA","8789","NA","space","2","legacy","Harry wetted fi jewall and fi jestreet too.","143","Session 6","NA","Gender assignment task","2024-10-03 17:47","1024","2","48000","-16","Session6","Norway","9","odd","word4","42","main","no","NA","109138","NA","26086","NA","16799","16795","5935","16795","4758571","4679467","NA","4700271","NA","4653283","4738720","NA","4752393","4750666","4750659","4837539","4837534","4653281","4838459","5934","4394263","4633371","4632251","4632803","NA","4303492","4635933","26086","NA","NA","4634265","4637293","116646","NA","116649","NA","127550","238523","4630103","238513","4751522","4699402","4630126","4630796","4636187","4636186","4630104","4758571","4636478","4636478","4838499","NA","4758571","5935","4750666","4752297","4752264","7993","4738720","NA","NA","7994","4636464","4393755","4632757","5935","NA","5935","4653281","4653281","4738720","16795","4637307","5935","NA","NA","NA","8005","4837539","4631064","4627017","4631640","4632251","4632757","4633509","4634013","4634634","4635518","4626241","Norway Session 6","55","67951","57","0","0","yes","143","","1024","shopping","Harry","","","320","wetted","355","fi","250","jewall","315","and","250","fi","250","jestreet","425","too.","285","",""
"NA","NA","96.55172413793103","96.55172413793103","1185.2068965517242","1185.2068965517242","#242424","xpyriment","legacy","legacy","0","uniform","1","undefined","1","1","0","undefined","undefined","1","j","undefined","0","0","0","0","0","0","0","0","0","0","0","NA","0","0","0","1","NA","0","11","11","57","57","0","69","0","431","431","431","431","NA","7","1151","8","0","0","3023","0","0","0","0","0","0","0","431","0","11","11","431","431","431","431","431","3","431","431","502","0","0","0","11","1","11","0","0","3","0","0","431","431","431","0","0","0","0","0","0","0","0","0","NA","NA","0","0","57","431","143","431","431","431","431","431","431","431","143","undefined","256","332","Thu Oct  3 17:47:30 2024","760","The main experiment item","yes","active","Norway_Session_6.osexp","1","C:\Users\Tromso\Desktop\LESS\Session 6","no","no","mono","no","18","no","white","no","Click to confirm or to begin from default part if nothing selected","10181","yes","feminine","active","differential object marking","2","article location violation","103","768","legacy","Mini-English","4","List 1: grammatical, DOM violation, article location violation","57","431","C:/Users/Tromso/Desktop/LESS/Session 6/subject-9.csv","1.2.3","xpyriment","","filler: not part of the study","singular","Lentiform Loewenfeld","3.3.14","0","j","NA","space","NA","space","NA","space","NA","space","j","j","NA","space","c","NA","space","NA","space","3","791","NA","9282","NA","38447","NA","26179","NA","6125","853","791","NA","38715","4627161","NA","10897","NA","110933","268","NA","8789","NA","space","2","legacy","Harry wetted fi jewall and fi jestreet too.","143","Session 6","NA","Gender assignment task","2024-10-03 17:47","1024","2","48000","-16","Session6","Norway","9","odd","word4","42","main","no","NA","109138","NA","26086","NA","16799","16795","5935","16795","4758571","4679467","NA","4700271","NA","4653283","4738720","NA","4752393","4750666","4750659","4838664","4838659","4653281","4839459","5934","4394263","4633371","4632251","4632803","NA","4303492","4635933","26086","NA","NA","4634265","4637293","116646","NA","116649","NA","127550","238523","4630103","238513","4751522","4699402","4630126","4630796","4636187","4636186","4630104","4758571","4636478","4636478","4839500","NA","4758571","5935","4750666","4752297","4752264","7993","4738720","NA","NA","7994","4636464","4393755","4632757","5935","NA","5935","4653281","4653281","4738720","16795","4637307","5935","NA","NA","NA","8005","4838664","4631064","4627017","4631640","4632251","4632757","4633509","4634013","4634634","4635518","4626241","Norway Session 6","56","68742","58","0","0","yes","143","","1024","tåre","Harry","","","320","wetted","355","fi","250","jewall","315","and","250","fi","250","jestreet","425","too.","285","",""
"NA","NA","96.61016949152543","96.61016949152543","1186.084745762712","1186.084745762712","#242424","xpyriment","legacy","legacy","0","uniform","1","undefined","1","1","0","undefined","undefined","1","f","undefined","0","0","0","0","0","0","0","0","0","0","0","NA","0","0","0","1","NA","0","11","11","58","58","0","70","0","431","431","431","431","NA","7","1151","8","0","0","3023","0","0","0","0","0","0","0","431","0","11","11","431","431","431","431","431","3","431","431","503","0","0","0","11","1","11","0","0","3","0","0","431","431","431","0","0","0","0","0","0","0","0","0","NA","NA","0","0","58","431","143","431","431","431","431","431","431","431","143","undefined","256","332","Thu Oct  3 17:47:30 2024","760","The main experiment item","yes","active","Norway_Session_6.osexp","1","C:\Users\Tromso\Desktop\LESS\Session 6","no","no","mono","no","18","no","white","no","Click to confirm or to begin from default part if nothing selected","9927","yes","neuter","active","differential object marking","2","article location violation","103","768","legacy","Mini-English","4","List 1: grammatical, DOM violation, article location violation","58","431","C:/Users/Tromso/Desktop/LESS/Session 6/subject-9.csv","1.2.3","xpyriment","","filler: not part of the study","singular","Lentiform Loewenfeld","3.3.14","0","f","NA","space","NA","space","NA","space","NA","space","j","f","NA","space","c","NA","space","NA","space","3","1237","NA","9282","NA","38447","NA","26179","NA","6125","853","1237","NA","38715","4627161","NA","10897","NA","110933","268","NA","8789","NA","space","2","legacy","Harry wetted fi jewall and fi jestreet too.","143","Session 6","NA","Gender assignment task","2024-10-03 17:47","1024","2","48000","-16","Session6","Norway","9","odd","word4","42","main","no","NA","109138","NA","26086","NA","16799","16795","5935","16795","4758571","4679467","NA","4700271","NA","4653283","4738720","NA","4752393","4750666","4750659","4839666","4839661","4653281","4840907","5934","4394263","4633371","4632251","4632803","NA","4303492","4635933","26086","NA","NA","4634265","4637293","116646","NA","116649","NA","127550","238523","4630103","238513","4751522","4699402","4630126","4630796","4636187","4636186","4630104","4758571","4636478","4636478","4840947","NA","4758571","5935","4750666","4752297","4752264","7993","4738720","NA","NA","7994","4636464","4393755","4632757","5935","NA","5935","4653281","4653281","4738720","16795","4637307","5935","NA","NA","NA","8005","4839666","4631064","4627017","4631640","4632251","4632757","4633509","4634013","4634634","4635518","4626241","Norway Session 6","57","69979","59","0","0","yes","143","","1024","vell","Harry","","","320","wetted","355","fi","250","jewall","315","and","250","fi","250","jestreet","425","too.","285","",""
"NA","NA","96.66666666666667","96.66666666666667","1186.3166666666666","1186.3166666666666","#242424","xpyriment","legacy","legacy","0","uniform","1","undefined","1","1","0","undefined","undefined","1","j","undefined","0","0","0","0","0","0","0","0","0","0","0","NA","0","0","0","1","NA","0","11","11","59","59","0","71","0","431","431","431","431","NA","7","1151","8","0","0","3023","0","0","0","0","0","0","0","431","0","11","11","431","431","431","431","431","3","431","431","504","0","0","0","11","1","11","0","0","3","0","0","431","431","431","0","0","0","0","0","0","0","0","0","NA","NA","0","0","59","431","143","431","431","431","431","431","431","431","143","undefined","256","332","Thu Oct  3 17:47:30 2024","760","The main experiment item","yes","active","Norway_Session_6.osexp","1","C:\Users\Tromso\Desktop\LESS\Session 6","no","no","mono","no","18","no","white","no","Click to confirm or to begin from default part if nothing selected","5295","yes","masculine","active","differential object marking","2","article location violation","103","768","legacy","Mini-English","6","List 1: grammatical, DOM violation, article location violation","59","431","C:/Users/Tromso/Desktop/LESS/Session 6/subject-9.csv","1.2.3","xpyriment","","filler: not part of the study","singular","Lentiform Loewenfeld","3.3.14","0","j","NA","space","NA","space","NA","space","NA","space","j","j","NA","space","c","NA","space","NA","space","3","1200","NA","9282","NA","38447","NA","26179","NA","6125","853","1200","NA","38715","4627161","NA","10897","NA","110933","268","NA","8789","NA","space","2","legacy","Harry wetted fi jewall and fi jestreet too.","143","Session 6","NA","Gender assignment task","2024-10-03 17:47","1024","2","48000","-16","Session6","Norway","9","odd","word4","42","main","no","NA","109138","NA","26086","NA","16799","16795","5935","16795","4758571","4679467","NA","4700271","NA","4653283","4738720","NA","4752393","4750666","4750659","4841111","4841106","4653281","4842315","5934","4394263","4633371","4632251","4632803","NA","4303492","4635933","26086","NA","NA","4634265","4637293","116646","NA","116649","NA","127550","238523","4630103","238513","4751522","4699402","4630126","4630796","4636187","4636186","4630104","4758571","4636478","4636478","4842355","NA","4758571","5935","4750666","4752297","4752264","7993","4738720","NA","NA","7994","4636464","4393755","4632757","5935","NA","5935","4653281","4653281","4738720","16795","4637307","5935","NA","NA","NA","8005","4841111","4631064","4627017","4631640","4632251","4632757","4633509","4634013","4634634","4635518","4626241","Norway Session 6","58","71179","60","0","0","yes","143","","1024","genser","Harry","","","320","wetted","355","fi","250","jewall","315","and","250","fi","250","jestreet","425","too.","285","",""
"NA","NA","96.72131147540983","96.72131147540983","1198.2459016393443","1198.2459016393443","#242424","xpyriment","legacy","legacy","0","uniform","1","undefined","1","1","0","undefined","undefined","1","j","undefined","0","0","0","0","0","0","0","0","0","0","0","NA","0","0","0","1","NA","0","11","11","60","60","0","72","0","431","431","431","431","NA","7","1151","8","0","0","3023","0","0","0","0","0","0","0","431","0","11","11","431","431","431","431","431","3","431","431","505","0","0","0","11","1","11","0","0","3","0","0","431","431","431","0","0","0","0","0","0","0","0","0","NA","NA","0","0","60","431","143","431","431","431","431","431","431","431","143","undefined","256","332","Thu Oct  3 17:47:30 2024","760","The main experiment item","yes","active","Norway_Session_6.osexp","1","C:\Users\Tromso\Desktop\LESS\Session 6","no","no","mono","no","18","no","white","no","Click to confirm or to begin from default part if nothing selected","6668","yes","feminine","active","differential object marking","2","article location violation","103","768","legacy","Mini-English","3","List 1: grammatical, DOM violation, article location violation","60","431","C:/Users/Tromso/Desktop/LESS/Session 6/subject-9.csv","1.2.3","xpyriment","","filler: not part of the study","singular","Lentiform Loewenfeld","3.3.14","0","j","NA","space","NA","space","NA","space","NA","space","j","j","NA","space","c","NA","space","NA","space","3","1914","NA","9282","NA","38447","NA","26179","NA","6125","853","1914","NA","38715","4627161","NA","10897","NA","110933","268","NA","8789","NA","space","2","legacy","Harry wetted fi jewall and fi jestreet too.","143","Session 6","NA","Gender assignment task","2024-10-03 17:47","1024","2","48000","-16","Session6","Norway","9","odd","word4","42","main","no","NA","109138","NA","26086","NA","16799","16795","5935","16795","4758571","4679467","NA","4700271","NA","4653283","4738720","NA","4752393","4750666","4750659","4842517","4842512","4653281","4844434","5934","4394263","4633371","4632251","4632803","NA","4303492","4635933","26086","NA","NA","4634265","4637293","116646","NA","116649","NA","127550","238523","4630103","238513","4751522","4699402","4630126","4630796","4636187","4636186","4630104","4758571","4636478","4636478","4844474","NA","4758571","5935","4750666","4752297","4752264","7993","4738720","NA","NA","7994","4636464","4393755","4632757","5935","NA","5935","4653281","4653281","4738720","16795","4637307","5935","NA","NA","NA","8005","4842517","4631064","4627017","4631640","4632251","4632757","4633509","4634013","4634634","4635518","4626241","Norway Session 6","59","73093","61","0","0","yes","143","","1024","bru","Harry","","","320","wetted","355","fi","250","jewall","315","and","250","fi","250","jestreet","425","too.","285","",""
"NA","NA","96.7741935483871","96.7741935483871","1216.5967741935483","1216.5967741935483","#242424","xpyriment","legacy","legacy","0","uniform","1","undefined","1","1","0","undefined","undefined","1","f","undefined","0","0","0","0","0","0","0","0","0","0","0","NA","0","0","0","1","NA","0","11","11","61","61","0","73","0","431","431","431","431","NA","7","1151","8","0","0","3023","0","0","0","0","0","0","0","431","0","11","11","431","431","431","431","431","3","431","431","506","0","0","0","11","1","11","0","0","3","0","0","431","431","431","0","0","0","0","0","0","0","0","0","NA","NA","0","0","61","431","143","431","431","431","431","431","431","431","143","undefined","256","332","Thu Oct  3 17:47:30 2024","760","The main experiment item","yes","active","Norway_Session_6.osexp","1","C:\Users\Tromso\Desktop\LESS\Session 6","no","no","mono","no","18","no","white","no","Click to confirm or to begin from default part if nothing selected","8690","yes","neuter","active","differential object marking","2","article location violation","103","768","legacy","Mini-English","6","List 1: grammatical, DOM violation, article location violation","61","431","C:/Users/Tromso/Desktop/LESS/Session 6/subject-9.csv","1.2.3","xpyriment","","filler: not part of the study","singular","Lentiform Loewenfeld","3.3.14","0","f","NA","space","NA","space","NA","space","NA","space","j","f","NA","space","c","NA","space","NA","space","3","2336","NA","9282","NA","38447","NA","26179","NA","6125","853","2336","NA","38715","4627161","NA","10897","NA","110933","268","NA","8789","NA","space","2","legacy","Harry wetted fi jewall and fi jestreet too.","143","Session 6","NA","Gender assignment task","2024-10-03 17:47","1024","2","48000","-16","Session6","Norway","9","odd","word4","42","main","no","NA","109138","NA","26086","NA","16799","16795","5935","16795","4758571","4679467","NA","4700271","NA","4653283","4738720","NA","4752393","4750666","4750659","4844638","4844633","4653281","4846978","5934","4394263","4633371","4632251","4632803","NA","4303492","4635933","26086","NA","NA","4634265","4637293","116646","NA","116649","NA","127550","238523","4630103","238513","4751522","4699402","4630126","4630796","4636187","4636186","4630104","4758571","4636478","4636478","4847018","NA","4758571","5935","4750666","4752297","4752264","7993","4738720","NA","NA","7994","4636464","4393755","4632757","5935","NA","5935","4653281","4653281","4738720","16795","4637307","5935","NA","NA","NA","8005","4844638","4631064","4627017","4631640","4632251","4632757","4633509","4634013","4634634","4635518","4626241","Norway Session 6","60","75429","62","0","0","yes","143","","1024","option","Harry","","","320","wetted","355","fi","250","jewall","315","and","250","fi","250","jestreet","425","too.","285","",""
"NA","NA","96.82539682539682","96.82539682539682","1216.015873015873","1216.015873015873","#242424","xpyriment","legacy","legacy","0","uniform","1","undefined","1","1","0","undefined","undefined","1","f","undefined","0","0","0","0","0","0","0","0","0","0","0","NA","0","0","0","1","NA","0","11","11","62","62","0","74","0","431","431","431","431","NA","7","1151","8","0","0","3023","0","0","0","0","0","0","0","431","0","11","11","431","431","431","431","431","3","431","431","507","0","0","0","11","1","11","0","0","3","0","0","431","431","431","0","0","0","0","0","0","0","0","0","NA","NA","0","0","62","431","143","431","431","431","431","431","431","431","143","undefined","256","332","Thu Oct  3 17:47:30 2024","760","The main experiment item","yes","active","Norway_Session_6.osexp","1","C:\Users\Tromso\Desktop\LESS\Session 6","no","no","mono","no","18","no","white","no","Click to confirm or to begin from default part if nothing selected","50773","yes","neuter","active","differential object marking","2","article location violation","103","768","legacy","Mini-English","4","List 1: grammatical, DOM violation, article location violation","62","431","C:/Users/Tromso/Desktop/LESS/Session 6/subject-9.csv","1.2.3","xpyriment","","part of the study","singular","Lentiform Loewenfeld","3.3.14","0","f","NA","space","NA","space","NA","space","NA","space","j","f","NA","space","c","NA","space","NA","space","3","1180","NA","9282","NA","38447","NA","26179","NA","6125","853","1180","NA","38715","4627161","NA","10897","NA","110933","268","NA","8789","NA","space","2","legacy","Harry wetted fi jewall and fi jestreet too.","143","Session 6","NA","Gender assignment task","2024-10-03 17:47","1024","2","48000","-16","Session6","Norway","9","odd","word4","42","main","no","NA","109138","NA","26086","NA","16799","16795","5935","16795","4758571","4679467","NA","4700271","NA","4653283","4738720","NA","4752393","4750666","4750659","4847179","4847175","4653281","4848364","5934","4394263","4633371","4632251","4632803","NA","4303492","4635933","26086","NA","NA","4634265","4637293","116646","NA","116649","NA","127550","238523","4630103","238513","4751522","4699402","4630126","4630796","4636187","4636186","4630104","4758571","4636478","4636478","4848404","NA","4758571","5935","4750666","4752297","4752264","7993","4738720","NA","NA","7994","4636464","4393755","4632757","5935","NA","5935","4653281","4653281","4738720","16795","4637307","5935","NA","NA","NA","8005","4847179","4631064","4627017","4631640","4632251","4632757","4633509","4634013","4634634","4635518","4626241","Norway Session 6","61","76609","63","0","0","yes","143","","1024","brev","Harry","","","320","wetted","355","fi","250","jewall","315","and","250","fi","250","jestreet","425","too.","285","",""
"NA","NA","96.875","96.875","1209.203125","1209.203125","#242424","xpyriment","legacy","legacy","0","uniform","1","undefined","1","1","0","undefined","undefined","1","f","undefined","0","0","0","0","0","0","0","0","0","0","0","NA","0","0","0","1","NA","0","11","11","63","63","0","75","0","431","431","431","431","NA","7","1151","8","0","0","3023","0","0","0","0","0","0","0","431","0","11","11","431","431","431","431","431","3","431","431","508","0","0","0","11","1","11","0","0","3","0","0","431","431","431","0","0","0","0","0","0","0","0","0","NA","NA","0","0","63","431","143","431","431","431","431","431","431","431","143","undefined","256","332","Thu Oct  3 17:47:30 2024","760","The main experiment item","yes","active","Norway_Session_6.osexp","1","C:\Users\Tromso\Desktop\LESS\Session 6","no","no","mono","no","18","no","white","no","Click to confirm or to begin from default part if nothing selected","12026","yes","neuter","active","differential object marking","2","article location violation","103","768","legacy","Mini-English","7","List 1: grammatical, DOM violation, article location violation","63","431","C:/Users/Tromso/Desktop/LESS/Session 6/subject-9.csv","1.2.3","xpyriment","","filler: not part of the study","singular","Lentiform Loewenfeld","3.3.14","0","f","NA","space","NA","space","NA","space","NA","space","j","f","NA","space","c","NA","space","NA","space","3","780","NA","9282","NA","38447","NA","26179","NA","6125","853","780","NA","38715","4627161","NA","10897","NA","110933","268","NA","8789","NA","space","2","legacy","Harry wetted fi jewall and fi jestreet too.","143","Session 6","NA","Gender assignment task","2024-10-03 17:47","1024","2","48000","-16","Session6","Norway","9","odd","word4","42","main","no","NA","109138","NA","26086","NA","16799","16795","5935","16795","4758571","4679467","NA","4700271","NA","4653283","4738720","NA","4752393","4750666","4750659","4848571","4848566","4653281","4849355","5934","4394263","4633371","4632251","4632803","NA","4303492","4635933","26086","NA","NA","4634265","4637293","116646","NA","116649","NA","127550","238523","4630103","238513","4751522","4699402","4630126","4630796","4636187","4636186","4630104","4758571","4636478","4636478","4849395","NA","4758571","5935","4750666","4752297","4752264","7993","4738720","NA","NA","7994","4636464","4393755","4632757","5935","NA","5935","4653281","4653281","4738720","16795","4637307","5935","NA","NA","NA","8005","4848571","4631064","4627017","4631640","4632251","4632757","4633509","4634013","4634634","4635518","4626241","Norway Session 6","62","77389","64","0","0","yes","143","","1024","univers","Harry","","","320","wetted","355","fi","250","jewall","315","and","250","fi","250","jestreet","425","too.","285","",""
"NA","NA","96.92307692307692","96.92307692307692","1201.923076923077","1201.923076923077","#242424","xpyriment","legacy","legacy","0","uniform","1","undefined","1","1","0","undefined","undefined","1","f","undefined","0","0","0","0","0","0","0","0","0","0","0","NA","0","0","0","1","NA","0","11","11","64","64","0","76","0","431","431","431","431","NA","7","1151","8","0","0","3023","0","0","0","0","0","0","0","431","0","11","11","431","431","431","431","431","3","431","431","509","0","0","0","11","1","11","0","0","3","0","0","431","431","431","0","0","0","0","0","0","0","0","0","NA","NA","0","0","64","431","143","431","431","431","431","431","431","431","143","undefined","256","332","Thu Oct  3 17:47:30 2024","760","The main experiment item","yes","active","Norway_Session_6.osexp","1","C:\Users\Tromso\Desktop\LESS\Session 6","no","no","mono","no","18","no","white","no","Click to confirm or to begin from default part if nothing selected","8972","yes","neuter","active","differential object marking","2","article location violation","103","768","legacy","Mini-English","5","List 1: grammatical, DOM violation, article location violation","64","431","C:/Users/Tromso/Desktop/LESS/Session 6/subject-9.csv","1.2.3","xpyriment","","part of the study","singular","Lentiform Loewenfeld","3.3.14","0","f","NA","space","NA","space","NA","space","NA","space","j","f","NA","space","c","NA","space","NA","space","3","736","NA","9282","NA","38447","NA","26179","NA","6125","853","736","NA","38715","4627161","NA","10897","NA","110933","268","NA","8789","NA","space","2","legacy","Harry wetted fi jewall and fi jestreet too.","143","Session 6","NA","Gender assignment task","2024-10-03 17:47","1024","2","48000","-16","Session6","Norway","9","odd","word4","42","main","no","NA","109138","NA","26086","NA","16799","16795","5935","16795","4758571","4679467","NA","4700271","NA","4653283","4738720","NA","4752393","4750666","4750659","4849559","4849554","4653281","4850299","5934","4394263","4633371","4632251","4632803","NA","4303492","4635933","26086","NA","NA","4634265","4637293","116646","NA","116649","NA","127550","238523","4630103","238513","4751522","4699402","4630126","4630796","4636187","4636186","4630104","4758571","4636478","4636478","4850339","NA","4758571","5935","4750666","4752297","4752264","7993","4738720","NA","NA","7994","4636464","4393755","4632757","5935","NA","5935","4653281","4653281","4738720","16795","4637307","5935","NA","NA","NA","8005","4849559","4631064","4627017","4631640","4632251","4632757","4633509","4634013","4634634","4635518","4626241","Norway Session 6","63","78125","65","0","0","yes","143","","1024","speil","Harry","","","320","wetted","355","fi","250","jewall","315","and","250","fi","250","jestreet","425","too.","285","",""
"NA","NA","96.96969696969697","96.96969696969697","1194.8484848484848","1194.8484848484848","#242424","xpyriment","legacy","legacy","0","uniform","1","undefined","1","1","0","undefined","undefined","1","f","undefined","0","0","0","0","0","0","0","0","0","0","0","NA","0","0","0","1","NA","0","11","11","65","65","0","77","0","431","431","431","431","NA","7","1151","8","0","0","3023","0","0","0","0","0","0","0","431","0","11","11","431","431","431","431","431","3","431","431","510","0","0","0","11","1","11","0","0","3","0","0","431","431","431","0","0","0","0","0","0","0","0","0","NA","NA","0","0","65","431","143","431","431","431","431","431","431","431","143","undefined","256","332","Thu Oct  3 17:47:30 2024","760","The main experiment item","yes","active","Norway_Session_6.osexp","1","C:\Users\Tromso\Desktop\LESS\Session 6","no","no","mono","no","18","no","white","no","Click to confirm or to begin from default part if nothing selected","11213","yes","neuter","active","differential object marking","2","article location violation","103","768","legacy","Mini-English","4","List 1: grammatical, DOM violation, article location violation","65","431","C:/Users/Tromso/Desktop/LESS/Session 6/subject-9.csv","1.2.3","xpyriment","","part of the study","singular","Lentiform Loewenfeld","3.3.14","0","f","NA","space","NA","space","NA","space","NA","space","j","f","NA","space","c","NA","space","NA","space","3","735","NA","9282","NA","38447","NA","26179","NA","6125","853","735","NA","38715","4627161","NA","10897","NA","110933","268","NA","8789","NA","space","2","legacy","Harry wetted fi jewall and fi jestreet too.","143","Session 6","NA","Gender assignment task","2024-10-03 17:47","1024","2","48000","-16","Session6","Norway","9","odd","word4","42","main","no","NA","109138","NA","26086","NA","16799","16795","5935","16795","4758571","4679467","NA","4700271","NA","4653283","4738720","NA","4752393","4750666","4750659","4850511","4850506","4653281","4851250","5934","4394263","4633371","4632251","4632803","NA","4303492","4635933","26086","NA","NA","4634265","4637293","116646","NA","116649","NA","127550","238523","4630103","238513","4751522","4699402","4630126","4630796","4636187","4636186","4630104","4758571","4636478","4636478","4851290","NA","4758571","5935","4750666","4752297","4752264","7993","4738720","NA","NA","7994","4636464","4393755","4632757","5935","NA","5935","4653281","4653281","4738720","16795","4637307","5935","NA","NA","NA","8005","4850511","4631064","4627017","4631640","4632251","4632757","4633509","4634013","4634634","4635518","4626241","Norway Session 6","64","78860","66","0","0","yes","143","","1024","skap","Harry","","","320","wetted","355","fi","250","jewall","315","and","250","fi","250","jestreet","425","too.","285","",""
"NA","NA","97.01492537313433","97.01492537313433","1207.2238805970148","1207.2238805970148","#242424","xpyriment","legacy","legacy","0","uniform","1","undefined","1","1","0","undefined","undefined","1","j","undefined","0","0","0","0","0","0","0","0","0","0","0","NA","0","0","0","1","NA","0","11","11","66","66","0","78","0","431","431","431","431","NA","7","1151","8","0","0","3023","0","0","0","0","0","0","0","431","0","11","11","431","431","431","431","431","3","431","431","511","0","0","0","11","1","11","0","0","3","0","0","431","431","431","0","0","0","0","0","0","0","0","0","NA","NA","0","0","66","431","143","431","431","431","431","431","431","431","143","undefined","256","332","Thu Oct  3 17:47:30 2024","760","The main experiment item","yes","active","Norway_Session_6.osexp","1","C:\Users\Tromso\Desktop\LESS\Session 6","no","no","mono","no","18","no","white","no","Click to confirm or to begin from default part if nothing selected","5455","yes","feminine","active","differential object marking","2","article location violation","103","768","legacy","Mini-English","4","List 1: grammatical, DOM violation, article location violation","66","431","C:/Users/Tromso/Desktop/LESS/Session 6/subject-9.csv","1.2.3","xpyriment","","filler: not part of the study","singular","Lentiform Loewenfeld","3.3.14","0","j","NA","space","NA","space","NA","space","NA","space","j","j","NA","space","c","NA","space","NA","space","3","2024","NA","9282","NA","38447","NA","26179","NA","6125","853","2024","NA","38715","4627161","NA","10897","NA","110933","268","NA","8789","NA","space","2","legacy","Harry wetted fi jewall and fi jestreet too.","143","Session 6","NA","Gender assignment task","2024-10-03 17:47","1024","2","48000","-16","Session6","Norway","9","odd","word4","42","main","no","NA","109138","NA","26086","NA","16799","16795","5935","16795","4758571","4679467","NA","4700271","NA","4653283","4738720","NA","4752393","4750666","4750659","4851455","4851450","4653281","4853483","5934","4394263","4633371","4632251","4632803","NA","4303492","4635933","26086","NA","NA","4634265","4637293","116646","NA","116649","NA","127550","238523","4630103","238513","4751522","4699402","4630126","4630796","4636187","4636186","4630104","4758571","4636478","4636478","4853523","NA","4758571","5935","4750666","4752297","4752264","7993","4738720","NA","NA","7994","4636464","4393755","4632757","5935","NA","5935","4653281","4653281","4738720","16795","4637307","5935","NA","NA","NA","8005","4851455","4631064","4627017","4631640","4632251","4632757","4633509","4634013","4634634","4635518","4626241","Norway Session 6","65","80884","67","0","0","yes","143","","1024","vist","Harry","","","320","wetted","355","fi","250","jewall","315","and","250","fi","250","jestreet","425","too.","285","",""
"NA","NA","97.05882352941177","97.05882352941177","1198.6323529411766","1198.6323529411766","#242424","xpyriment","legacy","legacy","0","uniform","1","undefined","1","1","0","undefined","undefined","1","f","undefined","0","0","0","0","0","0","0","0","0","0","0","NA","0","0","0","1","NA","0","11","11","67","67","0","79","0","431","431","431","431","NA","7","1151","8","0","0","3023","0","0","0","0","0","0","0","431","0","11","11","431","431","431","431","431","3","431","431","512","0","0","0","11","1","11","0","0","3","0","0","431","431","431","0","0","0","0","0","0","0","0","0","NA","NA","0","0","67","431","143","431","431","431","431","431","431","431","143","undefined","256","332","Thu Oct  3 17:47:30 2024","760","The main experiment item","yes","active","Norway_Session_6.osexp","1","C:\Users\Tromso\Desktop\LESS\Session 6","no","no","mono","no","18","no","white","no","Click to confirm or to begin from default part if nothing selected","80783","yes","neuter","active","differential object marking","2","article location violation","103","768","legacy","Mini-English","3","List 1: grammatical, DOM violation, article location violation","67","431","C:/Users/Tromso/Desktop/LESS/Session 6/subject-9.csv","1.2.3","xpyriment","","part of the study","singular","Lentiform Loewenfeld","3.3.14","0","f","NA","space","NA","space","NA","space","NA","space","j","f","NA","space","c","NA","space","NA","space","3","623","NA","9282","NA","38447","NA","26179","NA","6125","853","623","NA","38715","4627161","NA","10897","NA","110933","268","NA","8789","NA","space","2","legacy","Harry wetted fi jewall and fi jestreet too.","143","Session 6","NA","Gender assignment task","2024-10-03 17:47","1024","2","48000","-16","Session6","Norway","9","odd","word4","42","main","no","NA","109138","NA","26086","NA","16799","16795","5935","16795","4758571","4679467","NA","4700271","NA","4653283","4738720","NA","4752393","4750666","4750659","4853688","4853683","4653281","4854315","5934","4394263","4633371","4632251","4632803","NA","4303492","4635933","26086","NA","NA","4634265","4637293","116646","NA","116649","NA","127550","238523","4630103","238513","4751522","4699402","4630126","4630796","4636187","4636186","4630104","4758571","4636478","4636478","4854355","NA","4758571","5935","4750666","4752297","4752264","7993","4738720","NA","NA","7994","4636464","4393755","4632757","5935","NA","5935","4653281","4653281","4738720","16795","4637307","5935","NA","NA","NA","8005","4853688","4631064","4627017","4631640","4632251","4632757","4633509","4634013","4634634","4635518","4626241","Norway Session 6","66","81507","68","0","0","yes","143","","1024","tak","Harry","","","320","wetted","355","fi","250","jewall","315","and","250","fi","250","jestreet","425","too.","285","",""
"NA","NA","97.10144927536231","97.10144927536231","1207.840579710145","1207.840579710145","#242424","xpyriment","legacy","legacy","0","uniform","1","undefined","1","1","0","undefined","undefined","1","j","undefined","0","0","0","0","0","0","0","0","0","0","0","NA","0","0","0","1","NA","0","11","11","68","68","0","80","0","431","431","431","431","NA","7","1151","8","0","0","3023","0","0","0","0","0","0","0","431","0","11","11","431","431","431","431","431","3","431","431","513","0","0","0","11","1","11","0","0","3","0","0","431","431","431","0","0","0","0","0","0","0","0","0","NA","NA","0","0","68","431","143","431","431","431","431","431","431","431","143","undefined","256","332","Thu Oct  3 17:47:30 2024","760","The main experiment item","yes","active","Norway_Session_6.osexp","1","C:\Users\Tromso\Desktop\LESS\Session 6","no","no","mono","no","18","no","white","no","Click to confirm or to begin from default part if nothing selected","14152","yes","masculine","active","differential object marking","2","article location violation","103","768","legacy","Mini-English","3","List 1: grammatical, DOM violation, article location violation","68","431","C:/Users/Tromso/Desktop/LESS/Session 6/subject-9.csv","1.2.3","xpyriment","","filler: not part of the study","singular","Lentiform Loewenfeld","3.3.14","0","j","NA","space","NA","space","NA","space","NA","space","j","j","NA","space","c","NA","space","NA","space","3","1834","NA","9282","NA","38447","NA","26179","NA","6125","853","1834","NA","38715","4627161","NA","10897","NA","110933","268","NA","8789","NA","space","2","legacy","Harry wetted fi jewall and fi jestreet too.","143","Session 6","NA","Gender assignment task","2024-10-03 17:47","1024","2","48000","-16","Session6","Norway","9","odd","word4","42","main","no","NA","109138","NA","26086","NA","16799","16795","5935","16795","4758571","4679467","NA","4700271","NA","4653283","4738720","NA","4752393","4750666","4750659","4854525","4854519","4653281","4856363","5934","4394263","4633371","4632251","4632803","NA","4303492","4635933","26086","NA","NA","4634265","4637293","116646","NA","116649","NA","127550","238523","4630103","238513","4751522","4699402","4630126","4630796","4636187","4636186","4630104","4758571","4636478","4636478","4856403","NA","4758571","5935","4750666","4752297","4752264","7993","4738720","NA","NA","7994","4636464","4393755","4632757","5935","NA","5935","4653281","4653281","4738720","16795","4637307","5935","NA","NA","NA","8005","4854525","4631064","4627017","4631640","4632251","4632757","4633509","4634013","4634634","4635518","4626241","Norway Session 6","67","83341","69","0","0","yes","143","","1024","veg","Harry","","","320","wetted","355","fi","250","jewall","315","and","250","fi","250","jestreet","425","too.","285","",""
"NA","NA","97.14285714285714","97.14285714285714","1205.5714285714287","1205.5714285714287","#242424","xpyriment","legacy","legacy","0","uniform","1","undefined","1","1","0","undefined","undefined","1","f","undefined","0","0","0","0","0","0","0","0","0","0","0","NA","0","0","0","1","NA","0","11","11","69","69","0","81","0","431","431","431","431","NA","7","1151","8","0","0","3023","0","0","0","0","0","0","0","431","0","11","11","431","431","431","431","431","3","431","431","514","0","0","0","11","1","11","0","0","3","0","0","431","431","431","0","0","0","0","0","0","0","0","0","NA","NA","0","0","69","431","143","431","431","431","431","431","431","431","143","undefined","256","332","Thu Oct  3 17:47:30 2024","760","The main experiment item","yes","active","Norway_Session_6.osexp","1","C:\Users\Tromso\Desktop\LESS\Session 6","no","no","mono","no","18","no","white","no","Click to confirm or to begin from default part if nothing selected","21404","yes","neuter","active","differential object marking","2","article location violation","103","768","legacy","Mini-English","6","List 1: grammatical, DOM violation, article location violation","69","431","C:/Users/Tromso/Desktop/LESS/Session 6/subject-9.csv","1.2.3","xpyriment","","filler: not part of the study","singular","Lentiform Loewenfeld","3.3.14","0","f","NA","space","NA","space","NA","space","NA","space","j","f","NA","space","c","NA","space","NA","space","3","1049","NA","9282","NA","38447","NA","26179","NA","6125","853","1049","NA","38715","4627161","NA","10897","NA","110933","268","NA","8789","NA","space","2","legacy","Harry wetted fi jewall and fi jestreet too.","143","Session 6","NA","Gender assignment task","2024-10-03 17:47","1024","2","48000","-16","Session6","Norway","9","odd","word4","42","main","no","NA","109138","NA","26086","NA","16799","16795","5935","16795","4758571","4679467","NA","4700271","NA","4653283","4738720","NA","4752393","4750666","4750659","4856566","4856561","4653281","4857619","5934","4394263","4633371","4632251","4632803","NA","4303492","4635933","26086","NA","NA","4634265","4637293","116646","NA","116649","NA","127550","238523","4630103","238513","4751522","4699402","4630126","4630796","4636187","4636186","4630104","4758571","4636478","4636478","4857659","NA","4758571","5935","4750666","4752297","4752264","7993","4738720","NA","NA","7994","4636464","4393755","4632757","5935","NA","5935","4653281","4653281","4738720","16795","4637307","5935","NA","NA","NA","8005","4856566","4631064","4627017","4631640","4632251","4632757","4633509","4634013","4634634","4635518","4626241","Norway Session 6","68","84390","70","0","0","yes","143","","1024","opptak","Harry","","","320","wetted","355","fi","250","jewall","315","and","250","fi","250","jestreet","425","too.","285","",""
"NA","NA","95.77464788732394","95.77464788732394","1213.5633802816901","1213.5633802816901","#242424","xpyriment","legacy","legacy","0","uniform","0","undefined","1","0","0","undefined","undefined","1","j","undefined","0","0","0","0","0","0","0","0","0","0","0","NA","0","0","0","1","NA","0","11","11","70","70","0","82","0","431","431","431","431","NA","7","1151","8","0","0","3023","0","0","0","0","0","0","0","431","0","11","11","431","431","431","431","431","3","431","431","515","0","0","0","11","1","11","0","0","3","0","0","431","431","431","0","0","0","0","0","0","0","0","0","NA","NA","0","0","70","431","143","431","431","431","431","431","431","431","143","undefined","256","332","Thu Oct  3 17:47:30 2024","760","The main experiment item","yes","active","Norway_Session_6.osexp","1","C:\Users\Tromso\Desktop\LESS\Session 6","no","no","mono","no","18","no","white","no","Click to confirm or to begin from default part if nothing selected","17470","yes","feminine","active","differential object marking","2","article location violation","103","768","legacy","Mini-English","3","List 1: grammatical, DOM violation, article location violation","70","431","C:/Users/Tromso/Desktop/LESS/Session 6/subject-9.csv","1.2.3","xpyriment","","filler: not part of the study","singular","Lentiform Loewenfeld","3.3.14","0","f","NA","space","NA","space","NA","space","NA","space","j","f","NA","space","c","NA","space","NA","space","3","1773","NA","9282","NA","38447","NA","26179","NA","6125","853","1773","NA","38715","4627161","NA","10897","NA","110933","268","NA","8789","NA","space","2","legacy","Harry wetted fi jewall and fi jestreet too.","143","Session 6","NA","Gender assignment task","2024-10-03 17:47","1024","2","48000","-16","Session6","Norway","9","odd","word4","42","main","no","NA","109138","NA","26086","NA","16799","16795","5935","16795","4758571","4679467","NA","4700271","NA","4653283","4738720","NA","4752393","4750666","4750659","4857826","4857821","4653281","4859603","5934","4394263","4633371","4632251","4632803","NA","4303492","4635933","26086","NA","NA","4634265","4637293","116646","NA","116649","NA","127550","238523","4630103","238513","4751522","4699402","4630126","4630796","4636187","4636186","4630104","4758571","4636478","4636478","4859643","NA","4758571","5935","4750666","4752297","4752264","7993","4738720","NA","NA","7994","4636464","4393755","4632757","5935","NA","5935","4653281","4653281","4738720","16795","4637307","5935","NA","NA","NA","8005","4857826","4631064","4627017","4631640","4632251","4632757","4633509","4634013","4634634","4635518","4626241","Norway Session 6","68","86163","71","0","0","yes","143","","1024","nov","Harry","","","320","wetted","355","fi","250","jewall","315","and","250","fi","250","jestreet","425","too.","285","",""
"NA","NA","95.83333333333333","95.83333333333333","1231.0416666666667","1231.0416666666667","#242424","xpyriment","legacy","legacy","0","uniform","1","undefined","1","1","0","undefined","undefined","1","f","undefined","0","0","0","0","0","0","0","0","0","0","0","NA","0","0","0","1","NA","0","11","11","71","71","0","83","0","431","431","431","431","NA","7","1151","8","0","0","3023","0","0","0","0","0","0","0","431","0","11","11","431","431","431","431","431","3","431","431","516","0","0","0","11","1","11","0","0","3","0","0","431","431","431","0","0","0","0","0","0","0","0","0","NA","NA","0","0","71","431","143","431","431","431","431","431","431","431","143","undefined","256","332","Thu Oct  3 17:47:30 2024","760","The main experiment item","yes","active","Norway_Session_6.osexp","1","C:\Users\Tromso\Desktop\LESS\Session 6","no","no","mono","no","18","no","white","no","Click to confirm or to begin from default part if nothing selected","19953","yes","neuter","active","differential object marking","2","article location violation","103","768","legacy","Mini-English","4","List 1: grammatical, DOM violation, article location violation","71","431","C:/Users/Tromso/Desktop/LESS/Session 6/subject-9.csv","1.2.3","xpyriment","","filler: not part of the study","singular","Lentiform Loewenfeld","3.3.14","0","f","NA","space","NA","space","NA","space","NA","space","j","f","NA","space","c","NA","space","NA","space","3","2472","NA","9282","NA","38447","NA","26179","NA","6125","853","2472","NA","38715","4627161","NA","10897","NA","110933","268","NA","8789","NA","space","2","legacy","Harry wetted fi jewall and fi jestreet too.","143","Session 6","NA","Gender assignment task","2024-10-03 17:47","1024","2","48000","-16","Session6","Norway","9","odd","word4","42","main","no","NA","109138","NA","26086","NA","16799","16795","5935","16795","4758571","4679467","NA","4700271","NA","4653283","4738720","NA","4752393","4750666","4750659","4859807","4859802","4653281","4862283","5934","4394263","4633371","4632251","4632803","NA","4303492","4635933","26086","NA","NA","4634265","4637293","116646","NA","116649","NA","127550","238523","4630103","238513","4751522","4699402","4630126","4630796","4636187","4636186","4630104","4758571","4636478","4636478","4862323","NA","4758571","5935","4750666","4752297","4752264","7993","4738720","NA","NA","7994","4636464","4393755","4632757","5935","NA","5935","4653281","4653281","4738720","16795","4637307","5935","NA","NA","NA","8005","4859807","4631064","4627017","4631640","4632251","4632757","4633509","4634013","4634634","4635518","4626241","Norway Session 6","69","88635","72","0","0","yes","143","","1024","regn","Harry","","","320","wetted","355","fi","250","jewall","315","and","250","fi","250","jestreet","425","too.","285","",""
"NA","NA","95.89041095890411","95.89041095890411","1226.7808219178082","1226.7808219178082","#242424","xpyriment","legacy","legacy","0","uniform","1","undefined","1","1","0","undefined","undefined","1","j","undefined","0","0","0","0","0","0","0","0","0","0","0","NA","0","0","0","1","NA","0","11","11","72","72","0","84","0","431","431","431","431","NA","7","1151","8","0","0","3023","0","0","0","0","0","0","0","431","0","11","11","431","431","431","431","431","3","431","431","517","0","0","0","11","1","11","0","0","3","0","0","431","431","431","0","0","0","0","0","0","0","0","0","NA","NA","0","0","72","431","143","431","431","431","431","431","431","431","143","undefined","256","332","Thu Oct  3 17:47:30 2024","760","The main experiment item","yes","active","Norway_Session_6.osexp","1","C:\Users\Tromso\Desktop\LESS\Session 6","no","no","mono","no","18","no","white","no","Click to confirm or to begin from default part if nothing selected","11809","yes","feminine","active","differential object marking","2","article location violation","103","768","legacy","Mini-English","3","List 1: grammatical, DOM violation, article location violation","72","431","C:/Users/Tromso/Desktop/LESS/Session 6/subject-9.csv","1.2.3","xpyriment","","filler: not part of the study","singular","Lentiform Loewenfeld","3.3.14","0","j","NA","space","NA","space","NA","space","NA","space","j","j","NA","space","c","NA","space","NA","space","3","920","NA","9282","NA","38447","NA","26179","NA","6125","853","920","NA","38715","4627161","NA","10897","NA","110933","268","NA","8789","NA","space","2","legacy","Harry wetted fi jewall and fi jestreet too.","143","Session 6","NA","Gender assignment task","2024-10-03 17:47","1024","2","48000","-16","Session6","Norway","9","odd","word4","42","main","no","NA","109138","NA","26086","NA","16799","16795","5935","16795","4758571","4679467","NA","4700271","NA","4653283","4738720","NA","4752393","4750666","4750659","4862486","4862481","4653281","4863411","5934","4394263","4633371","4632251","4632803","NA","4303492","4635933","26086","NA","NA","4634265","4637293","116646","NA","116649","NA","127550","238523","4630103","238513","4751522","4699402","4630126","4630796","4636187","4636186","4630104","4758571","4636478","4636478","4863451","NA","4758571","5935","4750666","4752297","4752264","7993","4738720","NA","NA","7994","4636464","4393755","4632757","5935","NA","5935","4653281","4653281","4738720","16795","4637307","5935","NA","NA","NA","8005","4862486","4631064","4627017","4631640","4632251","4632757","4633509","4634013","4634634","4635518","4626241","Norway Session 6","70","89555","73","0","0","yes","143","","1024","mus","Harry","","","320","wetted","355","fi","250","jewall","315","and","250","fi","250","jestreet","425","too.","285","",""
"NA","NA","94.5945945945946","94.5945945945946","1227.1891891891892","1227.1891891891892","#242424","xpyriment","legacy","legacy","0","uniform","0","undefined","1","0","0","undefined","undefined","1","f","undefined","0","0","0","0","0","0","0","0","0","0","0","NA","0","0","0","1","NA","0","11","11","73","73","0","85","0","431","431","431","431","NA","7","1151","8","0","0","3023","0","0","0","0","0","0","0","431","0","11","11","431","431","431","431","431","3","431","431","518","0","0","0","11","1","11","0","0","3","0","0","431","431","431","0","0","0","0","0","0","0","0","0","NA","NA","0","0","73","431","143","431","431","431","431","431","431","431","143","undefined","256","332","Thu Oct  3 17:47:30 2024","760","The main experiment item","yes","active","Norway_Session_6.osexp","1","C:\Users\Tromso\Desktop\LESS\Session 6","no","no","mono","no","18","no","white","no","Click to confirm or to begin from default part if nothing selected","1919","yes","neuter","active","differential object marking","2","article location violation","103","768","legacy","Mini-English","5","List 1: grammatical, DOM violation, article location violation","73","431","C:/Users/Tromso/Desktop/LESS/Session 6/subject-9.csv","1.2.3","xpyriment","","part of the study","singular","Lentiform Loewenfeld","3.3.14","0","j","NA","space","NA","space","NA","space","NA","space","j","j","NA","space","c","NA","space","NA","space","3","1257","NA","9282","NA","38447","NA","26179","NA","6125","853","1257","NA","38715","4627161","NA","10897","NA","110933","268","NA","8789","NA","space","2","legacy","Harry wetted fi jewall and fi jestreet too.","143","Session 6","NA","Gender assignment task","2024-10-03 17:47","1024","2","48000","-16","Session6","Norway","9","odd","word4","42","main","no","NA","109138","NA","26086","NA","16799","16795","5935","16795","4758571","4679467","NA","4700271","NA","4653283","4738720","NA","4752393","4750666","4750659","4863614","4863609","4653281","4864875","5934","4394263","4633371","4632251","4632803","NA","4303492","4635933","26086","NA","NA","4634265","4637293","116646","NA","116649","NA","127550","238523","4630103","238513","4751522","4699402","4630126","4630796","4636187","4636186","4630104","4758571","4636478","4636478","4864915","NA","4758571","5935","4750666","4752297","4752264","7993","4738720","NA","NA","7994","4636464","4393755","4632757","5935","NA","5935","4653281","4653281","4738720","16795","4637307","5935","NA","NA","NA","8005","4863614","4631064","4627017","4631640","4632251","4632757","4633509","4634013","4634634","4635518","4626241","Norway Session 6","70","90812","74","0","0","yes","143","","1024","slips","Harry","","","320","wetted","355","fi","250","jewall","315","and","250","fi","250","jestreet","425","too.","285","",""
"NA","NA","94.66666666666667","94.66666666666667","1223.32","1223.32","#242424","xpyriment","legacy","legacy","0","uniform","1","undefined","1","1","0","undefined","undefined","1","f","undefined","0","0","0","0","0","0","0","0","0","0","0","NA","0","0","0","1","NA","0","11","11","74","74","0","86","0","431","431","431","431","NA","7","1151","8","0","0","3023","0","0","0","0","0","0","0","431","0","11","11","431","431","431","431","431","3","431","431","519","0","0","0","11","1","11","0","0","3","0","0","431","431","431","0","0","0","0","0","0","0","0","0","NA","NA","0","0","74","431","143","431","431","431","431","431","431","431","143","undefined","256","332","Thu Oct  3 17:47:30 2024","760","The main experiment item","yes","active","Norway_Session_6.osexp","1","C:\Users\Tromso\Desktop\LESS\Session 6","no","no","mono","no","18","no","white","no","Click to confirm or to begin from default part if nothing selected","1510","yes","neuter","active","differential object marking","2","article location violation","103","768","legacy","Mini-English","10","List 1: grammatical, DOM violation, article location violation","74","431","C:/Users/Tromso/Desktop/LESS/Session 6/subject-9.csv","1.2.3","xpyriment","","part of the study","singular","Lentiform Loewenfeld","3.3.14","0","f","NA","space","NA","space","NA","space","NA","space","j","f","NA","space","c","NA","space","NA","space","3","937","NA","9282","NA","38447","NA","26179","NA","6125","853","937","NA","38715","4627161","NA","10897","NA","110933","268","NA","8789","NA","space","2","legacy","Harry wetted fi jewall and fi jestreet too.","143","Session 6","NA","Gender assignment task","2024-10-03 17:47","1024","2","48000","-16","Session6","Norway","9","odd","word4","42","main","no","NA","109138","NA","26086","NA","16799","16795","5935","16795","4758571","4679467","NA","4700271","NA","4653283","4738720","NA","4752393","4750666","4750659","4865078","4865073","4653281","4866019","5934","4394263","4633371","4632251","4632803","NA","4303492","4635933","26086","NA","NA","4634265","4637293","116646","NA","116649","NA","127550","238523","4630103","238513","4751522","4699402","4630126","4630796","4636187","4636186","4630104","4758571","4636478","4636478","4866059","NA","4758571","5935","4750666","4752297","4752264","7993","4738720","NA","NA","7994","4636464","4393755","4632757","5935","NA","5935","4653281","4653281","4738720","16795","4637307","5935","NA","NA","NA","8005","4865078","4631064","4627017","4631640","4632251","4632757","4633509","4634013","4634634","4635518","4626241","Norway Session 6","71","91749","75","0","0","yes","143","","1024","stearinlys","Harry","","","320","wetted","355","fi","250","jewall","315","and","250","fi","250","jestreet","425","too.","285","",""
"NA","NA","94.73684210526316","94.73684210526316","1227.3157894736842","1227.3157894736842","#242424","xpyriment","legacy","legacy","0","uniform","1","undefined","1","1","0","undefined","undefined","1","j","undefined","0","0","0","0","0","0","0","0","0","0","0","NA","0","0","0","1","NA","0","11","11","75","75","0","87","0","431","431","431","431","NA","7","1151","8","0","0","3023","0","0","0","0","0","0","0","431","0","11","11","431","431","431","431","431","3","431","431","520","0","0","0","11","1","11","0","0","3","0","0","431","431","431","0","0","0","0","0","0","0","0","0","NA","NA","0","0","75","431","143","431","431","431","431","431","431","431","143","undefined","256","332","Thu Oct  3 17:47:30 2024","760","The main experiment item","yes","active","Norway_Session_6.osexp","1","C:\Users\Tromso\Desktop\LESS\Session 6","no","no","mono","no","18","no","white","no","Click to confirm or to begin from default part if nothing selected","5072","yes","feminine","active","differential object marking","2","article location violation","103","768","legacy","Mini-English","6","List 1: grammatical, DOM violation, article location violation","75","431","C:/Users/Tromso/Desktop/LESS/Session 6/subject-9.csv","1.2.3","xpyriment","","filler: not part of the study","singular","Lentiform Loewenfeld","3.3.14","0","j","NA","space","NA","space","NA","space","NA","space","j","j","NA","space","c","NA","space","NA","space","3","1527","NA","9282","NA","38447","NA","26179","NA","6125","853","1527","NA","38715","4627161","NA","10897","NA","110933","268","NA","8789","NA","space","2","legacy","Harry wetted fi jewall and fi jestreet too.","143","Session 6","NA","Gender assignment task","2024-10-03 17:47","1024","2","48000","-16","Session6","Norway","9","odd","word4","42","main","no","NA","109138","NA","26086","NA","16799","16795","5935","16795","4758571","4679467","NA","4700271","NA","4653283","4738720","NA","4752393","4750666","4750659","4866232","4866227","4653281","4867763","5934","4394263","4633371","4632251","4632803","NA","4303492","4635933","26086","NA","NA","4634265","4637293","116646","NA","116649","NA","127550","238523","4630103","238513","4751522","4699402","4630126","4630796","4636187","4636186","4630104","4758571","4636478","4636478","4867803","NA","4758571","5935","4750666","4752297","4752264","7993","4738720","NA","NA","7994","4636464","4393755","4632757","5935","NA","5935","4653281","4653281","4738720","16795","4637307","5935","NA","NA","NA","8005","4866232","4631064","4627017","4631640","4632251","4632757","4633509","4634013","4634634","4635518","4626241","Norway Session 6","72","93276","76","0","0","yes","143","","1024","report","Harry","","","320","wetted","355","fi","250","jewall","315","and","250","fi","250","jestreet","425","too.","285","",""
"NA","NA","94.8051948051948","94.8051948051948","1223.7662337662337","1223.7662337662337","#242424","xpyriment","legacy","legacy","0","uniform","1","undefined","1","1","0","undefined","undefined","1","j","undefined","0","0","0","0","0","0","0","0","0","0","0","NA","0","0","0","1","NA","0","11","11","76","76","0","88","0","431","431","431","431","NA","7","1151","8","0","0","3023","0","0","0","0","0","0","0","431","0","11","11","431","431","431","431","431","3","431","431","521","0","0","0","11","1","11","0","0","3","0","0","431","431","431","0","0","0","0","0","0","0","0","0","NA","NA","0","0","76","431","143","431","431","431","431","431","431","431","143","undefined","256","332","Thu Oct  3 17:47:30 2024","760","The main experiment item","yes","active","Norway_Session_6.osexp","1","C:\Users\Tromso\Desktop\LESS\Session 6","no","no","mono","no","18","no","white","no","Click to confirm or to begin from default part if nothing selected","8145","yes","feminine","active","differential object marking","2","article location violation","103","768","legacy","Mini-English","5","List 1: grammatical, DOM violation, article location violation","76","431","C:/Users/Tromso/Desktop/LESS/Session 6/subject-9.csv","1.2.3","xpyriment","","filler: not part of the study","singular","Lentiform Loewenfeld","3.3.14","0","j","NA","space","NA","space","NA","space","NA","space","j","j","NA","space","c","NA","space","NA","space","3","954","NA","9282","NA","38447","NA","26179","NA","6125","853","954","NA","38715","4627161","NA","10897","NA","110933","268","NA","8789","NA","space","2","legacy","Harry wetted fi jewall and fi jestreet too.","143","Session 6","NA","Gender assignment task","2024-10-03 17:47","1024","2","48000","-16","Session6","Norway","9","odd","word4","42","main","no","NA","109138","NA","26086","NA","16799","16795","5935","16795","4758571","4679467","NA","4700271","NA","4653283","4738720","NA","4752393","4750666","4750659","4867965","4867960","4653281","4868923","5934","4394263","4633371","4632251","4632803","NA","4303492","4635933","26086","NA","NA","4634265","4637293","116646","NA","116649","NA","127550","238523","4630103","238513","4751522","4699402","4630126","4630796","4636187","4636186","4630104","4758571","4636478","4636478","4868963","NA","4758571","5935","4750666","4752297","4752264","7993","4738720","NA","NA","7994","4636464","4393755","4632757","5935","NA","5935","4653281","4653281","4738720","16795","4637307","5935","NA","NA","NA","8005","4867965","4631064","4627017","4631640","4632251","4632757","4633509","4634013","4634634","4635518","4626241","Norway Session 6","73","94230","77","0","0","yes","143","","1024","pølse","Harry","","","320","wetted","355","fi","250","jewall","315","and","250","fi","250","jestreet","425","too.","285","",""
"NA","NA","94.87179487179488","94.87179487179488","1233.1666666666667","1233.1666666666667","#242424","xpyriment","legacy","legacy","0","uniform","1","undefined","1","1","0","undefined","undefined","1","j","undefined","0","0","0","0","0","0","0","0","0","0","0","NA","0","0","0","1","NA","0","11","11","77","77","0","89","0","431","431","431","431","NA","7","1151","8","0","0","3023","0","0","0","0","0","0","0","431","0","11","11","431","431","431","431","431","3","431","431","522","0","0","0","11","1","11","0","0","3","0","0","431","431","431","0","0","0","0","0","0","0","0","0","NA","NA","0","0","77","431","143","431","431","431","431","431","431","431","143","undefined","256","332","Thu Oct  3 17:47:30 2024","760","The main experiment item","yes","active","Norway_Session_6.osexp","1","C:\Users\Tromso\Desktop\LESS\Session 6","no","no","mono","no","18","no","white","no","Click to confirm or to begin from default part if nothing selected","6159","yes","feminine","active","differential object marking","2","article location violation","103","768","legacy","Mini-English","6","List 1: grammatical, DOM violation, article location violation","77","431","C:/Users/Tromso/Desktop/LESS/Session 6/subject-9.csv","1.2.3","xpyriment","","filler: not part of the study","singular","Lentiform Loewenfeld","3.3.14","0","j","NA","space","NA","space","NA","space","NA","space","j","j","NA","space","c","NA","space","NA","space","3","1957","NA","9282","NA","38447","NA","26179","NA","6125","853","1957","NA","38715","4627161","NA","10897","NA","110933","268","NA","8789","NA","space","2","legacy","Harry wetted fi jewall and fi jestreet too.","143","Session 6","NA","Gender assignment task","2024-10-03 17:47","1024","2","48000","-16","Session6","Norway","9","odd","word4","42","main","no","NA","109138","NA","26086","NA","16799","16795","5935","16795","4758571","4679467","NA","4700271","NA","4653283","4738720","NA","4752393","4750666","4750659","4869130","4869125","4653281","4871091","5934","4394263","4633371","4632251","4632803","NA","4303492","4635933","26086","NA","NA","4634265","4637293","116646","NA","116649","NA","127550","238523","4630103","238513","4751522","4699402","4630126","4630796","4636187","4636186","4630104","4758571","4636478","4636478","4871131","NA","4758571","5935","4750666","4752297","4752264","7993","4738720","NA","NA","7994","4636464","4393755","4632757","5935","NA","5935","4653281","4653281","4738720","16795","4637307","5935","NA","NA","NA","8005","4869130","4631064","4627017","4631640","4632251","4632757","4633509","4634013","4634634","4635518","4626241","Norway Session 6","74","96187","78","0","0","yes","143","","1024","before","Harry","","","320","wetted","355","fi","250","jewall","315","and","250","fi","250","jestreet","425","too.","285","",""
"NA","NA","93.67088607594937","93.67088607594937","1245.1772151898733","1245.1772151898733","#242424","xpyriment","legacy","legacy","0","uniform","0","undefined","1","0","0","undefined","undefined","1","j","undefined","0","0","0","0","0","0","0","0","0","0","0","NA","0","0","0","1","NA","0","11","11","78","78","0","90","0","431","431","431","431","NA","7","1151","8","0","0","3023","0","0","0","0","0","0","0","431","0","11","11","431","431","431","431","431","3","431","431","523","0","0","0","11","1","11","0","0","3","0","0","431","431","431","0","0","0","0","0","0","0","0","0","NA","NA","0","0","78","431","143","431","431","431","431","431","431","431","143","undefined","256","332","Thu Oct  3 17:47:30 2024","760","The main experiment item","yes","active","Norway_Session_6.osexp","1","C:\Users\Tromso\Desktop\LESS\Session 6","no","no","mono","no","18","no","white","no","Click to confirm or to begin from default part if nothing selected","6114","yes","feminine","active","differential object marking","2","article location violation","103","768","legacy","Mini-English","6","List 1: grammatical, DOM violation, article location violation","78","431","C:/Users/Tromso/Desktop/LESS/Session 6/subject-9.csv","1.2.3","xpyriment","","filler: not part of the study","singular","Lentiform Loewenfeld","3.3.14","0","f","NA","space","NA","space","NA","space","NA","space","j","f","NA","space","c","NA","space","NA","space","3","2182","NA","9282","NA","38447","NA","26179","NA","6125","853","2182","NA","38715","4627161","NA","10897","NA","110933","268","NA","8789","NA","space","2","legacy","Harry wetted fi jewall and fi jestreet too.","143","Session 6","NA","Gender assignment task","2024-10-03 17:47","1024","2","48000","-16","Session6","Norway","9","odd","word4","42","main","no","NA","109138","NA","26086","NA","16799","16795","5935","16795","4758571","4679467","NA","4700271","NA","4653283","4738720","NA","4752393","4750666","4750659","4871312","4871308","4653281","4873498","5934","4394263","4633371","4632251","4632803","NA","4303492","4635933","26086","NA","NA","4634265","4637293","116646","NA","116649","NA","127550","238523","4630103","238513","4751522","4699402","4630126","4630796","4636187","4636186","4630104","4758571","4636478","4636478","4873538","NA","4758571","5935","4750666","4752297","4752264","7993","4738720","NA","NA","7994","4636464","4393755","4632757","5935","NA","5935","4653281","4653281","4738720","16795","4637307","5935","NA","NA","NA","8005","4871312","4631064","4627017","4631640","4632251","4632757","4633509","4634013","4634634","4635518","4626241","Norway Session 6","74","98369","79","0","0","yes","143","","1024","selvom","Harry","","","320","wetted","355","fi","250","jewall","315","and","250","fi","250","jestreet","425","too.","285","",""
"NA","NA","93.75","93.75","1249.1125","1249.1125","#242424","xpyriment","legacy","legacy","0","uniform","1","undefined","1","1","0","undefined","undefined","1","j","undefined","0","0","0","0","0","0","0","0","0","0","0","NA","0","0","0","1","NA","0","11","11","79","79","0","91","0","431","431","431","431","NA","7","1151","8","0","0","3023","0","0","0","0","0","0","0","431","0","11","11","431","431","431","431","431","3","431","431","524","0","0","0","11","1","11","0","0","3","0","0","431","431","431","0","0","0","0","0","0","0","0","0","NA","NA","0","0","79","431","143","431","431","431","431","431","431","431","143","undefined","256","332","Thu Oct  3 17:47:30 2024","760","The main experiment item","yes","active","Norway_Session_6.osexp","1","C:\Users\Tromso\Desktop\LESS\Session 6","no","no","mono","no","18","no","white","no","Click to confirm or to begin from default part if nothing selected","23272","yes","masculine","active","differential object marking","2","article location violation","103","768","legacy","Mini-English","5","List 1: grammatical, DOM violation, article location violation","79","431","C:/Users/Tromso/Desktop/LESS/Session 6/subject-9.csv","1.2.3","xpyriment","","filler: not part of the study","singular","Lentiform Loewenfeld","3.3.14","0","j","NA","space","NA","space","NA","space","NA","space","j","j","NA","space","c","NA","space","NA","space","3","1560","NA","9282","NA","38447","NA","26179","NA","6125","853","1560","NA","38715","4627161","NA","10897","NA","110933","268","NA","8789","NA","space","2","legacy","Harry wetted fi jewall and fi jestreet too.","143","Session 6","NA","Gender assignment task","2024-10-03 17:47","1024","2","48000","-16","Session6","Norway","9","odd","word4","42","main","no","NA","109138","NA","26086","NA","16799","16795","5935","16795","4758571","4679467","NA","4700271","NA","4653283","4738720","NA","4752393","4750666","4750659","4873703","4873698","4653281","4875267","5934","4394263","4633371","4632251","4632803","NA","4303492","4635933","26086","NA","NA","4634265","4637293","116646","NA","116649","NA","127550","238523","4630103","238513","4751522","4699402","4630126","4630796","4636187","4636186","4630104","4758571","4636478","4636478","4875307","NA","4758571","5935","4750666","4752297","4752264","7993","4738720","NA","NA","7994","4636464","4393755","4632757","5935","NA","5935","4653281","4653281","4738720","16795","4637307","5935","NA","NA","NA","8005","4873703","4631064","4627017","4631640","4632251","4632757","4633509","4634013","4634634","4635518","4626241","Norway Session 6","75","99929","80","0","0","yes","143","","1024","endel","Harry","","","320","wetted","355","fi","250","jewall","315","and","250","fi","250","jestreet","425","too.","285","",""
"NA","NA","93.82716049382717","93.82716049382717","1251.0864197530864","1251.0864197530864","#242424","xpyriment","legacy","legacy","0","uniform","1","undefined","1","1","0","undefined","undefined","1","j","undefined","0","0","0","0","0","0","0","0","0","0","0","NA","0","0","0","1","NA","0","11","11","80","80","0","92","0","431","431","431","431","NA","7","1151","8","0","0","3023","0","0","0","0","0","0","0","431","0","11","11","431","431","431","431","431","3","431","431","525","0","0","0","11","1","11","0","0","3","0","0","431","431","431","0","0","0","0","0","0","0","0","0","NA","NA","0","0","80","431","143","431","431","431","431","431","431","431","143","undefined","256","332","Thu Oct  3 17:47:30 2024","760","The main experiment item","yes","active","Norway_Session_6.osexp","1","C:\Users\Tromso\Desktop\LESS\Session 6","no","no","mono","no","18","no","white","no","Click to confirm or to begin from default part if nothing selected","6668","yes","feminine","active","differential object marking","2","article location violation","103","768","legacy","Mini-English","6","List 1: grammatical, DOM violation, article location violation","80","431","C:/Users/Tromso/Desktop/LESS/Session 6/subject-9.csv","1.2.3","xpyriment","","filler: not part of the study","singular","Lentiform Loewenfeld","3.3.14","0","j","NA","space","NA","space","NA","space","NA","space","j","j","NA","space","c","NA","space","NA","space","3","1409","NA","9282","NA","38447","NA","26179","NA","6125","853","1409","NA","38715","4627161","NA","10897","NA","110933","268","NA","8789","NA","space","2","legacy","Harry wetted fi jewall and fi jestreet too.","143","Session 6","NA","Gender assignment task","2024-10-03 17:47","1024","2","48000","-16","Session6","Norway","9","odd","word4","42","main","no","NA","109138","NA","26086","NA","16799","16795","5935","16795","4758571","4679467","NA","4700271","NA","4653283","4738720","NA","4752393","4750666","4750659","4875470","4875465","4653281","4876883","5934","4394263","4633371","4632251","4632803","NA","4303492","4635933","26086","NA","NA","4634265","4637293","116646","NA","116649","NA","127550","238523","4630103","238513","4751522","4699402","4630126","4630796","4636187","4636186","4630104","4758571","4636478","4636478","4876923","NA","4758571","5935","4750666","4752297","4752264","7993","4738720","NA","NA","7994","4636464","4393755","4632757","5935","NA","5935","4653281","4653281","4738720","16795","4637307","5935","NA","NA","NA","8005","4875470","4631064","4627017","4631640","4632251","4632757","4633509","4634013","4634634","4635518","4626241","Norway Session 6","76","101338","81","0","0","yes","143","","1024","bikkje","Harry","","","320","wetted","355","fi","250","jewall","315","and","250","fi","250","jestreet","425","too.","285","",""
"NA","NA","93.90243902439025","93.90243902439025","1255.5243902439024","1255.5243902439024","#242424","xpyriment","legacy","legacy","0","uniform","1","undefined","1","1","0","undefined","undefined","1","j","undefined","0","0","0","0","0","0","0","0","0","0","0","NA","0","0","0","1","NA","0","11","11","81","81","0","93","0","431","431","431","431","NA","7","1151","8","0","0","3023","0","0","0","0","0","0","0","431","0","11","11","431","431","431","431","431","3","431","431","526","0","0","0","11","1","11","0","0","3","0","0","431","431","431","0","0","0","0","0","0","0","0","0","NA","NA","0","0","81","431","143","431","431","431","431","431","431","431","143","undefined","256","332","Thu Oct  3 17:47:30 2024","760","The main experiment item","yes","active","Norway_Session_6.osexp","1","C:\Users\Tromso\Desktop\LESS\Session 6","no","no","mono","no","18","no","white","no","Click to confirm or to begin from default part if nothing selected","5853","yes","masculine","active","differential object marking","2","article location violation","103","768","legacy","Mini-English","8","List 1: grammatical, DOM violation, article location violation","81","431","C:/Users/Tromso/Desktop/LESS/Session 6/subject-9.csv","1.2.3","xpyriment","","part of the study","singular","Lentiform Loewenfeld","3.3.14","0","j","NA","space","NA","space","NA","space","NA","space","j","j","NA","space","c","NA","space","NA","space","3","1615","NA","9282","NA","38447","NA","26179","NA","6125","853","1615","NA","38715","4627161","NA","10897","NA","110933","268","NA","8789","NA","space","2","legacy","Harry wetted fi jewall and fi jestreet too.","143","Session 6","NA","Gender assignment task","2024-10-03 17:47","1024","2","48000","-16","Session6","Norway","9","odd","word4","42","main","no","NA","109138","NA","26086","NA","16799","16795","5935","16795","4758571","4679467","NA","4700271","NA","4653283","4738720","NA","4752393","4750666","4750659","4877088","4877084","4653281","4878707","5934","4394263","4633371","4632251","4632803","NA","4303492","4635933","26086","NA","NA","4634265","4637293","116646","NA","116649","NA","127550","238523","4630103","238513","4751522","4699402","4630126","4630796","4636187","4636186","4630104","4758571","4636478","4636478","4878747","NA","4758571","5935","4750666","4752297","4752264","7993","4738720","NA","NA","7994","4636464","4393755","4632757","5935","NA","5935","4653281","4653281","4738720","16795","4637307","5935","NA","NA","NA","8005","4877088","4631064","4627017","4631640","4632251","4632757","4633509","4634013","4634634","4635518","4626241","Norway Session 6","77","102953","82","0","0","yes","143","","1024","lastebil","Harry","","","320","wetted","355","fi","250","jewall","315","and","250","fi","250","jestreet","425","too.","285","",""
"NA","NA","93.97590361445783","93.97590361445783","1252.0722891566265","1252.0722891566265","#242424","xpyriment","legacy","legacy","0","uniform","1","undefined","1","1","0","undefined","undefined","1","f","undefined","0","0","0","0","0","0","0","0","0","0","0","NA","0","0","0","1","NA","0","11","11","82","82","0","94","0","431","431","431","431","NA","7","1151","8","0","0","3023","0","0","0","0","0","0","0","431","0","11","11","431","431","431","431","431","3","431","431","527","0","0","0","11","1","11","0","0","3","0","0","431","431","431","0","0","0","0","0","0","0","0","0","NA","NA","0","0","82","431","143","431","431","431","431","431","431","431","143","undefined","256","332","Thu Oct  3 17:47:30 2024","760","The main experiment item","yes","active","Norway_Session_6.osexp","1","C:\Users\Tromso\Desktop\LESS\Session 6","no","no","mono","no","18","no","white","no","Click to confirm or to begin from default part if nothing selected","13765","yes","neuter","active","differential object marking","2","article location violation","103","768","legacy","Mini-English","4","List 1: grammatical, DOM violation, article location violation","82","431","C:/Users/Tromso/Desktop/LESS/Session 6/subject-9.csv","1.2.3","xpyriment","","filler: not part of the study","singular","Lentiform Loewenfeld","3.3.14","0","f","NA","space","NA","space","NA","space","NA","space","j","f","NA","space","c","NA","space","NA","space","3","969","NA","9282","NA","38447","NA","26179","NA","6125","853","969","NA","38715","4627161","NA","10897","NA","110933","268","NA","8789","NA","space","2","legacy","Harry wetted fi jewall and fi jestreet too.","143","Session 6","NA","Gender assignment task","2024-10-03 17:47","1024","2","48000","-16","Session6","Norway","9","odd","word4","42","main","no","NA","109138","NA","26086","NA","16799","16795","5935","16795","4758571","4679467","NA","4700271","NA","4653283","4738720","NA","4752393","4750666","4750659","4878910","4878905","4653281","4879882","5934","4394263","4633371","4632251","4632803","NA","4303492","4635933","26086","NA","NA","4634265","4637293","116646","NA","116649","NA","127550","238523","4630103","238513","4751522","4699402","4630126","4630796","4636187","4636186","4630104","4758571","4636478","4636478","4879923","NA","4758571","5935","4750666","4752297","4752264","7993","4738720","NA","NA","7994","4636464","4393755","4632757","5935","NA","5935","4653281","4653281","4738720","16795","4637307","5935","NA","NA","NA","8005","4878910","4631064","4627017","4631640","4632251","4632757","4633509","4634013","4634634","4635518","4626241","Norway Session 6","78","103922","83","0","0","yes","143","","1024","sete","Harry","","","320","wetted","355","fi","250","jewall","315","and","250","fi","250","jestreet","425","too.","285","",""
"NA","NA","94.04761904761905","94.04761904761905","1249.107142857143","1249.107142857143","#242424","xpyriment","legacy","legacy","0","uniform","1","undefined","1","1","0","undefined","undefined","1","f","undefined","0","0","0","0","0","0","0","0","0","0","0","NA","0","0","0","1","NA","0","11","11","83","83","0","95","0","431","431","431","431","NA","7","1151","8","0","0","3023","0","0","0","0","0","0","0","431","0","11","11","431","431","431","431","431","3","431","431","528","0","0","0","11","1","11","0","0","3","0","0","431","431","431","0","0","0","0","0","0","0","0","0","NA","NA","0","0","83","431","143","431","431","431","431","431","431","431","143","undefined","256","332","Thu Oct  3 17:47:30 2024","760","The main experiment item","yes","active","Norway_Session_6.osexp","1","C:\Users\Tromso\Desktop\LESS\Session 6","no","no","mono","no","18","no","white","no","Click to confirm or to begin from default part if nothing selected","8346","yes","neuter","active","differential object marking","2","article location violation","103","768","legacy","Mini-English","5","List 1: grammatical, DOM violation, article location violation","83","431","C:/Users/Tromso/Desktop/LESS/Session 6/subject-9.csv","1.2.3","xpyriment","","filler: not part of the study","singular","Lentiform Loewenfeld","3.3.14","0","f","NA","space","NA","space","NA","space","NA","space","j","f","NA","space","c","NA","space","NA","space","3","1003","NA","9282","NA","38447","NA","26179","NA","6125","853","1003","NA","38715","4627161","NA","10897","NA","110933","268","NA","8789","NA","space","2","legacy","Harry wetted fi jewall and fi jestreet too.","143","Session 6","NA","Gender assignment task","2024-10-03 17:47","1024","2","48000","-16","Session6","Norway","9","odd","word4","42","main","no","NA","109138","NA","26086","NA","16799","16795","5935","16795","4758571","4679467","NA","4700271","NA","4653283","4738720","NA","4752393","4750666","4750659","4880084","4880079","4653281","4881091","5934","4394263","4633371","4632251","4632803","NA","4303492","4635933","26086","NA","NA","4634265","4637293","116646","NA","116649","NA","127550","238523","4630103","238513","4751522","4699402","4630126","4630796","4636187","4636186","4630104","4758571","4636478","4636478","4881132","NA","4758571","5935","4750666","4752297","4752264","7993","4738720","NA","NA","7994","4636464","4393755","4632757","5935","NA","5935","4653281","4653281","4738720","16795","4637307","5935","NA","NA","NA","8005","4880084","4631064","4627017","4631640","4632251","4632757","4633509","4634013","4634634","4635518","4626241","Norway Session 6","79","104925","84","0","0","yes","143","","1024","dekke","Harry","","","320","wetted","355","fi","250","jewall","315","and","250","fi","250","jestreet","425","too.","285","",""
"NA","NA","92.94117647058823","92.94117647058823","1248.9529411764706","1248.9529411764706","#242424","xpyriment","legacy","legacy","0","uniform","0","undefined","1","0","0","undefined","undefined","1","j","undefined","0","0","0","0","0","0","0","0","0","0","0","NA","0","0","0","1","NA","0","11","11","84","84","0","96","0","431","431","431","431","NA","7","1151","8","0","0","3023","0","0","0","0","0","0","0","431","0","11","11","431","431","431","431","431","3","431","431","529","0","0","0","11","1","11","0","0","3","0","0","431","431","431","0","0","0","0","0","0","0","0","0","NA","NA","0","0","84","431","143","431","431","431","431","431","431","431","143","undefined","256","332","Thu Oct  3 17:47:30 2024","760","The main experiment item","yes","active","Norway_Session_6.osexp","1","C:\Users\Tromso\Desktop\LESS\Session 6","no","no","mono","no","18","no","white","no","Click to confirm or to begin from default part if nothing selected","7368","yes","feminine","active","differential object marking","2","article location violation","103","768","legacy","Mini-English","5","List 1: grammatical, DOM violation, article location violation","84","431","C:/Users/Tromso/Desktop/LESS/Session 6/subject-9.csv","1.2.3","xpyriment","","filler: not part of the study","singular","Lentiform Loewenfeld","3.3.14","0","f","NA","space","NA","space","NA","space","NA","space","j","f","NA","space","c","NA","space","NA","space","3","1236","NA","9282","NA","38447","NA","26179","NA","6125","853","1236","NA","38715","4627161","NA","10897","NA","110933","268","NA","8789","NA","space","2","legacy","Harry wetted fi jewall and fi jestreet too.","143","Session 6","NA","Gender assignment task","2024-10-03 17:47","1024","2","48000","-16","Session6","Norway","9","odd","word4","42","main","no","NA","109138","NA","26086","NA","16799","16795","5935","16795","4758571","4679467","NA","4700271","NA","4653283","4738720","NA","4752393","4750666","4750659","4881298","4881293","4653281","4882538","5934","4394263","4633371","4632251","4632803","NA","4303492","4635933","26086","NA","NA","4634265","4637293","116646","NA","116649","NA","127550","238523","4630103","238513","4751522","4699402","4630126","4630796","4636187","4636186","4630104","4758571","4636478","4636478","4882578","NA","4758571","5935","4750666","4752297","4752264","7993","4738720","NA","NA","7994","4636464","4393755","4632757","5935","NA","5935","4653281","4653281","4738720","16795","4637307","5935","NA","NA","NA","8005","4881298","4631064","4627017","4631640","4632251","4632757","4633509","4634013","4634634","4635518","4626241","Norway Session 6","79","106161","85","0","0","yes","143","","1024","takke","Harry","","","320","wetted","355","fi","250","jewall","315","and","250","fi","250","jestreet","425","too.","285","",""
"NA","NA","93.02325581395348","93.02325581395348","1264.6627906976744","1264.6627906976744","#242424","xpyriment","legacy","legacy","0","uniform","1","undefined","1","1","0","undefined","undefined","1","j","undefined","0","0","0","0","0","0","0","0","0","0","0","NA","0","0","0","1","NA","0","11","11","85","85","0","97","0","431","431","431","431","NA","7","1151","8","0","0","3023","0","0","0","0","0","0","0","431","0","11","11","431","431","431","431","431","3","431","431","530","0","0","0","11","1","11","0","0","3","0","0","431","431","431","0","0","0","0","0","0","0","0","0","NA","NA","0","0","85","431","143","431","431","431","431","431","431","431","143","undefined","256","332","Thu Oct  3 17:47:30 2024","760","The main experiment item","yes","active","Norway_Session_6.osexp","1","C:\Users\Tromso\Desktop\LESS\Session 6","no","no","mono","no","18","no","white","no","Click to confirm or to begin from default part if nothing selected","7515","yes","feminine","active","differential object marking","2","article location violation","103","768","legacy","Mini-English","6","List 1: grammatical, DOM violation, article location violation","85","431","C:/Users/Tromso/Desktop/LESS/Session 6/subject-9.csv","1.2.3","xpyriment","","filler: not part of the study","singular","Lentiform Loewenfeld","3.3.14","0","j","NA","space","NA","space","NA","space","NA","space","j","j","NA","space","c","NA","space","NA","space","3","2600","NA","9282","NA","38447","NA","26179","NA","6125","853","2600","NA","38715","4627161","NA","10897","NA","110933","268","NA","8789","NA","space","2","legacy","Harry wetted fi jewall and fi jestreet too.","143","Session 6","NA","Gender assignment task","2024-10-03 17:47","1024","2","48000","-16","Session6","Norway","9","odd","word4","42","main","no","NA","109138","NA","26086","NA","16799","16795","5935","16795","4758571","4679467","NA","4700271","NA","4653283","4738720","NA","4752393","4750666","4750659","4882743","4882738","4653281","4885347","5934","4394263","4633371","4632251","4632803","NA","4303492","4635933","26086","NA","NA","4634265","4637293","116646","NA","116649","NA","127550","238523","4630103","238513","4751522","4699402","4630126","4630796","4636187","4636186","4630104","4758571","4636478","4636478","4885388","NA","4758571","5935","4750666","4752297","4752264","7993","4738720","NA","NA","7994","4636464","4393755","4632757","5935","NA","5935","4653281","4653281","4738720","16795","4637307","5935","NA","NA","NA","8005","4882742","4631064","4627017","4631640","4632251","4632757","4633509","4634013","4634634","4635518","4626241","Norway Session 6","80","108761","86","0","0","yes","143","","1024","råvare","Harry","","","320","wetted","355","fi","250","jewall","315","and","250","fi","250","jestreet","425","too.","285","",""
"NA","NA","93.10344827586206","93.10344827586206","1261.0689655172414","1261.0689655172414","#242424","xpyriment","legacy","legacy","0","uniform","1","undefined","1","1","0","undefined","undefined","1","f","undefined","0","0","0","0","0","0","0","0","0","0","0","NA","0","0","0","1","NA","0","11","11","86","86","0","98","0","431","431","431","431","NA","7","1151","8","0","0","3023","0","0","0","0","0","0","0","431","0","11","11","431","431","431","431","431","3","431","431","531","0","0","0","11","1","11","0","0","3","0","0","431","431","431","0","0","0","0","0","0","0","0","0","NA","NA","0","0","86","431","143","431","431","431","431","431","431","431","143","undefined","256","332","Thu Oct  3 17:47:30 2024","760","The main experiment item","yes","active","Norway_Session_6.osexp","1","C:\Users\Tromso\Desktop\LESS\Session 6","no","no","mono","no","18","no","white","no","Click to confirm or to begin from default part if nothing selected","8925","yes","neuter","active","differential object marking","2","article location violation","103","768","legacy","Mini-English","4","List 1: grammatical, DOM violation, article location violation","86","431","C:/Users/Tromso/Desktop/LESS/Session 6/subject-9.csv","1.2.3","xpyriment","","filler: not part of the study","singular","Lentiform Loewenfeld","3.3.14","0","f","NA","space","NA","space","NA","space","NA","space","j","f","NA","space","c","NA","space","NA","space","3","952","NA","9282","NA","38447","NA","26179","NA","6125","853","952","NA","38715","4627161","NA","10897","NA","110933","268","NA","8789","NA","space","2","legacy","Harry wetted fi jewall and fi jestreet too.","143","Session 6","NA","Gender assignment task","2024-10-03 17:47","1024","2","48000","-16","Session6","Norway","9","odd","word4","42","main","no","NA","109138","NA","26086","NA","16799","16795","5935","16795","4758571","4679467","NA","4700271","NA","4653283","4738720","NA","4752393","4750666","4750659","4885551","4885546","4653281","4886507","5934","4394263","4633371","4632251","4632803","NA","4303492","4635933","26086","NA","NA","4634265","4637293","116646","NA","116649","NA","127550","238523","4630103","238513","4751522","4699402","4630126","4630796","4636187","4636186","4630104","4758571","4636478","4636478","4886547","NA","4758571","5935","4750666","4752297","4752264","7993","4738720","NA","NA","7994","4636464","4393755","4632757","5935","NA","5935","4653281","4653281","4738720","16795","4637307","5935","NA","NA","NA","8005","4885551","4631064","4627017","4631640","4632251","4632757","4633509","4634013","4634634","4635518","4626241","Norway Session 6","81","109713","87","0","0","yes","143","","1024","korn","Harry","","","320","wetted","355","fi","250","jewall","315","and","250","fi","250","jestreet","425","too.","285","",""
"NA","NA","93.18181818181819","93.18181818181819","1257.9431818181818","1257.9431818181818","#242424","xpyriment","legacy","legacy","0","uniform","1","undefined","1","1","0","undefined","undefined","1","j","undefined","0","0","0","0","0","0","0","0","0","0","0","NA","0","0","0","1","NA","0","11","11","87","87","0","99","0","431","431","431","431","NA","7","1151","8","0","0","3023","0","0","0","0","0","0","0","431","0","11","11","431","431","431","431","431","3","431","431","532","0","0","0","11","1","11","0","0","3","0","0","431","431","431","0","0","0","0","0","0","0","0","0","NA","NA","0","0","87","431","143","431","431","431","431","431","431","431","143","undefined","256","332","Thu Oct  3 17:47:30 2024","760","The main experiment item","yes","active","Norway_Session_6.osexp","1","C:\Users\Tromso\Desktop\LESS\Session 6","no","no","mono","no","18","no","white","no","Click to confirm or to begin from default part if nothing selected","10420","yes","masculine","active","differential object marking","2","article location violation","103","768","legacy","Mini-English","5","List 1: grammatical, DOM violation, article location violation","87","431","C:/Users/Tromso/Desktop/LESS/Session 6/subject-9.csv","1.2.3","xpyriment","","filler: not part of the study","singular","Lentiform Loewenfeld","3.3.14","0","j","NA","space","NA","space","NA","space","NA","space","j","j","NA","space","c","NA","space","NA","space","3","986","NA","9282","NA","38447","NA","26179","NA","6125","853","986","NA","38715","4627161","NA","10897","NA","110933","268","NA","8789","NA","space","2","legacy","Harry wetted fi jewall and fi jestreet too.","143","Session 6","NA","Gender assignment task","2024-10-03 17:47","1024","2","48000","-16","Session6","Norway","9","odd","word4","42","main","no","NA","109138","NA","26086","NA","16799","16795","5935","16795","4758571","4679467","NA","4700271","NA","4653283","4738720","NA","4752393","4750666","4750659","4886709","4886704","4653281","4887699","5934","4394263","4633371","4632251","4632803","NA","4303492","4635933","26086","NA","NA","4634265","4637293","116646","NA","116649","NA","127550","238523","4630103","238513","4751522","4699402","4630126","4630796","4636187","4636186","4630104","4758571","4636478","4636478","4887739","NA","4758571","5935","4750666","4752297","4752264","7993","4738720","NA","NA","7994","4636464","4393755","4632757","5935","NA","5935","4653281","4653281","4738720","16795","4637307","5935","NA","NA","NA","8005","4886708","4631064","4627017","4631640","4632251","4632757","4633509","4634013","4634634","4635518","4626241","Norway Session 6","82","110699","88","0","0","yes","143","","1024","kanin","Harry","","","320","wetted","355","fi","250","jewall","315","and","250","fi","250","jestreet","425","too.","285","",""
"NA","NA","93.25842696629213","93.25842696629213","1255.8426966292134","1255.8426966292134","#242424","xpyriment","legacy","legacy","0","uniform","1","undefined","1","1","0","undefined","undefined","1","f","undefined","0","0","0","0","0","0","0","0","0","0","0","NA","0","0","0","1","NA","0","11","11","88","88","0","100","0","431","431","431","431","NA","7","1151","8","0","0","3023","0","0","0","0","0","0","0","431","0","11","11","431","431","431","431","431","3","431","431","533","0","0","0","11","1","11","0","0","3","0","0","431","431","431","0","0","0","0","0","0","0","0","0","NA","NA","0","0","88","431","143","431","431","431","431","431","431","431","143","undefined","256","332","Thu Oct  3 17:47:30 2024","760","The main experiment item","yes","active","Norway_Session_6.osexp","1","C:\Users\Tromso\Desktop\LESS\Session 6","no","no","mono","no","18","no","white","no","Click to confirm or to begin from default part if nothing selected","24863","yes","neuter","active","differential object marking","2","article location violation","103","768","legacy","Mini-English","5","List 1: grammatical, DOM violation, article location violation","88","431","C:/Users/Tromso/Desktop/LESS/Session 6/subject-9.csv","1.2.3","xpyriment","","filler: not part of the study","singular","Lentiform Loewenfeld","3.3.14","0","f","NA","space","NA","space","NA","space","NA","space","j","f","NA","space","c","NA","space","NA","space","3","1071","NA","9282","NA","38447","NA","26179","NA","6125","853","1071","NA","38715","4627161","NA","10897","NA","110933","268","NA","8789","NA","space","2","legacy","Harry wetted fi jewall and fi jestreet too.","143","Session 6","NA","Gender assignment task","2024-10-03 17:47","1024","2","48000","-16","Session6","Norway","9","odd","word4","42","main","no","NA","109138","NA","26086","NA","16799","16795","5935","16795","4758571","4679467","NA","4700271","NA","4653283","4738720","NA","4752393","4750666","4750659","4887904","4887899","4653281","4888979","5934","4394263","4633371","4632251","4632803","NA","4303492","4635933","26086","NA","NA","4634265","4637293","116646","NA","116649","NA","127550","238523","4630103","238513","4751522","4699402","4630126","4630796","4636187","4636186","4630104","4758571","4636478","4636478","4889019","NA","4758571","5935","4750666","4752297","4752264","7993","4738720","NA","NA","7994","4636464","4393755","4632757","5935","NA","5935","4653281","4653281","4738720","16795","4637307","5935","NA","NA","NA","8005","4887904","4631064","4627017","4631640","4632251","4632757","4633509","4634013","4634634","4635518","4626241","Norway Session 6","83","111770","89","0","0","yes","143","","1024","brudd","Harry","","","320","wetted","355","fi","250","jewall","315","and","250","fi","250","jestreet","425","too.","285","",""
"NA","NA","93.33333333333333","93.33333333333333","1252.9222222222222","1252.9222222222222","#242424","xpyriment","legacy","legacy","0","uniform","1","undefined","1","1","0","undefined","undefined","1","f","undefined","0","0","0","0","0","0","0","0","0","0","0","NA","0","0","0","1","NA","0","11","11","89","89","0","101","0","431","431","431","431","NA","7","1151","8","0","0","3023","0","0","0","0","0","0","0","431","0","11","11","431","431","431","431","431","3","431","431","534","0","0","0","11","1","11","0","0","3","0","0","431","431","431","0","0","0","0","0","0","0","0","0","NA","NA","0","0","89","431","143","431","431","431","431","431","431","431","143","undefined","256","332","Thu Oct  3 17:47:30 2024","760","The main experiment item","yes","active","Norway_Session_6.osexp","1","C:\Users\Tromso\Desktop\LESS\Session 6","no","no","mono","no","18","no","white","no","Click to confirm or to begin from default part if nothing selected","6023","yes","neuter","active","differential object marking","2","article location violation","103","768","legacy","Mini-English","7","List 1: grammatical, DOM violation, article location violation","89","431","C:/Users/Tromso/Desktop/LESS/Session 6/subject-9.csv","1.2.3","xpyriment","","filler: not part of the study","singular","Lentiform Loewenfeld","3.3.14","0","f","NA","space","NA","space","NA","space","NA","space","j","f","NA","space","c","NA","space","NA","space","3","993","NA","9282","NA","38447","NA","26179","NA","6125","853","993","NA","38715","4627161","NA","10897","NA","110933","268","NA","8789","NA","space","2","legacy","Harry wetted fi jewall and fi jestreet too.","143","Session 6","NA","Gender assignment task","2024-10-03 17:47","1024","2","48000","-16","Session6","Norway","9","odd","word4","42","main","no","NA","109138","NA","26086","NA","16799","16795","5935","16795","4758571","4679467","NA","4700271","NA","4653283","4738720","NA","4752393","4750666","4750659","4889182","4889177","4653281","4890179","5934","4394263","4633371","4632251","4632803","NA","4303492","4635933","26086","NA","NA","4634265","4637293","116646","NA","116649","NA","127550","238523","4630103","238513","4751522","4699402","4630126","4630796","4636187","4636186","4630104","4758571","4636478","4636478","4890219","NA","4758571","5935","4750666","4752297","4752264","7993","4738720","NA","NA","7994","4636464","4393755","4632757","5935","NA","5935","4653281","4653281","4738720","16795","4637307","5935","NA","NA","NA","8005","4889182","4631064","4627017","4631640","4632251","4632757","4633509","4634013","4634634","4635518","4626241","Norway Session 6","84","112763","90","0","0","yes","143","","1024","utbrudd","Harry","","","320","wetted","355","fi","250","jewall","315","and","250","fi","250","jestreet","425","too.","285","",""
"NA","NA","93.4065934065934","93.4065934065934","1252.6593406593406","1252.6593406593406","#242424","xpyriment","legacy","legacy","0","uniform","1","undefined","1","1","0","undefined","undefined","1","f","undefined","0","0","0","0","0","0","0","0","0","0","0","NA","0","0","0","1","NA","0","11","11","90","90","0","102","0","431","431","431","431","NA","7","1151","8","0","0","3023","0","0","0","0","0","0","0","431","0","11","11","431","431","431","431","431","3","431","431","535","0","0","0","11","1","11","0","0","3","0","0","431","431","431","0","0","0","0","0","0","0","0","0","NA","NA","0","0","90","431","143","431","431","431","431","431","431","431","143","undefined","256","332","Thu Oct  3 17:47:30 2024","760","The main experiment item","yes","active","Norway_Session_6.osexp","1","C:\Users\Tromso\Desktop\LESS\Session 6","no","no","mono","no","18","no","white","no","Click to confirm or to begin from default part if nothing selected","19407","yes","neuter","active","differential object marking","2","article location violation","103","768","legacy","Mini-English","3","List 1: grammatical, DOM violation, article location violation","90","431","C:/Users/Tromso/Desktop/LESS/Session 6/subject-9.csv","1.2.3","xpyriment","","filler: not part of the study","singular","Lentiform Loewenfeld","3.3.14","0","f","NA","space","NA","space","NA","space","NA","space","j","f","NA","space","c","NA","space","NA","space","3","1229","NA","9282","NA","38447","NA","26179","NA","6125","853","1229","NA","38715","4627161","NA","10897","NA","110933","268","NA","8789","NA","space","2","legacy","Harry wetted fi jewall and fi jestreet too.","143","Session 6","NA","Gender assignment task","2024-10-03 17:47","1024","2","48000","-16","Session6","Norway","9","odd","word4","42","main","no","NA","109138","NA","26086","NA","16799","16795","5935","16795","4758571","4679467","NA","4700271","NA","4653283","4738720","NA","4752393","4750666","4750659","4890386","4890380","4653281","4891619","5934","4394263","4633371","4632251","4632803","NA","4303492","4635933","26086","NA","NA","4634265","4637293","116646","NA","116649","NA","127550","238523","4630103","238513","4751522","4699402","4630126","4630796","4636187","4636186","4630104","4758571","4636478","4636478","4891659","NA","4758571","5935","4750666","4752297","4752264","7993","4738720","NA","NA","7994","4636464","4393755","4632757","5935","NA","5935","4653281","4653281","4738720","16795","4637307","5935","NA","NA","NA","8005","4890385","4631064","4627017","4631640","4632251","4632757","4633509","4634013","4634634","4635518","4626241","Norway Session 6","85","113992","91","0","0","yes","143","","1024","bud","Harry","","","320","wetted","355","fi","250","jewall","315","and","250","fi","250","jestreet","425","too.","285","",""
"NA","NA","93.47826086956522","93.47826086956522","1255.2826086956522","1255.2826086956522","#242424","xpyriment","legacy","legacy","0","uniform","1","undefined","1","1","0","undefined","undefined","1","j","undefined","0","0","0","0","0","0","0","0","0","0","0","NA","0","0","0","1","NA","0","11","11","91","91","0","103","0","431","431","431","431","NA","7","1151","8","0","0","3023","0","0","0","0","0","0","0","431","0","11","11","431","431","431","431","431","3","431","431","536","0","0","0","11","1","11","0","0","3","0","0","431","431","431","0","0","0","0","0","0","0","0","0","NA","NA","0","0","91","431","143","431","431","431","431","431","431","431","143","undefined","256","332","Thu Oct  3 17:47:30 2024","760","The main experiment item","yes","active","Norway_Session_6.osexp","1","C:\Users\Tromso\Desktop\LESS\Session 6","no","no","mono","no","18","no","white","no","Click to confirm or to begin from default part if nothing selected","1295","yes","masculine","active","differential object marking","2","article location violation","103","768","legacy","Mini-English","6","List 1: grammatical, DOM violation, article location violation","91","431","C:/Users/Tromso/Desktop/LESS/Session 6/subject-9.csv","1.2.3","xpyriment","","part of the study","singular","Lentiform Loewenfeld","3.3.14","0","j","NA","space","NA","space","NA","space","NA","space","j","j","NA","space","c","NA","space","NA","space","3","1494","NA","9282","NA","38447","NA","26179","NA","6125","853","1494","NA","38715","4627161","NA","10897","NA","110933","268","NA","8789","NA","space","2","legacy","Harry wetted fi jewall and fi jestreet too.","143","Session 6","NA","Gender assignment task","2024-10-03 17:47","1024","2","48000","-16","Session6","Norway","9","odd","word4","42","main","no","NA","109138","NA","26086","NA","16799","16795","5935","16795","4758571","4679467","NA","4700271","NA","4653283","4738720","NA","4752393","4750666","4750659","4891825","4891820","4653281","4893323","5934","4394263","4633371","4632251","4632803","NA","4303492","4635933","26086","NA","NA","4634265","4637293","116646","NA","116649","NA","127550","238523","4630103","238513","4751522","4699402","4630126","4630796","4636187","4636186","4630104","4758571","4636478","4636478","4893363","NA","4758571","5935","4750666","4752297","4752264","7993","4738720","NA","NA","7994","4636464","4393755","4632757","5935","NA","5935","4653281","4653281","4738720","16795","4637307","5935","NA","NA","NA","8005","4891825","4631064","4627017","4631640","4632251","4632757","4633509","4634013","4634634","4635518","4626241","Norway Session 6","86","115486","92","0","0","yes","143","","1024","gaffel","Harry","","","320","wetted","355","fi","250","jewall","315","and","250","fi","250","jestreet","425","too.","285","",""
"NA","NA","92.47311827956989","92.47311827956989","1266.6451612903227","1266.6451612903227","#242424","xpyriment","legacy","legacy","0","uniform","0","undefined","1","0","0","undefined","undefined","1","f","undefined","0","0","0","0","0","0","0","0","0","0","0","NA","0","0","0","1","NA","0","11","11","92","92","0","104","0","431","431","431","431","NA","7","1151","8","0","0","3023","0","0","0","0","0","0","0","431","0","11","11","431","431","431","431","431","3","431","431","537","0","0","0","11","1","11","0","0","3","0","0","431","431","431","0","0","0","0","0","0","0","0","0","NA","NA","0","0","92","431","143","431","431","431","431","431","431","431","143","undefined","256","332","Thu Oct  3 17:47:30 2024","760","The main experiment item","yes","active","Norway_Session_6.osexp","1","C:\Users\Tromso\Desktop\LESS\Session 6","no","no","mono","no","18","no","white","no","Click to confirm or to begin from default part if nothing selected","10456","yes","neuter","active","differential object marking","2","article location violation","103","768","legacy","Mini-English","3","List 1: grammatical, DOM violation, article location violation","92","431","C:/Users/Tromso/Desktop/LESS/Session 6/subject-9.csv","1.2.3","xpyriment","","filler: not part of the study","singular","Lentiform Loewenfeld","3.3.14","0","j","NA","space","NA","space","NA","space","NA","space","j","j","NA","space","c","NA","space","NA","space","3","2312","NA","9282","NA","38447","NA","26179","NA","6125","853","2312","NA","38715","4627161","NA","10897","NA","110933","268","NA","8789","NA","space","2","legacy","Harry wetted fi jewall and fi jestreet too.","143","Session 6","NA","Gender assignment task","2024-10-03 17:47","1024","2","48000","-16","Session6","Norway","9","odd","word4","42","main","no","NA","109138","NA","26086","NA","16799","16795","5935","16795","4758571","4679467","NA","4700271","NA","4653283","4738720","NA","4752393","4750666","4750659","4893526","4893521","4653281","4895842","5934","4394263","4633371","4632251","4632803","NA","4303492","4635933","26086","NA","NA","4634265","4637293","116646","NA","116649","NA","127550","238523","4630103","238513","4751522","4699402","4630126","4630796","4636187","4636186","4630104","4758571","4636478","4636478","4895882","NA","4758571","5935","4750666","4752297","4752264","7993","4738720","NA","NA","7994","4636464","4393755","4632757","5935","NA","5935","4653281","4653281","4738720","16795","4637307","5935","NA","NA","NA","8005","4893526","4631064","4627017","4631640","4632251","4632757","4633509","4634013","4634634","4635518","4626241","Norway Session 6","86","117798","93","0","0","yes","143","","1024","bor","Harry","","","320","wetted","355","fi","250","jewall","315","and","250","fi","250","jestreet","425","too.","285","",""
"NA","NA","92.55319148936171","92.55319148936171","1273.127659574468","1273.127659574468","#242424","xpyriment","legacy","legacy","0","uniform","1","undefined","1","1","0","undefined","undefined","1","j","undefined","0","0","0","0","0","0","0","0","0","0","0","NA","0","0","0","1","NA","0","11","11","93","93","0","105","0","431","431","431","431","NA","7","1151","8","0","0","3023","0","0","0","0","0","0","0","431","0","11","11","431","431","431","431","431","3","431","431","538","0","0","0","11","1","11","0","0","3","0","0","431","431","431","0","0","0","0","0","0","0","0","0","NA","NA","0","0","93","431","143","431","431","431","431","431","431","431","143","undefined","256","332","Thu Oct  3 17:47:30 2024","760","The main experiment item","yes","active","Norway_Session_6.osexp","1","C:\Users\Tromso\Desktop\LESS\Session 6","no","no","mono","no","18","no","white","no","Click to confirm or to begin from default part if nothing selected","9552","yes","masculine","active","differential object marking","2","article location violation","103","768","legacy","Mini-English","4","List 1: grammatical, DOM violation, article location violation","93","431","C:/Users/Tromso/Desktop/LESS/Session 6/subject-9.csv","1.2.3","xpyriment","","filler: not part of the study","singular","Lentiform Loewenfeld","3.3.14","0","j","NA","space","NA","space","NA","space","NA","space","j","j","NA","space","c","NA","space","NA","space","3","1876","NA","9282","NA","38447","NA","26179","NA","6125","853","1876","NA","38715","4627161","NA","10897","NA","110933","268","NA","8789","NA","space","2","legacy","Harry wetted fi jewall and fi jestreet too.","143","Session 6","NA","Gender assignment task","2024-10-03 17:47","1024","2","48000","-16","Session6","Norway","9","odd","word4","42","main","no","NA","109138","NA","26086","NA","16799","16795","5935","16795","4758571","4679467","NA","4700271","NA","4653283","4738720","NA","4752393","4750666","4750659","4896043","4896038","4653281","4897923","5934","4394263","4633371","4632251","4632803","NA","4303492","4635933","26086","NA","NA","4634265","4637293","116646","NA","116649","NA","127550","238523","4630103","238513","4751522","4699402","4630126","4630796","4636187","4636186","4630104","4758571","4636478","4636478","4897963","NA","4758571","5935","4750666","4752297","4752264","7993","4738720","NA","NA","7994","4636464","4393755","4632757","5935","NA","5935","4653281","4653281","4738720","16795","4637307","5935","NA","NA","NA","8005","4896043","4631064","4627017","4631640","4632251","4632757","4633509","4634013","4634634","4635518","4626241","Norway Session 6","87","119674","94","0","0","yes","143","","1024","seer","Harry","","","320","wetted","355","fi","250","jewall","315","and","250","fi","250","jestreet","425","too.","285","",""
"NA","NA","92.63157894736842","92.63157894736842","1268.0526315789473","1268.0526315789473","#242424","xpyriment","legacy","legacy","0","uniform","1","undefined","1","1","0","undefined","undefined","1","f","undefined","0","0","0","0","0","0","0","0","0","0","0","NA","0","0","0","1","NA","0","11","11","94","94","0","106","0","431","431","431","431","NA","7","1151","8","0","0","3023","0","0","0","0","0","0","0","431","0","11","11","431","431","431","431","431","3","431","431","539","0","0","0","11","1","11","0","0","3","0","0","431","431","431","0","0","0","0","0","0","0","0","0","NA","NA","0","0","94","431","143","431","431","431","431","431","431","431","143","undefined","256","332","Thu Oct  3 17:47:30 2024","760","The main experiment item","yes","active","Norway_Session_6.osexp","1","C:\Users\Tromso\Desktop\LESS\Session 6","no","no","mono","no","18","no","white","no","Click to confirm or to begin from default part if nothing selected","28089","yes","neuter","active","differential object marking","2","article location violation","103","768","legacy","Mini-English","4","List 1: grammatical, DOM violation, article location violation","94","431","C:/Users/Tromso/Desktop/LESS/Session 6/subject-9.csv","1.2.3","xpyriment","","part of the study","singular","Lentiform Loewenfeld","3.3.14","0","f","NA","space","NA","space","NA","space","NA","space","j","f","NA","space","c","NA","space","NA","space","3","791","NA","9282","NA","38447","NA","26179","NA","6125","853","791","NA","38715","4627161","NA","10897","NA","110933","268","NA","8789","NA","space","2","legacy","Harry wetted fi jewall and fi jestreet too.","143","Session 6","NA","Gender assignment task","2024-10-03 17:47","1024","2","48000","-16","Session6","Norway","9","odd","word4","42","main","no","NA","109138","NA","26086","NA","16799","16795","5935","16795","4758571","4679467","NA","4700271","NA","4653283","4738720","NA","4752393","4750666","4750659","4898128","4898123","4653281","4898923","5934","4394263","4633371","4632251","4632803","NA","4303492","4635933","26086","NA","NA","4634265","4637293","116646","NA","116649","NA","127550","238523","4630103","238513","4751522","4699402","4630126","4630796","4636187","4636186","4630104","4758571","4636478","4636478","4898963","NA","4758571","5935","4750666","4752297","4752264","7993","4738720","NA","NA","7994","4636464","4393755","4632757","5935","NA","5935","4653281","4653281","4738720","16795","4637307","5935","NA","NA","NA","8005","4898128","4631064","4627017","4631640","4632251","4632757","4633509","4634013","4634634","4635518","4626241","Norway Session 6","88","120465","95","0","0","yes","143","","1024","blad","Harry","","","320","wetted","355","fi","250","jewall","315","and","250","fi","250","jestreet","425","too.","285","",""
"NA","NA","92.70833333333333","92.70833333333333","1261.4375","1261.4375","#242424","xpyriment","legacy","legacy","0","uniform","1","undefined","1","1","0","undefined","undefined","1","f","undefined","0","0","0","0","0","0","0","0","0","0","0","NA","0","0","0","1","NA","0","11","11","95","95","0","107","0","431","431","431","431","NA","7","1151","8","0","0","3023","0","0","0","0","0","0","0","431","0","11","11","431","431","431","431","431","3","431","431","540","0","0","0","11","1","11","0","0","3","0","0","431","431","431","0","0","0","0","0","0","0","0","0","NA","NA","0","0","95","431","143","431","431","431","431","431","431","431","143","undefined","256","332","Thu Oct  3 17:47:30 2024","760","The main experiment item","yes","active","Norway_Session_6.osexp","1","C:\Users\Tromso\Desktop\LESS\Session 6","no","no","mono","no","18","no","white","no","Click to confirm or to begin from default part if nothing selected","10538","yes","neuter","active","differential object marking","2","article location violation","103","768","legacy","Mini-English","3","List 1: grammatical, DOM violation, article location violation","95","431","C:/Users/Tromso/Desktop/LESS/Session 6/subject-9.csv","1.2.3","xpyriment","","filler: not part of the study","singular","Lentiform Loewenfeld","3.3.14","0","f","NA","space","NA","space","NA","space","NA","space","j","f","NA","space","c","NA","space","NA","space","3","633","NA","9282","NA","38447","NA","26179","NA","6125","853","633","NA","38715","4627161","NA","10897","NA","110933","268","NA","8789","NA","space","2","legacy","Harry wetted fi jewall and fi jestreet too.","143","Session 6","NA","Gender assignment task","2024-10-03 17:47","1024","2","48000","-16","Session6","Norway","9","odd","word4","42","main","no","NA","109138","NA","26086","NA","16799","16795","5935","16795","4758571","4679467","NA","4700271","NA","4653283","4738720","NA","4752393","4750666","4750659","4899126","4899122","4653281","4899763","5934","4394263","4633371","4632251","4632803","NA","4303492","4635933","26086","NA","NA","4634265","4637293","116646","NA","116649","NA","127550","238523","4630103","238513","4751522","4699402","4630126","4630796","4636187","4636186","4630104","4758571","4636478","4636478","4899803","NA","4758571","5935","4750666","4752297","4752264","7993","4738720","NA","NA","7994","4636464","4393755","4632757","5935","NA","5935","4653281","4653281","4738720","16795","4637307","5935","NA","NA","NA","8005","4899126","4631064","4627017","4631640","4632251","4632757","4633509","4634013","4634634","4635518","4626241","Norway Session 6","89","121098","96","0","0","yes","143","","1024","sår","Harry","","","320","wetted","355","fi","250","jewall","315","and","250","fi","250","jestreet","425","too.","285","",""
"NA","NA","92.78350515463917","92.78350515463917","1255.4948453608247","1255.4948453608247","#242424","xpyriment","legacy","legacy","0","uniform","1","undefined","1","1","0","undefined","undefined","1","f","undefined","0","0","0","0","0","0","0","0","0","0","0","NA","0","0","0","1","NA","0","11","11","96","96","0","108","0","431","431","431","431","NA","7","1151","8","0","0","3023","0","0","0","0","0","0","0","431","0","11","11","431","431","431","431","431","3","431","431","541","0","0","0","11","1","11","0","0","3","0","0","431","431","431","0","0","0","0","0","0","0","0","0","NA","NA","0","0","96","431","143","431","431","431","431","431","431","431","143","undefined","256","332","Thu Oct  3 17:47:30 2024","760","The main experiment item","yes","active","Norway_Session_6.osexp","1","C:\Users\Tromso\Desktop\LESS\Session 6","no","no","mono","no","18","no","white","no","Click to confirm or to begin from default part if nothing selected","6066","yes","neuter","active","differential object marking","2","article location violation","103","768","legacy","Mini-English","7","List 1: grammatical, DOM violation, article location violation","96","431","C:/Users/Tromso/Desktop/LESS/Session 6/subject-9.csv","1.2.3","xpyriment","","filler: not part of the study","singular","Lentiform Loewenfeld","3.3.14","0","f","NA","space","NA","space","NA","space","NA","space","j","f","NA","space","c","NA","space","NA","space","3","685","NA","9282","NA","38447","NA","26179","NA","6125","853","685","NA","38715","4627161","NA","10897","NA","110933","268","NA","8789","NA","space","2","legacy","Harry wetted fi jewall and fi jestreet too.","143","Session 6","NA","Gender assignment task","2024-10-03 17:47","1024","2","48000","-16","Session6","Norway","9","odd","word4","42","main","no","NA","109138","NA","26086","NA","16799","16795","5935","16795","4758571","4679467","NA","4700271","NA","4653283","4738720","NA","4752393","4750666","4750659","4899970","4899964","4653281","4900659","5934","4394263","4633371","4632251","4632803","NA","4303492","4635933","26086","NA","NA","4634265","4637293","116646","NA","116649","NA","127550","238523","4630103","238513","4751522","4699402","4630126","4630796","4636187","4636186","4630104","4758571","4636478","4636478","4900699","NA","4758571","5935","4750666","4752297","4752264","7993","4738720","NA","NA","7994","4636464","4393755","4632757","5935","NA","5935","4653281","4653281","4738720","16795","4637307","5935","NA","NA","NA","8005","4899970","4631064","4627017","4631640","4632251","4632757","4633509","4634013","4634634","4635518","4626241","Norway Session 6","90","121783","97","0","0","yes","143","","1024","tidsrom","Harry","","","320","wetted","355","fi","250","jewall","315","and","250","fi","250","jestreet","425","too.","285","",""
"NA","NA","92.85714285714286","92.85714285714286","1249.4285714285713","1249.4285714285713","#242424","xpyriment","legacy","legacy","0","uniform","1","undefined","1","1","0","undefined","undefined","1","f","undefined","0","0","0","0","0","0","0","0","0","0","0","NA","0","0","0","1","NA","0","11","11","97","97","0","109","0","431","431","431","431","NA","7","1151","8","0","0","3023","0","0","0","0","0","0","0","431","0","11","11","431","431","431","431","431","3","431","431","542","0","0","0","11","1","11","0","0","3","0","0","431","431","431","0","0","0","0","0","0","0","0","0","NA","NA","0","0","97","431","143","431","431","431","431","431","431","431","143","undefined","256","332","Thu Oct  3 17:47:30 2024","760","The main experiment item","yes","active","Norway_Session_6.osexp","1","C:\Users\Tromso\Desktop\LESS\Session 6","no","no","mono","no","18","no","white","no","Click to confirm or to begin from default part if nothing selected","13085","yes","neuter","active","differential object marking","2","article location violation","103","768","legacy","Mini-English","6","List 1: grammatical, DOM violation, article location violation","97","431","C:/Users/Tromso/Desktop/LESS/Session 6/subject-9.csv","1.2.3","xpyriment","","filler: not part of the study","singular","Lentiform Loewenfeld","3.3.14","0","f","NA","space","NA","space","NA","space","NA","space","j","f","NA","space","c","NA","space","NA","space","3","661","NA","9282","NA","38447","NA","26179","NA","6125","853","661","NA","38715","4627161","NA","10897","NA","110933","268","NA","8789","NA","space","2","legacy","Harry wetted fi jewall and fi jestreet too.","143","Session 6","NA","Gender assignment task","2024-10-03 17:47","1024","2","48000","-16","Session6","Norway","9","odd","word4","42","main","no","NA","109138","NA","26086","NA","16799","16795","5935","16795","4758571","4679467","NA","4700271","NA","4653283","4738720","NA","4752393","4750666","4750659","4900882","4900878","4653281","4901547","5934","4394263","4633371","4632251","4632803","NA","4303492","4635933","26086","NA","NA","4634265","4637293","116646","NA","116649","NA","127550","238523","4630103","238513","4751522","4699402","4630126","4630796","4636187","4636186","4630104","4758571","4636478","4636478","4901587","NA","4758571","5935","4750666","4752297","4752264","7993","4738720","NA","NA","7994","4636464","4393755","4632757","5935","NA","5935","4653281","4653281","4738720","16795","4637307","5935","NA","NA","NA","8005","4900882","4631064","4627017","4631640","4632251","4632757","4633509","4634013","4634634","4635518","4626241","Norway Session 6","91","122444","98","0","0","yes","143","","1024","skille","Harry","","","320","wetted","355","fi","250","jewall","315","and","250","fi","250","jestreet","425","too.","285","",""
"NA","NA","92.92929292929293","92.92929292929293","1245.4545454545455","1245.4545454545455","#242424","xpyriment","legacy","legacy","0","uniform","1","undefined","1","1","0","undefined","undefined","1","j","undefined","0","0","0","0","0","0","0","0","0","0","0","NA","0","0","0","1","NA","0","11","11","98","98","0","110","0","431","431","431","431","NA","7","1151","8","0","0","3023","0","0","0","0","0","0","0","431","0","11","11","431","431","431","431","431","3","431","431","543","0","0","0","11","1","11","0","0","3","0","0","431","431","431","0","0","0","0","0","0","0","0","0","NA","NA","0","0","98","431","143","431","431","431","431","431","431","431","143","undefined","256","332","Thu Oct  3 17:47:30 2024","760","The main experiment item","yes","active","Norway_Session_6.osexp","1","C:\Users\Tromso\Desktop\LESS\Session 6","no","no","mono","no","18","no","white","no","Click to confirm or to begin from default part if nothing selected","6727","yes","feminine","active","differential object marking","2","article location violation","103","768","legacy","Mini-English","7","List 1: grammatical, DOM violation, article location violation","98","431","C:/Users/Tromso/Desktop/LESS/Session 6/subject-9.csv","1.2.3","xpyriment","","filler: not part of the study","singular","Lentiform Loewenfeld","3.3.14","0","j","NA","space","NA","space","NA","space","NA","space","j","j","NA","space","c","NA","space","NA","space","3","856","NA","9282","NA","38447","NA","26179","NA","6125","853","856","NA","38715","4627161","NA","10897","NA","110933","268","NA","8789","NA","space","2","legacy","Harry wetted fi jewall and fi jestreet too.","143","Session 6","NA","Gender assignment task","2024-10-03 17:47","1024","2","48000","-16","Session6","Norway","9","odd","word4","42","main","no","NA","109138","NA","26086","NA","16799","16795","5935","16795","4758571","4679467","NA","4700271","NA","4653283","4738720","NA","4752393","4750666","4750659","4901750","4901746","4653281","4902610","5934","4394263","4633371","4632251","4632803","NA","4303492","4635933","26086","NA","NA","4634265","4637293","116646","NA","116649","NA","127550","238523","4630103","238513","4751522","4699402","4630126","4630796","4636187","4636186","4630104","4758571","4636478","4636478","4902650","NA","4758571","5935","4750666","4752297","4752264","7993","4738720","NA","NA","7994","4636464","4393755","4632757","5935","NA","5935","4653281","4653281","4738720","16795","4637307","5935","NA","NA","NA","8005","4901750","4631064","4627017","4631640","4632251","4632757","4633509","4634013","4634634","4635518","4626241","Norway Session 6","92","123300","99","0","0","yes","143","","1024","lønning","Harry","","","320","wetted","355","fi","250","jewall","315","and","250","fi","250","jestreet","425","too.","285","",""
"NA","NA","93","93","1241.27","1241.27","#242424","xpyriment","legacy","legacy","0","uniform","1","undefined","1","1","0","undefined","undefined","1","f","undefined","0","0","0","0","0","0","0","0","0","0","0","NA","0","0","0","1","NA","0","11","11","99","99","0","111","0","431","431","431","431","NA","7","1151","8","0","0","3023","0","0","0","0","0","0","0","431","0","11","11","431","431","431","431","431","3","431","431","544","0","0","0","11","1","11","0","0","3","0","0","431","431","431","0","0","0","0","0","0","0","0","0","NA","NA","0","0","99","431","143","431","431","431","431","431","431","431","143","undefined","256","332","Thu Oct  3 17:47:30 2024","760","The main experiment item","yes","active","Norway_Session_6.osexp","1","C:\Users\Tromso\Desktop\LESS\Session 6","no","no","mono","no","18","no","white","no","Click to confirm or to begin from default part if nothing selected","869","yes","neuter","active","differential object marking","2","article location violation","103","768","legacy","Mini-English","4","List 1: grammatical, DOM violation, article location violation","99","431","C:/Users/Tromso/Desktop/LESS/Session 6/subject-9.csv","1.2.3","xpyriment","","part of the study","singular","Lentiform Loewenfeld","3.3.14","0","f","NA","space","NA","space","NA","space","NA","space","j","f","NA","space","c","NA","space","NA","space","3","827","NA","9282","NA","38447","NA","26179","NA","6125","853","827","NA","38715","4627161","NA","10897","NA","110933","268","NA","8789","NA","space","2","legacy","Harry wetted fi jewall and fi jestreet too.","143","Session 6","NA","Gender assignment task","2024-10-03 17:47","1024","2","48000","-16","Session6","Norway","9","odd","word4","42","main","no","NA","109138","NA","26086","NA","16799","16795","5935","16795","4758571","4679467","NA","4700271","NA","4653283","4738720","NA","4752393","4750666","4750659","4902812","4902808","4653281","4903644","5934","4394263","4633371","4632251","4632803","NA","4303492","4635933","26086","NA","NA","4634265","4637293","116646","NA","116649","NA","127550","238523","4630103","238513","4751522","4699402","4630126","4630796","4636187","4636186","4630104","4758571","4636478","4636478","4903684","NA","4758571","5935","4750666","4752297","4752264","7993","4738720","NA","NA","7994","4636464","4393755","4632757","5935","NA","5935","4653281","4653281","4738720","16795","4637307","5935","NA","NA","NA","8005","4902812","4631064","4627017","4631640","4632251","4632757","4633509","4634013","4634634","4635518","4626241","Norway Session 6","93","124127","100","0","0","yes","143","","1024","krus","Harry","","","320","wetted","355","fi","250","jewall","315","and","250","fi","250","jestreet","425","too.","285","",""
"NA","NA","93.06930693069307","93.06930693069307","1238.049504950495","1238.049504950495","#242424","xpyriment","legacy","legacy","0","uniform","1","undefined","1","1","0","undefined","undefined","1","j","undefined","0","0","0","0","0","0","0","0","0","0","0","NA","0","0","0","1","NA","0","11","11","100","100","0","112","0","431","431","431","431","NA","7","1151","8","0","0","3023","0","0","0","0","0","0","0","431","0","11","11","431","431","431","431","431","3","431","431","545","0","0","0","11","1","11","0","0","3","0","0","431","431","431","0","0","0","0","0","0","0","0","0","NA","NA","0","0","100","431","143","431","431","431","431","431","431","431","143","undefined","256","332","Thu Oct  3 17:47:30 2024","760","The main experiment item","yes","active","Norway_Session_6.osexp","1","C:\Users\Tromso\Desktop\LESS\Session 6","no","no","mono","no","18","no","white","no","Click to confirm or to begin from default part if nothing selected","14323","yes","feminine","active","differential object marking","2","article location violation","103","768","legacy","Mini-English","8","List 1: grammatical, DOM violation, article location violation","100","431","C:/Users/Tromso/Desktop/LESS/Session 6/subject-9.csv","1.2.3","xpyriment","","filler: not part of the study","singular","Lentiform Loewenfeld","3.3.14","0","j","NA","space","NA","space","NA","space","NA","space","j","j","NA","space","c","NA","space","NA","space","3","916","NA","9282","NA","38447","NA","26179","NA","6125","853","916","NA","38715","4627161","NA","10897","NA","110933","268","NA","8789","NA","space","2","legacy","Harry wetted fi jewall and fi jestreet too.","143","Session 6","NA","Gender assignment task","2024-10-03 17:47","1024","2","48000","-16","Session6","Norway","9","odd","word4","42","main","no","NA","109138","NA","26086","NA","16799","16795","5935","16795","4758571","4679467","NA","4700271","NA","4653283","4738720","NA","4752393","4750666","4750659","4903851","4903845","4653281","4904771","5934","4394263","4633371","4632251","4632803","NA","4303492","4635933","26086","NA","NA","4634265","4637293","116646","NA","116649","NA","127550","238523","4630103","238513","4751522","4699402","4630126","4630796","4636187","4636186","4630104","4758571","4636478","4636478","4904811","NA","4758571","5935","4750666","4752297","4752264","7993","4738720","NA","NA","7994","4636464","4393755","4632757","5935","NA","5935","4653281","4653281","4738720","16795","4637307","5935","NA","NA","NA","8005","4903851","4631064","4627017","4631640","4632251","4632757","4633509","4634013","4634634","4635518","4626241","Norway Session 6","94","125043","101","0","0","yes","143","","1024","grønnsak","Harry","","","320","wetted","355","fi","250","jewall","315","and","250","fi","250","jestreet","425","too.","285","",""
"NA","NA","93.13725490196079","93.13725490196079","1232.5098039215686","1232.5098039215686","#242424","xpyriment","legacy","legacy","0","uniform","1","undefined","1","1","0","undefined","undefined","1","f","undefined","0","0","0","0","0","0","0","0","0","0","0","NA","0","0","0","1","NA","0","11","11","101","101","0","113","0","431","431","431","431","NA","7","1151","8","0","0","3023","0","0","0","0","0","0","0","431","0","11","11","431","431","431","431","431","3","431","431","546","0","0","0","11","1","11","0","0","3","0","0","431","431","431","0","0","0","0","0","0","0","0","0","NA","NA","0","0","101","431","143","431","431","431","431","431","431","431","143","undefined","256","332","Thu Oct  3 17:47:30 2024","760","The main experiment item","yes","active","Norway_Session_6.osexp","1","C:\Users\Tromso\Desktop\LESS\Session 6","no","no","mono","no","18","no","white","no","Click to confirm or to begin from default part if nothing selected","6287","yes","neuter","active","differential object marking","2","article location violation","103","768","legacy","Mini-English","5","List 1: grammatical, DOM violation, article location violation","101","431","C:/Users/Tromso/Desktop/LESS/Session 6/subject-9.csv","1.2.3","xpyriment","","part of the study","singular","Lentiform Loewenfeld","3.3.14","0","f","NA","space","NA","space","NA","space","NA","space","j","f","NA","space","c","NA","space","NA","space","3","673","NA","9282","NA","38447","NA","26179","NA","6125","853","673","NA","38715","4627161","NA","10897","NA","110933","268","NA","8789","NA","space","2","legacy","Harry wetted fi jewall and fi jestreet too.","143","Session 6","NA","Gender assignment task","2024-10-03 17:47","1024","2","48000","-16","Session6","Norway","9","odd","word4","42","main","no","NA","109138","NA","26086","NA","16799","16795","5935","16795","4758571","4679467","NA","4700271","NA","4653283","4738720","NA","4752393","4750666","4750659","4904973","4904969","4653281","4905651","5934","4394263","4633371","4632251","4632803","NA","4303492","4635933","26086","NA","NA","4634265","4637293","116646","NA","116649","NA","127550","238523","4630103","238513","4751522","4699402","4630126","4630796","4636187","4636186","4630104","4758571","4636478","4636478","4905691","NA","4758571","5935","4750666","4752297","4752264","7993","4738720","NA","NA","7994","4636464","4393755","4632757","5935","NA","5935","4653281","4653281","4738720","16795","4637307","5935","NA","NA","NA","8005","4904973","4631064","4627017","4631640","4632251","4632757","4633509","4634013","4634634","4635518","4626241","Norway Session 6","95","125716","102","0","0","yes","143","","1024","brett","Harry","","","320","wetted","355","fi","250","jewall","315","and","250","fi","250","jestreet","425","too.","285","",""
"NA","NA","93.20388349514563","93.20388349514563","1227.2038834951456","1227.2038834951456","#242424","xpyriment","legacy","legacy","0","uniform","1","undefined","1","1","0","undefined","undefined","1","f","undefined","0","0","0","0","0","0","0","0","0","0","0","NA","0","0","0","1","NA","0","11","11","102","102","0","114","0","431","431","431","431","NA","7","1151","8","0","0","3023","0","0","0","0","0","0","0","431","0","11","11","431","431","431","431","431","3","431","431","547","0","0","0","11","1","11","0","0","3","0","0","431","431","431","0","0","0","0","0","0","0","0","0","NA","NA","0","0","102","431","143","431","431","431","431","431","431","431","143","undefined","256","332","Thu Oct  3 17:47:30 2024","760","The main experiment item","yes","active","Norway_Session_6.osexp","1","C:\Users\Tromso\Desktop\LESS\Session 6","no","no","mono","no","18","no","white","no","Click to confirm or to begin from default part if nothing selected","21736","yes","neuter","active","differential object marking","2","article location violation","103","768","legacy","Mini-English","5","List 1: grammatical, DOM violation, article location violation","102","431","C:/Users/Tromso/Desktop/LESS/Session 6/subject-9.csv","1.2.3","xpyriment","","filler: not part of the study","singular","Lentiform Loewenfeld","3.3.14","0","f","NA","space","NA","space","NA","space","NA","space","j","f","NA","space","c","NA","space","NA","space","3","686","NA","9282","NA","38447","NA","26179","NA","6125","853","686","NA","38715","4627161","NA","10897","NA","110933","268","NA","8789","NA","space","2","legacy","Harry wetted fi jewall and fi jestreet too.","143","Session 6","NA","Gender assignment task","2024-10-03 17:47","1024","2","48000","-16","Session6","Norway","9","odd","word4","42","main","no","NA","109138","NA","26086","NA","16799","16795","5935","16795","4758571","4679467","NA","4700271","NA","4653283","4738720","NA","4752393","4750666","4750659","4905857","4905851","4653281","4906548","5934","4394263","4633371","4632251","4632803","NA","4303492","4635933","26086","NA","NA","4634265","4637293","116646","NA","116649","NA","127550","238523","4630103","238513","4751522","4699402","4630126","4630796","4636187","4636186","4630104","4758571","4636478","4636478","4906588","NA","4758571","5935","4750666","4752297","4752264","7993","4738720","NA","NA","7994","4636464","4393755","4632757","5935","NA","5935","4653281","4653281","4738720","16795","4637307","5935","NA","NA","NA","8005","4905857","4631064","4627017","4631640","4632251","4632757","4633509","4634013","4634634","4635518","4626241","Norway Session 6","96","126402","103","0","0","yes","143","","1024","motiv","Harry","","","320","wetted","355","fi","250","jewall","315","and","250","fi","250","jestreet","425","too.","285","",""
"NA","NA","92.3076923076923","92.3076923076923","1222.0961538461538","1222.0961538461538","#242424","xpyriment","legacy","legacy","0","uniform","0","undefined","1","0","0","undefined","undefined","1","f","undefined","0","0","0","0","0","0","0","0","0","0","0","NA","0","0","0","1","NA","0","11","11","103","103","0","115","0","431","431","431","431","NA","7","1151","8","0","0","3023","0","0","0","0","0","0","0","431","0","11","11","431","431","431","431","431","3","431","431","548","0","0","0","11","1","11","0","0","3","0","0","431","431","431","0","0","0","0","0","0","0","0","0","NA","NA","0","0","103","431","143","431","431","431","431","431","431","431","143","undefined","256","332","Thu Oct  3 17:47:30 2024","760","The main experiment item","yes","active","Norway_Session_6.osexp","1","C:\Users\Tromso\Desktop\LESS\Session 6","no","no","mono","no","18","no","white","no","Click to confirm or to begin from default part if nothing selected","9706","yes","neuter","active","differential object marking","2","article location violation","103","768","legacy","Mini-English","4","List 1: grammatical, DOM violation, article location violation","103","431","C:/Users/Tromso/Desktop/LESS/Session 6/subject-9.csv","1.2.3","xpyriment","","filler: not part of the study","singular","Lentiform Loewenfeld","3.3.14","0","j","NA","space","NA","space","NA","space","NA","space","j","j","NA","space","c","NA","space","NA","space","3","696","NA","9282","NA","38447","NA","26179","NA","6125","853","696","NA","38715","4627161","NA","10897","NA","110933","268","NA","8789","NA","space","2","legacy","Harry wetted fi jewall and fi jestreet too.","143","Session 6","NA","Gender assignment task","2024-10-03 17:47","1024","2","48000","-16","Session6","Norway","9","odd","word4","42","main","no","NA","109138","NA","26086","NA","16799","16795","5935","16795","4758571","4679467","NA","4700271","NA","4653283","4738720","NA","4752393","4750666","4750659","4906751","4906746","4653281","4907451","5934","4394263","4633371","4632251","4632803","NA","4303492","4635933","26086","NA","NA","4634265","4637293","116646","NA","116649","NA","127550","238523","4630103","238513","4751522","4699402","4630126","4630796","4636187","4636186","4630104","4758571","4636478","4636478","4907491","NA","4758571","5935","4750666","4752297","4752264","7993","4738720","NA","NA","7994","4636464","4393755","4632757","5935","NA","5935","4653281","4653281","4738720","16795","4637307","5935","NA","NA","NA","8005","4906751","4631064","4627017","4631640","4632251","4632757","4633509","4634013","4634634","4635518","4626241","Norway Session 6","96","127098","104","0","0","yes","143","","1024","leve","Harry","","","320","wetted","355","fi","250","jewall","315","and","250","fi","250","jestreet","425","too.","285","",""
"NA","NA","92.38095238095238","92.38095238095238","1221.4190476190477","1221.4190476190477","#242424","xpyriment","legacy","legacy","0","uniform","1","undefined","1","1","0","undefined","undefined","1","j","undefined","0","0","0","0","0","0","0","0","0","0","0","NA","0","0","0","1","NA","0","11","11","104","104","0","116","0","431","431","431","431","NA","7","1151","8","0","0","3023","0","0","0","0","0","0","0","431","0","11","11","431","431","431","431","431","3","431","431","549","0","0","0","11","1","11","0","0","3","0","0","431","431","431","0","0","0","0","0","0","0","0","0","NA","NA","0","0","104","431","143","431","431","431","431","431","431","431","143","undefined","256","332","Thu Oct  3 17:47:30 2024","760","The main experiment item","yes","active","Norway_Session_6.osexp","1","C:\Users\Tromso\Desktop\LESS\Session 6","no","no","mono","no","18","no","white","no","Click to confirm or to begin from default part if nothing selected","11248","yes","masculine","active","differential object marking","2","article location violation","103","768","legacy","Mini-English","7","List 1: grammatical, DOM violation, article location violation","104","431","C:/Users/Tromso/Desktop/LESS/Session 6/subject-9.csv","1.2.3","xpyriment","","filler: not part of the study","singular","Lentiform Loewenfeld","3.3.14","0","j","NA","space","NA","space","NA","space","NA","space","j","j","NA","space","c","NA","space","NA","space","3","1151","NA","9282","NA","38447","NA","26179","NA","6125","853","1151","NA","38715","4627161","NA","10897","NA","110933","268","NA","8789","NA","space","2","legacy","Harry wetted fi jewall and fi jestreet too.","143","Session 6","NA","Gender assignment task","2024-10-03 17:47","1024","2","48000","-16","Session6","Norway","9","odd","word4","42","main","no","NA","109138","NA","26086","NA","16799","16795","5935","16795","4758571","4679467","NA","4700271","NA","4653283","4738720","NA","4752393","4750666","4750659","4907656","4907651","4653281","4908811","5934","4394263","4633371","4632251","4632803","NA","4303492","4635933","26086","NA","NA","4634265","4637293","116646","NA","116649","NA","127550","238523","4630103","238513","4751522","4699402","4630126","4630796","4636187","4636186","4630104","4758571","4636478","4636478","4908851","NA","4758571","5935","4750666","4752297","4752264","7993","4738720","NA","NA","7994","4636464","4393755","4632757","5935","NA","5935","4653281","4653281","4738720","16795","4637307","5935","NA","NA","NA","8005","4907656","4631064","4627017","4631640","4632251","4632757","4633509","4634013","4634634","4635518","4626241","Norway Session 6","97","128249","105","0","0","yes","143","","1024","halvdel","Harry","","","320","wetted","355","fi","250","jewall","315","and","250","fi","250","jestreet","425","too.","285","",""
"NA","NA","92.45283018867924","92.45283018867924","1217.8962264150944","1217.8962264150944","#242424","xpyriment","legacy","legacy","0","uniform","1","undefined","1","1","0","undefined","undefined","1","j","undefined","0","0","0","0","0","0","0","0","0","0","0","NA","0","0","0","1","NA","0","11","11","105","105","0","117","0","431","431","431","431","NA","7","1151","8","0","0","3023","0","0","0","0","0","0","0","431","0","11","11","431","431","431","431","431","3","431","431","550","0","0","0","11","1","11","0","0","3","0","0","431","431","431","0","0","0","0","0","0","0","0","0","NA","NA","0","0","105","431","143","431","431","431","431","431","431","431","143","undefined","256","332","Thu Oct  3 17:47:30 2024","760","The main experiment item","yes","active","Norway_Session_6.osexp","1","C:\Users\Tromso\Desktop\LESS\Session 6","no","no","mono","no","18","no","white","no","Click to confirm or to begin from default part if nothing selected","15638","yes","masculine","active","differential object marking","2","article location violation","103","768","legacy","Mini-English","6","List 1: grammatical, DOM violation, article location violation","105","431","C:/Users/Tromso/Desktop/LESS/Session 6/subject-9.csv","1.2.3","xpyriment","","filler: not part of the study","singular","Lentiform Loewenfeld","3.3.14","0","j","NA","space","NA","space","NA","space","NA","space","j","j","NA","space","c","NA","space","NA","space","3","848","NA","9282","NA","38447","NA","26179","NA","6125","853","848","NA","38715","4627161","NA","10897","NA","110933","268","NA","8789","NA","space","2","legacy","Harry wetted fi jewall and fi jestreet too.","143","Session 6","NA","Gender assignment task","2024-10-03 17:47","1024","2","48000","-16","Session6","Norway","9","odd","word4","42","main","no","NA","109138","NA","26086","NA","16799","16795","5935","16795","4758571","4679467","NA","4700271","NA","4653283","4738720","NA","4752393","4750666","4750659","4909015","4909010","4653281","4909868","5934","4394263","4633371","4632251","4632803","NA","4303492","4635933","26086","NA","NA","4634265","4637293","116646","NA","116649","NA","127550","238523","4630103","238513","4751522","4699402","4630126","4630796","4636187","4636186","4630104","4758571","4636478","4636478","4909908","NA","4758571","5935","4750666","4752297","4752264","7993","4738720","NA","NA","7994","4636464","4393755","4632757","5935","NA","5935","4653281","4653281","4738720","16795","4637307","5935","NA","NA","NA","8005","4909014","4631064","4627017","4631640","4632251","4632757","4633509","4634013","4634634","4635518","4626241","Norway Session 6","98","129097","106","0","0","yes","143","","1024","rekord","Harry","","","320","wetted","355","fi","250","jewall","315","and","250","fi","250","jestreet","425","too.","285","",""
"NA","NA","91.58878504672897","91.58878504672897","1222.7102803738317","1222.7102803738317","#242424","xpyriment","legacy","legacy","0","uniform","0","undefined","1","0","0","undefined","undefined","1","j","undefined","0","0","0","0","0","0","0","0","0","0","0","NA","0","0","0","1","NA","0","11","11","106","106","0","118","0","431","431","431","431","NA","7","1151","8","0","0","3023","0","0","0","0","0","0","0","431","0","11","11","431","431","431","431","431","3","431","431","551","0","0","0","11","1","11","0","0","3","0","0","431","431","431","0","0","0","0","0","0","0","0","0","NA","NA","0","0","106","431","143","431","431","431","431","431","431","431","143","undefined","256","332","Thu Oct  3 17:47:30 2024","760","The main experiment item","yes","active","Norway_Session_6.osexp","1","C:\Users\Tromso\Desktop\LESS\Session 6","no","no","mono","no","18","no","white","no","Click to confirm or to begin from default part if nothing selected","6309","yes","feminine","active","differential object marking","2","article location violation","103","768","legacy","Mini-English","3","List 1: grammatical, DOM violation, article location violation","106","431","C:/Users/Tromso/Desktop/LESS/Session 6/subject-9.csv","1.2.3","xpyriment","","filler: not part of the study","singular","Lentiform Loewenfeld","3.3.14","0","f","NA","space","NA","space","NA","space","NA","space","j","f","NA","space","c","NA","space","NA","space","3","1733","NA","9282","NA","38447","NA","26179","NA","6125","853","1733","NA","38715","4627161","NA","10897","NA","110933","268","NA","8789","NA","space","2","legacy","Harry wetted fi jewall and fi jestreet too.","143","Session 6","NA","Gender assignment task","2024-10-03 17:47","1024","2","48000","-16","Session6","Norway","9","odd","word4","42","main","no","NA","109138","NA","26086","NA","16799","16795","5935","16795","4758571","4679467","NA","4700271","NA","4653283","4738720","NA","4752393","4750666","4750659","4910073","4910069","4653281","4911811","5934","4394263","4633371","4632251","4632803","NA","4303492","4635933","26086","NA","NA","4634265","4637293","116646","NA","116649","NA","127550","238523","4630103","238513","4751522","4699402","4630126","4630796","4636187","4636186","4630104","4758571","4636478","4636478","4911851","NA","4758571","5935","4750666","4752297","4752264","7993","4738720","NA","NA","7994","4636464","4393755","4632757","5935","NA","5935","4653281","4653281","4738720","16795","4637307","5935","NA","NA","NA","8005","4910073","4631064","4627017","4631640","4632251","4632757","4633509","4634013","4634634","4635518","4626241","Norway Session 6","98","130830","107","0","0","yes","143","","1024","slå","Harry","","","320","wetted","355","fi","250","jewall","315","and","250","fi","250","jestreet","425","too.","285","",""
"NA","NA","91.66666666666667","91.66666666666667","1218.6944444444443","1218.6944444444443","#242424","xpyriment","legacy","legacy","0","uniform","1","undefined","1","1","0","undefined","undefined","1","f","undefined","0","0","0","0","0","0","0","0","0","0","0","NA","0","0","0","1","NA","0","11","11","107","107","0","119","0","431","431","431","431","NA","7","1151","8","0","0","3023","0","0","0","0","0","0","0","431","0","11","11","431","431","431","431","431","3","431","431","552","0","0","0","11","1","11","0","0","3","0","0","431","431","431","0","0","0","0","0","0","0","0","0","NA","NA","0","0","107","431","143","431","431","431","431","431","431","431","143","undefined","256","332","Thu Oct  3 17:47:30 2024","760","The main experiment item","yes","active","Norway_Session_6.osexp","1","C:\Users\Tromso\Desktop\LESS\Session 6","no","no","mono","no","18","no","white","no","Click to confirm or to begin from default part if nothing selected","24088","yes","neuter","active","differential object marking","2","article location violation","103","768","legacy","Mini-English","5","List 1: grammatical, DOM violation, article location violation","107","431","C:/Users/Tromso/Desktop/LESS/Session 6/subject-9.csv","1.2.3","xpyriment","","filler: not part of the study","singular","Lentiform Loewenfeld","3.3.14","0","f","NA","space","NA","space","NA","space","NA","space","j","f","NA","space","c","NA","space","NA","space","3","789","NA","9282","NA","38447","NA","26179","NA","6125","853","789","NA","38715","4627161","NA","10897","NA","110933","268","NA","8789","NA","space","2","legacy","Harry wetted fi jewall and fi jestreet too.","143","Session 6","NA","Gender assignment task","2024-10-03 17:47","1024","2","48000","-16","Session6","Norway","9","odd","word4","42","main","no","NA","109138","NA","26086","NA","16799","16795","5935","16795","4758571","4679467","NA","4700271","NA","4653283","4738720","NA","4752393","4750666","4750659","4912018","4912013","4653281","4912811","5934","4394263","4633371","4632251","4632803","NA","4303492","4635933","26086","NA","NA","4634265","4637293","116646","NA","116649","NA","127550","238523","4630103","238513","4751522","4699402","4630126","4630796","4636187","4636186","4630104","4758571","4636478","4636478","4912851","NA","4758571","5935","4750666","4752297","4752264","7993","4738720","NA","NA","7994","4636464","4393755","4632757","5935","NA","5935","4653281","4653281","4738720","16795","4637307","5935","NA","NA","NA","8005","4912018","4631064","4627017","4631640","4632251","4632757","4633509","4634013","4634634","4635518","4626241","Norway Session 6","99","131619","108","0","0","yes","143","","1024","klima","Harry","","","320","wetted","355","fi","250","jewall","315","and","250","fi","250","jestreet","425","too.","285","",""
"NA","NA","91.74311926605505","91.74311926605505","1214.1926605504586","1214.1926605504586","#242424","xpyriment","legacy","legacy","0","uniform","1","undefined","1","1","0","undefined","undefined","1","f","undefined","0","0","0","0","0","0","0","0","0","0","0","NA","0","0","0","1","NA","0","11","11","108","108","0","120","0","431","431","431","431","NA","7","1151","8","0","0","3023","0","0","0","0","0","0","0","431","0","11","11","431","431","431","431","431","3","431","431","553","0","0","0","11","1","11","0","0","3","0","0","431","431","431","0","0","0","0","0","0","0","0","0","NA","NA","0","0","108","431","143","431","431","431","431","431","431","431","143","undefined","256","332","Thu Oct  3 17:47:30 2024","760","The main experiment item","yes","active","Norway_Session_6.osexp","1","C:\Users\Tromso\Desktop\LESS\Session 6","no","no","mono","no","18","no","white","no","Click to confirm or to begin from default part if nothing selected","24466","yes","neuter","active","differential object marking","2","article location violation","103","768","legacy","Mini-English","8","List 1: grammatical, DOM violation, article location violation","108","431","C:/Users/Tromso/Desktop/LESS/Session 6/subject-9.csv","1.2.3","xpyriment","","filler: not part of the study","singular","Lentiform Loewenfeld","3.3.14","0","f","NA","space","NA","space","NA","space","NA","space","j","f","NA","space","c","NA","space","NA","space","3","728","NA","9282","NA","38447","NA","26179","NA","6125","853","728","NA","38715","4627161","NA","10897","NA","110933","268","NA","8789","NA","space","2","legacy","Harry wetted fi jewall and fi jestreet too.","143","Session 6","NA","Gender assignment task","2024-10-03 17:47","1024","2","48000","-16","Session6","Norway","9","odd","word4","42","main","no","NA","109138","NA","26086","NA","16799","16795","5935","16795","4758571","4679467","NA","4700271","NA","4653283","4738720","NA","4752393","4750666","4750659","4913015","4913010","4653281","4913747","5934","4394263","4633371","4632251","4632803","NA","4303492","4635933","26086","NA","NA","4634265","4637293","116646","NA","116649","NA","127550","238523","4630103","238513","4751522","4699402","4630126","4630796","4636187","4636186","4630104","4758571","4636478","4636478","4913787","NA","4758571","5935","4750666","4752297","4752264","7993","4738720","NA","NA","7994","4636464","4393755","4632757","5935","NA","5935","4653281","4653281","4738720","16795","4637307","5935","NA","NA","NA","8005","4913015","4631064","4627017","4631640","4632251","4632757","4633509","4634013","4634634","4635518","4626241","Norway Session 6","100","132347","109","0","0","yes","143","","1024","foredrag","Harry","","","320","wetted","355","fi","250","jewall","315","and","250","fi","250","jestreet","425","too.","285","",""
"NA","NA","91.81818181818181","91.81818181818181","1214.3272727272727","1214.3272727272727","#242424","xpyriment","legacy","legacy","0","uniform","1","undefined","1","1","0","undefined","undefined","1","j","undefined","0","0","0","0","0","0","0","0","0","0","0","NA","0","0","0","1","NA","0","11","11","109","109","0","121","0","431","431","431","431","NA","7","1151","8","0","0","3023","0","0","0","0","0","0","0","431","0","11","11","431","431","431","431","431","3","431","431","554","0","0","0","11","1","11","0","0","3","0","0","431","431","431","0","0","0","0","0","0","0","0","0","NA","NA","0","0","109","431","143","431","431","431","431","431","431","431","143","undefined","256","332","Thu Oct  3 17:47:30 2024","760","The main experiment item","yes","active","Norway_Session_6.osexp","1","C:\Users\Tromso\Desktop\LESS\Session 6","no","no","mono","no","18","no","white","no","Click to confirm or to begin from default part if nothing selected","7662","yes","masculine","active","differential object marking","2","article location violation","103","768","legacy","Mini-English","3","List 1: grammatical, DOM violation, article location violation","109","431","C:/Users/Tromso/Desktop/LESS/Session 6/subject-9.csv","1.2.3","xpyriment","","filler: not part of the study","singular","Lentiform Loewenfeld","3.3.14","0","j","NA","space","NA","space","NA","space","NA","space","j","j","NA","space","c","NA","space","NA","space","3","1229","NA","9282","NA","38447","NA","26179","NA","6125","853","1229","NA","38715","4627161","NA","10897","NA","110933","268","NA","8789","NA","space","2","legacy","Harry wetted fi jewall and fi jestreet too.","143","Session 6","NA","Gender assignment task","2024-10-03 17:47","1024","2","48000","-16","Session6","Norway","9","odd","word4","42","main","no","NA","109138","NA","26086","NA","16799","16795","5935","16795","4758571","4679467","NA","4700271","NA","4653283","4738720","NA","4752393","4750666","4750659","4913954","4913949","4653281","4915187","5934","4394263","4633371","4632251","4632803","NA","4303492","4635933","26086","NA","NA","4634265","4637293","116646","NA","116649","NA","127550","238523","4630103","238513","4751522","4699402","4630126","4630796","4636187","4636186","4630104","4758571","4636478","4636478","4915227","NA","4758571","5935","4750666","4752297","4752264","7993","4738720","NA","NA","7994","4636464","4393755","4632757","5935","NA","5935","4653281","4653281","4738720","16795","4637307","5935","NA","NA","NA","8005","4913954","4631064","4627017","4631640","4632251","4632757","4633509","4634013","4634634","4635518","4626241","Norway Session 6","101","133576","110","0","0","yes","143","","1024","odd","Harry","","","320","wetted","355","fi","250","jewall","315","and","250","fi","250","jestreet","425","too.","285","",""
"NA","NA","91.89189189189189","91.89189189189189","1217.7297297297298","1217.7297297297298","#242424","xpyriment","legacy","legacy","0","uniform","1","undefined","1","1","0","undefined","undefined","1","j","undefined","0","0","0","0","0","0","0","0","0","0","0","NA","0","0","0","1","NA","0","11","11","110","110","0","122","0","431","431","431","431","NA","7","1151","8","0","0","3023","0","0","0","0","0","0","0","431","0","11","11","431","431","431","431","431","3","431","431","555","0","0","0","11","1","11","0","0","3","0","0","431","431","431","0","0","0","0","0","0","0","0","0","NA","NA","0","0","110","431","143","431","431","431","431","431","431","431","143","undefined","256","332","Thu Oct  3 17:47:30 2024","760","The main experiment item","yes","active","Norway_Session_6.osexp","1","C:\Users\Tromso\Desktop\LESS\Session 6","no","no","mono","no","18","no","white","no","Click to confirm or to begin from default part if nothing selected","4658","yes","masculine","active","differential object marking","2","article location violation","103","768","legacy","Mini-English","7","List 1: grammatical, DOM violation, article location violation","110","431","C:/Users/Tromso/Desktop/LESS/Session 6/subject-9.csv","1.2.3","xpyriment","","part of the study","singular","Lentiform Loewenfeld","3.3.14","0","j","NA","space","NA","space","NA","space","NA","space","j","j","NA","space","c","NA","space","NA","space","3","1592","NA","9282","NA","38447","NA","26179","NA","6125","853","1592","NA","38715","4627161","NA","10897","NA","110933","268","NA","8789","NA","space","2","legacy","Harry wetted fi jewall and fi jestreet too.","143","Session 6","NA","Gender assignment task","2024-10-03 17:47","1024","2","48000","-16","Session6","Norway","9","odd","word4","42","main","no","NA","109138","NA","26086","NA","16799","16795","5935","16795","4758571","4679467","NA","4700271","NA","4653283","4738720","NA","4752393","4750666","4750659","4915391","4915385","4653281","4916987","5934","4394263","4633371","4632251","4632803","NA","4303492","4635933","26086","NA","NA","4634265","4637293","116646","NA","116649","NA","127550","238523","4630103","238513","4751522","4699402","4630126","4630796","4636187","4636186","4630104","4758571","4636478","4636478","4917027","NA","4758571","5935","4750666","4752297","4752264","7993","4738720","NA","NA","7994","4636464","4393755","4632757","5935","NA","5935","4653281","4653281","4738720","16795","4637307","5935","NA","NA","NA","8005","4915391","4631064","4627017","4631640","4632251","4632757","4633509","4634013","4634634","4635518","4626241","Norway Session 6","102","135168","111","0","0","yes","143","","1024","koffert","Harry","","","320","wetted","355","fi","250","jewall","315","and","250","fi","250","jestreet","425","too.","285","",""
"NA","NA","91.96428571428571","91.96428571428571","1214.6517857142858","1214.6517857142858","#242424","xpyriment","legacy","legacy","0","uniform","1","undefined","1","1","0","undefined","undefined","1","f","undefined","0","0","0","0","0","0","0","0","0","0","0","NA","0","0","0","1","NA","0","11","11","111","111","0","123","0","431","431","431","431","NA","7","1151","8","0","0","3023","0","0","0","0","0","0","0","431","0","11","11","431","431","431","431","431","3","431","431","556","0","0","0","11","1","11","0","0","3","0","0","431","431","431","0","0","0","0","0","0","0","0","0","NA","NA","0","0","111","431","143","431","431","431","431","431","431","431","143","undefined","256","332","Thu Oct  3 17:47:30 2024","760","The main experiment item","yes","active","Norway_Session_6.osexp","1","C:\Users\Tromso\Desktop\LESS\Session 6","no","no","mono","no","18","no","white","no","Click to confirm or to begin from default part if nothing selected","7659","yes","neuter","active","differential object marking","2","article location violation","103","768","legacy","Mini-English","7","List 1: grammatical, DOM violation, article location violation","111","431","C:/Users/Tromso/Desktop/LESS/Session 6/subject-9.csv","1.2.3","xpyriment","","filler: not part of the study","singular","Lentiform Loewenfeld","3.3.14","0","f","NA","space","NA","space","NA","space","NA","space","j","f","NA","space","c","NA","space","NA","space","3","873","NA","9282","NA","38447","NA","26179","NA","6125","853","873","NA","38715","4627161","NA","10897","NA","110933","268","NA","8789","NA","space","2","legacy","Harry wetted fi jewall and fi jestreet too.","143","Session 6","NA","Gender assignment task","2024-10-03 17:47","1024","2","48000","-16","Session6","Norway","9","odd","word4","42","main","no","NA","109138","NA","26086","NA","16799","16795","5935","16795","4758571","4679467","NA","4700271","NA","4653283","4738720","NA","4752393","4750666","4750659","4917190","4917186","4653281","4918067","5934","4394263","4633371","4632251","4632803","NA","4303492","4635933","26086","NA","NA","4634265","4637293","116646","NA","116649","NA","127550","238523","4630103","238513","4751522","4699402","4630126","4630796","4636187","4636186","4630104","4758571","4636478","4636478","4918107","NA","4758571","5935","4750666","4752297","4752264","7993","4738720","NA","NA","7994","4636464","4393755","4632757","5935","NA","5935","4653281","4653281","4738720","16795","4637307","5935","NA","NA","NA","8005","4917190","4631064","4627017","4631640","4632251","4632757","4633509","4634013","4634634","4635518","4626241","Norway Session 6","103","136041","112","0","0","yes","143","","1024","skoleår","Harry","","","320","wetted","355","fi","250","jewall","315","and","250","fi","250","jestreet","425","too.","285","",""
"NA","NA","92.03539823008849","92.03539823008849","1212.8141592920354","1212.8141592920354","#242424","xpyriment","legacy","legacy","0","uniform","1","undefined","1","1","0","undefined","undefined","1","j","undefined","0","0","0","0","0","0","0","0","0","0","0","NA","0","0","0","1","NA","0","11","11","112","112","0","124","0","431","431","431","431","NA","7","1151","8","0","0","3023","0","0","0","0","0","0","0","431","0","11","11","431","431","431","431","431","3","431","431","557","0","0","0","11","1","11","0","0","3","0","0","431","431","431","0","0","0","0","0","0","0","0","0","NA","NA","0","0","112","431","143","431","431","431","431","431","431","431","143","undefined","256","332","Thu Oct  3 17:47:30 2024","760","The main experiment item","yes","active","Norway_Session_6.osexp","1","C:\Users\Tromso\Desktop\LESS\Session 6","no","no","mono","no","18","no","white","no","Click to confirm or to begin from default part if nothing selected","1911","yes","masculine","active","differential object marking","2","article location violation","103","768","legacy","Mini-English","8","List 1: grammatical, DOM violation, article location violation","112","431","C:/Users/Tromso/Desktop/LESS/Session 6/subject-9.csv","1.2.3","xpyriment","","part of the study","singular","Lentiform Loewenfeld","3.3.14","0","j","NA","space","NA","space","NA","space","NA","space","j","j","NA","space","c","NA","space","NA","space","3","1007","NA","9282","NA","38447","NA","26179","NA","6125","853","1007","NA","38715","4627161","NA","10897","NA","110933","268","NA","8789","NA","space","2","legacy","Harry wetted fi jewall and fi jestreet too.","143","Session 6","NA","Gender assignment task","2024-10-03 17:47","1024","2","48000","-16","Session6","Norway","9","odd","word4","42","main","no","NA","109138","NA","26086","NA","16799","16795","5935","16795","4758571","4679467","NA","4700271","NA","4653283","4738720","NA","4752393","4750666","4750659","4918271","4918266","4653281","4919282","5934","4394263","4633371","4632251","4632803","NA","4303492","4635933","26086","NA","NA","4634265","4637293","116646","NA","116649","NA","127550","238523","4630103","238513","4751522","4699402","4630126","4630796","4636187","4636186","4630104","4758571","4636478","4636478","4919322","NA","4758571","5935","4750666","4752297","4752264","7993","4738720","NA","NA","7994","4636464","4393755","4632757","5935","NA","5935","4653281","4653281","4738720","16795","4637307","5935","NA","NA","NA","8005","4918271","4631064","4627017","4631640","4632251","4632757","4633509","4634013","4634634","4635518","4626241","Norway Session 6","104","137048","113","0","0","yes","143","","1024","ryggsekk","Harry","","","320","wetted","355","fi","250","jewall","315","and","250","fi","250","jestreet","425","too.","285","",""
"NA","NA","91.2280701754386","91.2280701754386","1219.2631578947369","1219.2631578947369","#242424","xpyriment","legacy","legacy","0","uniform","0","undefined","1","0","0","undefined","undefined","1","j","undefined","0","0","0","0","0","0","0","0","0","0","0","NA","0","0","0","1","NA","0","11","11","113","113","0","125","0","431","431","431","431","NA","7","1151","8","0","0","3023","0","0","0","0","0","0","0","431","0","11","11","431","431","431","431","431","3","431","431","558","0","0","0","11","1","11","0","0","3","0","0","431","431","431","0","0","0","0","0","0","0","0","0","NA","NA","0","0","113","431","143","431","431","431","431","431","431","431","143","undefined","256","332","Thu Oct  3 17:47:30 2024","760","The main experiment item","yes","active","Norway_Session_6.osexp","1","C:\Users\Tromso\Desktop\LESS\Session 6","no","no","mono","no","18","no","white","no","Click to confirm or to begin from default part if nothing selected","5272","yes","feminine","active","differential object marking","2","article location violation","103","768","legacy","Mini-English","6","List 1: grammatical, DOM violation, article location violation","113","431","C:/Users/Tromso/Desktop/LESS/Session 6/subject-9.csv","1.2.3","xpyriment","","filler: not part of the study","singular","Lentiform Loewenfeld","3.3.14","0","f","NA","space","NA","space","NA","space","NA","space","j","f","NA","space","c","NA","space","NA","space","3","1948","NA","9282","NA","38447","NA","26179","NA","6125","853","1948","NA","38715","4627161","NA","10897","NA","110933","268","NA","8789","NA","space","2","legacy","Harry wetted fi jewall and fi jestreet too.","143","Session 6","NA","Gender assignment task","2024-10-03 17:47","1024","2","48000","-16","Session6","Norway","9","odd","word4","42","main","no","NA","109138","NA","26086","NA","16799","16795","5935","16795","4758571","4679467","NA","4700271","NA","4653283","4738720","NA","4752393","4750666","4750659","4919483","4919478","4653281","4921435","5934","4394263","4633371","4632251","4632803","NA","4303492","4635933","26086","NA","NA","4634265","4637293","116646","NA","116649","NA","127550","238523","4630103","238513","4751522","4699402","4630126","4630796","4636187","4636186","4630104","4758571","4636478","4636478","4921475","NA","4758571","5935","4750666","4752297","4752264","7993","4738720","NA","NA","7994","4636464","4393755","4632757","5935","NA","5935","4653281","4653281","4738720","16795","4637307","5935","NA","NA","NA","8005","4919483","4631064","4627017","4631640","4632251","4632757","4633509","4634013","4634634","4635518","4626241","Norway Session 6","104","138996","114","0","0","yes","143","","1024","during","Harry","","","320","wetted","355","fi","250","jewall","315","and","250","fi","250","jestreet","425","too.","285","",""
"NA","NA","91.2280701754386","91.2280701754386","1219.2631578947369","1219.2631578947369","#242424","xpyriment","legacy","legacy","0","uniform","0","undefined","1","0","0","undefined","undefined","1","j","undefined","0","0","0","0","0","0","0","0","0","0","0","NA","0","0","0","1","NA","0","11","11","113","113","0","125","0","431","431","431","431","NA","7","1151","8","0","0","3023","0","0","0","0","0","0","0","431","0","11","11","431","431","431","431","431","3","431","431","558","0","0","0","11","1","11","0","0","3","0","0","431","431","431","0","0","0","0","0","0","0","0","0","NA","NA","0","0","113","431","143","431","431","431","431","431","431","431","143","undefined","256","332","Thu Oct  3 17:47:30 2024","760","The main experiment item","yes","active","Norway_Session_6.osexp","1","C:\Users\Tromso\Desktop\LESS\Session 6","no","no","mono","no","18","no","white","no","Click to confirm or to begin from default part if nothing selected","5272","yes","feminine","active","differential object marking","2","article location violation","103","768","legacy","Mini-English","6","List 1: grammatical, DOM violation, article location violation","113","431","C:/Users/Tromso/Desktop/LESS/Session 6/subject-9.csv","1.2.3","xpyriment","","filler: not part of the study","singular","Lentiform Loewenfeld","3.3.14","0","f","NA","space","NA","space","NA","space","NA","space","j","f","NA","space","c","NA","space","NA","space","3","1948","NA","9282","NA","38447","NA","26179","NA","6125","853","1948","NA","38715","4627161","NA","10897","NA","110933","268","NA","8789","NA","space","2","legacy","Harry wetted fi jewall and fi jestreet too.","143","Session 6","2024-10-03 19:09","Gender assignment task","2024-10-03 17:47","1024","2","48000","-16","Session6","Norway","9","odd","word4","42","main","no","NA","109138","NA","26086","NA","16799","16795","5935","16795","4758571","4679467","NA","4700271","NA","4653283","4738720","NA","4752393","4750666","4750659","4919483","4919478","4653281","4921435","5934","4394263","4633371","4632251","4632803","NA","4303492","4635933","26086","NA","NA","4634265","4637293","116646","NA","116649","NA","127550","238523","4630103","238513","4751522","4699402","4630126","4630796","4636187","4636186","4630104","4758571","4636478","4636478","4921555","NA","4758571","5935","4750666","4752297","4752264","7993","4738720","NA","NA","7994","4636464","4393755","4632757","5935","4921555","5935","4653281","4653281","4738720","16795","4637307","5935","NA","NA","NA","8005","4919483","4631064","4627017","4631640","4632251","4632757","4633509","4634013","4634634","4635518","4626241","Norway Session 6","104","138996","114","0","0","yes","143","","1024","during","Harry","","","320","wetted","355","fi","250","jewall","315","and","250","fi","250","jestreet","425","too.","285","",""
